Threshold low: 38 Threshold high104
  IoU       Prec.        Rec.          F1   ang. err.  a. e. std.      F. Neg      F. Pos      T. Pos
  0.5    0.926531    0.354687    0.512994     1.51872     2.31394         413          18         227
 0.55    0.914286        0.35    0.506215     1.37414     1.95303         416          21         224
  0.6    0.902041    0.345313    0.499435     1.24868     1.55498         419          24         221
 0.65    0.902041    0.345313    0.499435     1.24868     1.55498         419          24         221
  0.7    0.889796    0.340625    0.492655     1.17933     1.34977         422          27         218
 0.75    0.861224    0.329688    0.476836     1.10543     1.20165         429          34         211
  0.8    0.767347     0.29375    0.424859    0.994391    0.979313         452          57         188
 0.85    0.579592    0.221875    0.320904     0.89122     0.77319         498         103         142
  0.9    0.306122    0.117188    0.169492    0.738637    0.610397         565         170          75
 0.95   0.0489796     0.01875   0.0271186    0.692567    0.654557         628         233          12
  Avg    0.709796    0.271719    0.392994          --          --          --          --          --
Time: 1478.78
Threshold low: 38 Threshold high116
  IoU       Prec.        Rec.          F1   ang. err.  a. e. std.      F. Neg      F. Pos      T. Pos
  0.5    0.905109      0.3875     0.54267     1.63911     4.18724         392          26         248
 0.55     0.89781    0.384375    0.538293     1.36516     1.80617         394          28         246
  0.6    0.890511     0.38125    0.533917     1.31513     1.72556         396          30         244
 0.65    0.886861    0.379688    0.531729     1.24659     1.35776         397          31         243
  0.7    0.879562    0.376563    0.527352     1.23008     1.34499         399          33         241
 0.75    0.850365    0.364063    0.509847     1.17891     1.25515         407          41         233
  0.8    0.755474    0.323437    0.452954     1.04116     0.97022         433          67         207
 0.85    0.580292    0.248438    0.347921    0.958939    0.861255         481         115         159
  0.9     0.30292    0.129688    0.181619    0.773683    0.636445         557         191          83
 0.95   0.0620438   0.0265625   0.0371991    0.756682    0.635063         623         257          17
  Avg    0.701095    0.300156     0.42035          --          --          --          --          --
Time: 1263.69
Threshold low: 38 Threshold high128
  IoU       Prec.        Rec.          F1   ang. err.  a. e. std.      F. Neg      F. Pos      T. Pos
  0.5    0.919708     0.39375    0.551422     1.69358     4.20434         388          22         252
 0.55    0.912409    0.390625    0.547046     1.42445     1.91466         390          24         250
  0.6     0.90146    0.385937    0.540481     1.34251     1.77071         393          27         247
 0.65     0.89781    0.384375    0.538293     1.27492     1.42113         394          28         246
  0.7    0.875912       0.375    0.525164     1.22665     1.33197         400          34         240
 0.75    0.846715      0.3625    0.507659     1.17184     1.24113         408          42         232
  0.8    0.755474    0.323437    0.452954      1.0288    0.941179         433          67         207
 0.85    0.587591    0.251563    0.352298    0.951654    0.865548         479         113         161
  0.9     0.30292    0.129688    0.181619    0.743338    0.627199         557         191          83
 0.95   0.0510949    0.021875   0.0306346     0.87643    0.637182         626         260          14
  Avg    0.705109    0.301875    0.422757          --          --          --          --          --
Time: 1301.58
Threshold low: 38 Threshold high141
  IoU       Prec.        Rec.          F1   ang. err.  a. e. std.      F. Neg      F. Pos      T. Pos
  0.5    0.977099         0.4    0.567627     1.45049     2.00361         384           6         256
 0.55    0.973282    0.398438     0.56541      1.4159     1.92974         385           7         255
  0.6    0.958015    0.392188    0.556541     1.30005     1.70286         389          11         251
 0.65    0.950382    0.389062    0.552106     1.20816     1.28201         391          13         249
  0.7    0.927481    0.379688    0.538803      1.1595     1.18113         397          19         243
 0.75     0.90458    0.370312    0.525499      1.1445     1.17855         403          25         237
  0.8    0.805344    0.329688    0.467849     1.01706    0.922153         429          51         211
 0.85    0.618321    0.253125    0.359202    0.925996    0.818022         478         100         162
  0.9    0.332061    0.135937    0.192905    0.754126    0.633031         553         175          87
 0.95   0.0610687       0.025   0.0354767    0.876251    0.606283         624         246          16
  Avg    0.750763    0.307344    0.436142          --          --          --          --          --
Time: 1135.17
Threshold low: 38 Threshold high153
  IoU       Prec.        Rec.          F1   ang. err.  a. e. std.      F. Neg      F. Pos      T. Pos
  0.5    0.981752    0.420312    0.588621     1.49954     2.02262         371           5         269
 0.55    0.978102     0.41875    0.586433     1.46681       1.954         372           6         268
  0.6    0.963504      0.4125    0.577681     1.35744     1.74584         376          10         264
 0.65    0.952555    0.407813    0.571116     1.25631     1.34257         379          13         261
  0.7    0.937956    0.401562    0.562363     1.23003     1.30254         383          17         257
 0.75    0.908759    0.389062    0.544858     1.18159     1.22455         391          25         249
  0.8     0.79927    0.342187    0.479212     1.01986    0.899834         421          55         219
 0.85    0.587591    0.251563    0.352298    0.918555    0.771374         479         113         161
  0.9    0.310219    0.132813    0.185996    0.739908    0.580597         555         189          85
 0.95   0.0620438   0.0265625   0.0371991    0.857569    0.586235         623         257          17
  Avg    0.748175    0.320313    0.448578          --          --          --          --          --
Time: 1157.29
Threshold low: 38 Threshold high165
  IoU       Prec.        Rec.          F1   ang. err.  a. e. std.      F. Neg      F. Pos      T. Pos
  0.5    0.978495    0.426563    0.594124     1.50137      1.9468         367           6         273
 0.55    0.971326    0.423438    0.589771     1.45655     1.86819         369           8         271
  0.6    0.960573     0.41875    0.583243     1.38139     1.73338         372          11         268
 0.65    0.949821    0.414063    0.576714     1.28205     1.33509         375          14         265
  0.7      0.9319     0.40625    0.565832     1.25667     1.29834         380          19         260
 0.75    0.899642    0.392188    0.546246     1.20832     1.22423         389          28         251
  0.8    0.781362    0.340625    0.474429     1.05639    0.946889         422          61         218
 0.85    0.580645    0.253125    0.352557    0.974806    0.842325         478         117         162
  0.9    0.304659    0.132813    0.184984    0.752012    0.557884         555         194          85
 0.95   0.0537634   0.0234375   0.0326442    0.894357    0.617334         625         264          15
  Avg    0.741219    0.323125    0.450054          --          --          --          --          --
Time: 1136.72
Threshold low: 38 Threshold high177
  IoU       Prec.        Rec.          F1   ang. err.  a. e. std.      F. Neg      F. Pos      T. Pos
  0.5    0.975524    0.435937    0.602592     1.52325     2.26772         361           7         279
 0.55    0.968531    0.432812    0.598272     1.47955     2.20474         363           9         277
  0.6    0.954545    0.426563    0.589633     1.35011     1.71331         367          13         273
 0.65    0.944056    0.421875    0.583153      1.2657     1.33267         370          16         270
  0.7    0.926573    0.414063    0.572354     1.22551     1.24697         375          21         265
 0.75    0.895105         0.4    0.552916     1.20284     1.23308         384          30         256
  0.8     0.77972    0.348438    0.481641     1.03066    0.885682         417          63         223
 0.85    0.590909    0.264062    0.365011    0.925521    0.738701         471         117         169
  0.9    0.321678     0.14375    0.198704    0.709308    0.547788         548         194          92
 0.95   0.0594406   0.0265625   0.0367171    0.863377    0.596379         623         269          17
  Avg    0.741608    0.331406    0.458099          --          --          --          --          --
Time: 1194.41
Threshold low: 38 Threshold high190
  IoU       Prec.        Rec.          F1   ang. err.  a. e. std.      F. Neg      F. Pos      T. Pos
  0.5    0.967626    0.420312    0.586057     1.56367     2.44098         371           9         269
 0.55    0.956835    0.415625    0.579521     1.50206     2.37835         374          12         266
  0.6    0.946043    0.410938    0.572985     1.39324     1.95631         377          15         263
 0.65    0.928058    0.403125    0.562092     1.21171     1.22688         382          20         258
  0.7    0.913669    0.396875    0.553377     1.19751     1.21278         386          24         254
 0.75    0.884892    0.384375    0.535948     1.16803     1.19586         394          32         246
  0.8    0.766187    0.332813    0.464052     1.01839    0.867828         427          65         213
 0.85    0.579137    0.251563    0.350763    0.911671    0.700165         479         117         161
  0.9    0.320144    0.139063      0.1939    0.693106    0.532974         551         189          89
 0.95   0.0611511   0.0265625    0.037037    0.733849    0.501864         623         261          17
  Avg    0.732374    0.318125    0.443573          --          --          --          --          --
Time: 1141.87
Threshold low: 51 Threshold high117
  IoU       Prec.        Rec.          F1   ang. err.  a. e. std.      F. Neg      F. Pos      T. Pos
  0.5    0.921147    0.401562    0.559304     1.55424     4.10627         383          22         257
 0.55    0.913978    0.398438    0.554951     1.30012     1.79189         385          24         255
  0.6    0.910394    0.396875    0.552775     1.26046     1.68003         386          25         254
 0.65    0.903226     0.39375    0.548422     1.18008     1.29632         388          27         252
  0.7    0.896057    0.390625     0.54407     1.16364     1.28207         390          29         250
 0.75    0.860215       0.375    0.522307     1.11428     1.18661         400          39         240
  0.8    0.752688    0.328125    0.457018     1.00563    0.947831         430          69         210
 0.85    0.587814     0.25625     0.35691    0.927778    0.884736         476         115         164
  0.9    0.326165    0.142187    0.198041     0.68334      0.5669         549         188          91
 0.95   0.0681004   0.0296875   0.0413493    0.757301    0.596335         621         260          19
  Avg    0.713978     0.31125    0.433515          --          --          --          --          --
Time: 1663.34
Threshold low: 51 Threshold high129
  IoU       Prec.        Rec.          F1   ang. err.  a. e. std.      F. Neg      F. Pos      T. Pos
  0.5    0.942857      0.4125    0.573913     1.37503     1.91127         376          16         264
 0.55    0.939286    0.410938    0.571739      1.3517     1.87701         377          17         263
  0.6    0.932143    0.407813    0.567391     1.28454     1.71893         379          19         261
 0.65       0.925    0.404687    0.563043     1.20651     1.35961         381          21         259
  0.7    0.914286         0.4    0.556522     1.19469     1.34834         384          24         256
 0.75    0.882143    0.385937    0.536957     1.14672     1.26242         393          33         247
  0.8    0.771429      0.3375    0.469565     1.02022    0.960405         424          64         216
 0.85         0.6      0.2625    0.365217    0.944916     0.90056         472         112         168
  0.9    0.321429    0.140625    0.195652    0.707682    0.564699         550         190          90
 0.95   0.0607143   0.0265625   0.0369565    0.865056    0.574423         623         263          17
  Avg    0.728929    0.318906    0.443696          --          --          --          --          --
Time: 1402.1
Threshold low: 51 Threshold high141
  IoU       Prec.        Rec.          F1   ang. err.  a. e. std.      F. Neg      F. Pos      T. Pos
  0.5    0.964158    0.420312    0.585419     1.43709      1.9573         371          10         269
 0.55    0.960573     0.41875    0.583243     1.41443     1.92541         372          11         268
  0.6    0.953405    0.415625     0.57889     1.38469     1.86643         374          13         266
 0.65    0.935484    0.407813    0.568009      1.2905     1.54609         379          18         261
  0.7    0.924731    0.403125     0.56148     1.20598     1.29516         382          21         258
 0.75    0.888889      0.3875    0.539717     1.14629     1.22602         392          31         248
  0.8    0.774194      0.3375    0.470076     1.01333    0.940143         424          63         216
 0.85    0.591398    0.257813    0.359086    0.928865     0.85714         475         114         165
  0.9    0.336918    0.146875     0.20457    0.726594    0.571645         546         185          94
 0.95   0.0681004   0.0296875   0.0413493    0.866107    0.552831         621         260          19
  Avg    0.739785      0.3225    0.449184          --          --          --          --          --
Time: 2093.74
Threshold low: 51 Threshold high154
  IoU       Prec.        Rec.          F1   ang. err.  a. e. std.      F. Neg      F. Pos      T. Pos
  0.5    0.985816    0.434375    0.603037     1.48739     1.99232         362           4         278
 0.55     0.98227    0.432812    0.600868     1.46564     1.96272         363           5         277
  0.6    0.971631    0.428125     0.59436     1.40969      1.8559         366           8         274
 0.65    0.953901    0.420312    0.583514     1.31813     1.53838         371          13         269
  0.7    0.943262    0.415625    0.577007     1.23646       1.296         374          16         266
 0.75    0.904255    0.398438    0.553145     1.15386     1.20594         385          27         255
  0.8    0.787234    0.346875    0.481562      1.0078    0.914258         418          60         222
 0.85    0.585106    0.257813    0.357918    0.909169    0.801379         475         117         165
  0.9    0.340426        0.15    0.208243    0.701746    0.536699         544         186          96
 0.95   0.0638298    0.028125   0.0390456    0.959855    0.553066         622         264          18
  Avg    0.751773     0.33125     0.45987          --          --          --          --          --
Time: 2062.92
Threshold low: 51 Threshold high166
  IoU       Prec.        Rec.          F1   ang. err.  a. e. std.      F. Neg      F. Pos      T. Pos
  0.5     0.99308    0.448437    0.617869     1.48594     1.97578         353           2         287
 0.55    0.982699     0.44375     0.61141     1.43293     1.91362         356           5         284
  0.6    0.979239    0.442188    0.609257     1.40416     1.85466         357           6         283
 0.65    0.961938    0.434375    0.598493     1.31547     1.54793         362          11         278
  0.7    0.948097    0.428125    0.589882     1.20815     1.23205         366          15         274
 0.75    0.913495      0.4125    0.568353     1.15616     1.19602         376          25         264
  0.8    0.792388    0.357812    0.493003     1.03619    0.966551         411          60         229
 0.85    0.595156     0.26875    0.370291    0.949646    0.869519         468         117         172
  0.9    0.342561    0.154688    0.213132    0.688474    0.531603         541         190          99
 0.95   0.0726644   0.0328125   0.0452099    0.787993    0.567022         619         268          21
  Avg    0.758131    0.342344     0.47169          --          --          --          --          --
Time: 1972.58
Threshold low: 51 Threshold high178
  IoU       Prec.        Rec.          F1   ang. err.  a. e. std.      F. Neg      F. Pos      T. Pos
  0.5    0.986159    0.445313    0.613563     1.50562      2.1815         355           4         285
 0.55    0.975779    0.440625    0.607104     1.45245     2.12759         358           7         282
  0.6    0.965398    0.435937    0.600646     1.35624     1.82795         361          10         279
 0.65    0.961938    0.434375    0.598493     1.29586     1.52849         362          11         278
  0.7    0.948097    0.428125    0.589882     1.18826      1.2054         366          15         274
 0.75    0.916955    0.414063    0.570506     1.13684     1.16675         375          24         265
  0.8    0.809689    0.365625    0.503767     1.04051    0.944683         406          55         234
 0.85    0.584775    0.264062    0.363832    0.928596     0.80906         471         120         169
  0.9    0.346021     0.15625    0.215285    0.692309    0.529576         540         189         100
 0.95   0.0761246    0.034375   0.0473628    0.754715    0.574591         618         267          22
  Avg    0.757093    0.341875    0.471044          --          --          --          --          --
Time: 1856.61
Threshold low: 51 Threshold high190
  IoU       Prec.        Rec.          F1   ang. err.  a. e. std.      F. Neg      F. Pos      T. Pos
  0.5    0.975177    0.429688    0.596529      1.5016     2.19616         365           7         275
 0.55    0.964539       0.425    0.590022     1.44643     2.14066         368          10         272
  0.6    0.953901    0.420312    0.583514     1.34657     1.83089         371          13         269
 0.65    0.946809    0.417187    0.579176     1.25678     1.45593         373          15         267
  0.7    0.932624    0.410938    0.570499     1.17493      1.1794         377          19         263
 0.75    0.904255    0.398438    0.553145     1.12545     1.13664         385          27         255
  0.8    0.783688    0.345313    0.479393     1.03209    0.932744         419          61         221
 0.85    0.574468    0.253125     0.35141    0.914786    0.770986         478         120         162
  0.9    0.343972    0.151562    0.210412    0.675532    0.527398         543         185          97
 0.95   0.0744681   0.0328125   0.0455531    0.642426    0.488746         619         261          21
  Avg     0.74539    0.328438    0.455965          --          --          --          --          --
Time: 1908.75
Threshold low: 51 Threshold high203
  IoU       Prec.        Rec.          F1   ang. err.  a. e. std.      F. Neg      F. Pos      T. Pos
  0.5     0.97048    0.410938    0.577387     1.51127     2.25788         377           8         263
 0.55     0.95941     0.40625    0.570801     1.45366     2.20236         380          11         260
  0.6     0.95203    0.403125    0.566411     1.35844     1.89072         382          13         258
 0.65    0.940959    0.398438    0.559824     1.25095     1.50079         385          16         255
  0.7    0.922509    0.390625    0.548847     1.16307     1.22249         390          21         250
 0.75    0.889299    0.376563    0.529089     1.10735     1.17986         399          30         241
  0.8    0.782288     0.33125    0.465423    0.997266    0.909459         428          59         212
 0.85    0.583026    0.246875    0.346872    0.918974    0.803128         482         113         158
  0.9    0.335793    0.142187     0.19978    0.667125     0.55096         549         180          91
 0.95   0.0701107   0.0296875   0.0417124    0.694398    0.531133         621         252          19
  Avg     0.74059    0.313594    0.440615          --          --          --          --          --
Time: 1859.96
Threshold low: 63 Threshold high129
  IoU       Prec.        Rec.          F1   ang. err.  a. e. std.      F. Neg      F. Pos      T. Pos
  0.5    0.927007    0.396875    0.555799     1.41656     1.98565         386          20         254
 0.55    0.927007    0.396875    0.555799     1.41656     1.98565         386          20         254
  0.6    0.927007    0.396875    0.555799     1.41656     1.98565         386          20         254
 0.65    0.912409    0.390625    0.547046     1.27066     1.41989         390          24         250
  0.7    0.894161    0.382813    0.536105      1.1843     1.25279         395          29         245
 0.75    0.846715      0.3625    0.507659      1.1388     1.20732         408          42         232
  0.8    0.744526     0.31875    0.446389     1.01906     1.04311         436          70         204
 0.85    0.594891    0.254688    0.356674    0.885594    0.835919         477         111         163
  0.9    0.343066    0.146875    0.205689    0.742705    0.603322         546         180          94
 0.95   0.0583942       0.025   0.0350109    0.967416    0.654159         624         258          16
  Avg    0.717518    0.307188    0.430197          --          --          --          --          --
Time: 1937.36
Threshold low: 63 Threshold high141
  IoU       Prec.        Rec.          F1   ang. err.  a. e. std.      F. Neg      F. Pos      T. Pos
  0.5    0.940075    0.392188    0.553473     1.46381     2.06717         389          16         251
 0.55    0.940075    0.392188    0.553473     1.46381     2.06717         389          16         251
  0.6    0.940075    0.392188    0.553473     1.46381     2.06717         389          16         251
 0.65    0.925094    0.385937    0.544653      1.3022     1.51413         393          20         247
  0.7    0.902622    0.376563    0.531422      1.1767     1.22005         399          26         241
 0.75    0.865169    0.360938    0.509372     1.13324     1.16932         409          36         231
  0.8      0.7603    0.317188     0.44763    0.998414    0.984332         437          64         203
 0.85     0.59176    0.246875    0.348401    0.858693    0.766541         482         109         158
  0.9    0.355805    0.148438    0.209482    0.740146    0.600499         545         172          95
 0.95   0.0636704   0.0265625   0.0374862    0.978776    0.636254         623         250          17
  Avg    0.728464    0.303906    0.428886          --          --          --          --          --
Time: 1756.66
Threshold low: 63 Threshold high153
  IoU       Prec.        Rec.          F1   ang. err.  a. e. std.      F. Neg      F. Pos      T. Pos
  0.5     0.95057    0.390625     0.55371     1.42057     2.04624         390          13         250
 0.55    0.946768    0.389062    0.551495     1.34872     1.70682         391          14         249
  0.6    0.946768    0.389062    0.551495     1.34872     1.70682         391          14         249
 0.65    0.935361    0.384375     0.54485     1.26134     1.48468         394          17         246
  0.7    0.920152    0.378125    0.535991     1.16279     1.23424         398          21         242
 0.75    0.889734    0.365625    0.518272     1.11065     1.18278         406          29         234
  0.8     0.78327    0.321875    0.456257    0.970104    0.922321         434          57         206
 0.85    0.596958    0.245312     0.34773    0.847796    0.752128         483         106         157
  0.9    0.372624    0.153125    0.217054    0.739253    0.602521         542         165          98
 0.95   0.0646388   0.0265625   0.0376523     1.01851    0.665059         623         246          17
  Avg    0.740684    0.304375    0.431451          --          --          --          --          --
Time: 1931.93
Threshold low: 63 Threshold high166
  IoU       Prec.        Rec.          F1   ang. err.  a. e. std.      F. Neg      F. Pos      T. Pos
  0.5    0.970588      0.4125    0.578947     1.35936     1.83342         376           8         264
 0.55    0.966912    0.410938    0.576754      1.2911     1.46427         377           9         263
  0.6    0.966912    0.410938    0.576754      1.2911     1.46427         377           9         263
 0.65    0.959559    0.407813    0.572368     1.24987     1.38226         379          11         261
  0.7    0.948529    0.403125    0.565789     1.19392     1.26915         382          14         258
 0.75    0.911765      0.3875     0.54386     1.11969     1.19345         392          24         248
  0.8    0.808824     0.34375    0.482456    0.983668    0.920489         420          52         220
 0.85    0.599265    0.254688    0.357456     0.88122    0.754428         477         109         163
  0.9    0.378676    0.160938    0.225877    0.769045     0.60468         537         169         103
 0.95   0.0772059   0.0328125   0.0460526    0.873021    0.645495         619         251          21
  Avg    0.758824      0.3225    0.452632          --          --          --          --          --
Time: 1870.9
Threshold low: 63 Threshold high178
  IoU       Prec.        Rec.          F1   ang. err.  a. e. std.      F. Neg      F. Pos      T. Pos
  0.5    0.970696    0.414063    0.580504     1.49289     2.04593         375           8         265
 0.55     0.96337    0.410938    0.576123     1.38306     1.59145         377          10         263
  0.6     0.96337    0.410938    0.576123     1.38306     1.59145         377          10         263
 0.65    0.948718    0.404687     0.56736     1.29154     1.39267         381          14         259
  0.7    0.937729         0.4    0.560789     1.23565     1.28153         384          17         256
 0.75    0.901099    0.384375    0.538883     1.15561     1.20286         394          27         246
  0.8    0.794872    0.339062    0.475356      1.0098    0.939272         423          56         217
 0.85    0.575092    0.245312    0.343921    0.914044    0.790487         483         116         157
  0.9    0.351648        0.15    0.210296     0.75123    0.590428         544         177          96
 0.95   0.0732601     0.03125   0.0438116    0.846531    0.668792         620         253          20
  Avg    0.747985    0.319062    0.447317          --          --          --          --          --
Time: 1845.2
Threshold low: 63 Threshold high190
  IoU       Prec.        Rec.          F1   ang. err.  a. e. std.      F. Neg      F. Pos      T. Pos
  0.5    0.968379    0.382813    0.548712     1.44033     1.95741         395           8         245
 0.55    0.964427     0.38125    0.546473     1.36709     1.59148         396           9         244
  0.6    0.964427     0.38125    0.546473     1.36709     1.59148         396           9         244
 0.65    0.948617       0.375    0.537514     1.26806     1.37431         400          13         240
  0.7    0.936759    0.370312    0.530795     1.20739     1.25057         403          16         237
 0.75    0.897233    0.354687    0.508399     1.12209     1.15973         413          26         227
  0.8    0.798419    0.315625    0.452408     1.01057    0.931619         438          51         202
 0.85    0.592885    0.234375    0.335946    0.932906    0.805614         490         103         150
  0.9    0.347826      0.1375    0.197088    0.726946    0.598145         552         165          88
 0.95   0.0671937   0.0265625   0.0380739    0.661716    0.622433         623         236          17
  Avg    0.748617    0.295938    0.424188          --          --          --          --          --
Time: 1732.54
Threshold low: 63 Threshold high202
  IoU       Prec.        Rec.          F1   ang. err.  a. e. std.      F. Neg      F. Pos      T. Pos
  0.5    0.968127    0.379688    0.545455     1.38924     1.63939         397           8         243
 0.55    0.964143    0.378125     0.54321     1.37482     1.62732         398           9         242
  0.6    0.964143    0.378125     0.54321     1.37482     1.62732         398           9         242
 0.65    0.948207    0.371875    0.534231     1.27509     1.41496         402          13         238
  0.7    0.932271    0.365625    0.525253     1.21204     1.29733         406          17         234
 0.75     0.89243        0.35    0.502806      1.1258      1.2113         416          27         224
  0.8    0.792829    0.310937    0.446689    0.991854    0.912031         441          52         199
 0.85    0.593625    0.232813    0.334456    0.923143    0.810306         491         102         149
  0.9    0.350598      0.1375    0.197531    0.715266    0.600435         552         163          88
 0.95   0.0677291   0.0265625   0.0381594    0.661716    0.622433         623         234          17
  Avg     0.74741    0.293125      0.4211          --          --          --          --          --
Time: 1797.55
Threshold low: 63 Threshold high215
  IoU       Prec.        Rec.          F1   ang. err.  a. e. std.      F. Neg      F. Pos      T. Pos
  0.5    0.966102     0.35625    0.520548      1.3896     1.64955         412           8         228
 0.55    0.961864    0.354687    0.518265     1.37423     1.63681         413           9         227
  0.6    0.961864    0.354687    0.518265     1.37423     1.63681         413           9         227
 0.65    0.949153        0.35    0.511416     1.28637      1.4344         416          12         224
  0.7    0.932203     0.34375    0.502283     1.21952     1.31166         420          16         220
 0.75    0.894068    0.329688    0.481735     1.14092     1.22556         429          25         211
  0.8    0.805085    0.296875     0.43379     1.03689      1.0493         450          46         190
 0.85    0.610169       0.225    0.328767    0.930055    0.803488         496          92         144
  0.9    0.355932     0.13125    0.191781    0.722876    0.608121         556         152          84
 0.95   0.0720339   0.0265625   0.0388128    0.661716    0.622433         623         219          17
  Avg    0.750847    0.276875    0.404566          --          --          --          --          --
Time: 1622.69
Threshold low: 76 Threshold high142
  IoU       Prec.        Rec.          F1   ang. err.  a. e. std.      F. Neg      F. Pos      T. Pos
  0.5    0.950355     0.41875    0.581345     1.44238     1.81503         372          14         268
 0.55    0.943262    0.415625    0.577007     1.42146     1.78606         374          16         266
  0.6     0.93617      0.4125    0.572668     1.35276     1.56285         376          18         264
 0.65    0.929078    0.409375     0.56833      1.3194     1.50143         378          20         262
  0.7    0.911348    0.401562    0.557484     1.21737     1.30195         383          25         257
 0.75    0.879433      0.3875    0.537961     1.16388     1.25046         392          34         248
  0.8     0.77305    0.340625    0.472885     1.05092     1.03698         422          64         218
 0.85    0.549645    0.242188    0.336226    0.872288    0.832013         485         127         155
  0.9     0.35461     0.15625     0.21692    0.768133    0.735098         540         182         100
 0.95   0.0567376       0.025   0.0347072    0.740017    0.551284         624         266          16
  Avg    0.728369    0.320938    0.445553          --          --          --          --          --
Time: 1802.29
Threshold low: 76 Threshold high154
  IoU       Prec.        Rec.          F1   ang. err.  a. e. std.      F. Neg      F. Pos      T. Pos
  0.5    0.952899    0.410938    0.574236     1.39154     1.75698         377          13         263
 0.55    0.949275    0.409375    0.572052     1.36904     1.72211         378          14         262
  0.6    0.942029     0.40625    0.567686     1.29888     1.48239         380          16         260
 0.65    0.931159    0.401562    0.561135     1.26185     1.41654         383          19         257
  0.7    0.916667    0.395313    0.552402     1.18025     1.24635         387          23         253
 0.75    0.891304    0.384375    0.537118     1.13179     1.19605         394          30         246
  0.8    0.782609      0.3375    0.471616     1.04175     1.01888         424          60         216
 0.85    0.554348    0.239063    0.334061    0.890328    0.839426         487         123         153
  0.9    0.347826        0.15    0.209607    0.772494    0.723863         544         180          96
 0.95    0.057971       0.025   0.0349345     0.85291    0.540874         624         260          16
  Avg    0.732609    0.315938    0.441485          --          --          --          --          --
Time: 1764.31
Threshold low: 76 Threshold high166
  IoU       Prec.        Rec.          F1   ang. err.  a. e. std.      F. Neg      F. Pos      T. Pos
  0.5    0.963235    0.409375    0.574561     1.49929     1.86671         378          10         262
 0.55    0.959559    0.407813    0.572368     1.47712     1.83554         379          11         261
  0.6    0.952206    0.404687    0.567982     1.42305     1.72369         381          13         259
 0.65    0.933824    0.396875    0.557018     1.35549      1.5879         386          18         254
  0.7    0.919118    0.390625    0.548246      1.2999     1.52207         390          22         250
 0.75    0.878676    0.373437    0.524123     1.17107      1.2422         401          33         239
  0.8    0.779412     0.33125    0.464912     1.08386     1.08191         428          60         212
 0.85    0.525735    0.223438    0.313596    0.927026     0.87036         497         129         143
  0.9    0.338235     0.14375    0.201754    0.821614    0.764309         548         180          92
 0.95   0.0551471   0.0234375   0.0328947     0.58549    0.548242         625         257          15
  Avg    0.730515    0.310469    0.435746          --          --          --          --          --
Time: 1538.25
Threshold low: 76 Threshold high179
  IoU       Prec.        Rec.          F1   ang. err.  a. e. std.      F. Neg      F. Pos      T. Pos
  0.5    0.967153    0.414063    0.579869     1.59753     1.92983         375           9         265
 0.55    0.959854    0.410938    0.575492     1.54893     1.85361         377          11         263
  0.6    0.948905     0.40625    0.568928     1.48142     1.73397         380          14         260
 0.65    0.927007    0.396875    0.555799     1.40187     1.59116         386          20         254
  0.7    0.905109      0.3875     0.54267     1.33355     1.52593         392          26         248
 0.75    0.864964    0.370312      0.5186     1.20646     1.24503         403          37         237
  0.8    0.762774    0.326562     0.45733     1.11524     1.09712         431          65         209
 0.85    0.507299    0.217188    0.304158    0.945332    0.876436         501         135         139
  0.9    0.313869    0.134375    0.188184    0.800471    0.737293         554         188          86
 0.95   0.0510949    0.021875   0.0306346    0.607815    0.560858         626         260          14
  Avg    0.720803    0.308594    0.432166          --          --          --          --          --
Time: 1688.9
Threshold low: 76 Threshold high191
  IoU       Prec.        Rec.          F1   ang. err.  a. e. std.      F. Neg      F. Pos      T. Pos
  0.5    0.964286    0.379688    0.544843     1.57169     1.94217         397           9         243
 0.55    0.960317    0.378125    0.542601     1.54808     1.91106         398          10         242
  0.6    0.952381       0.375    0.538117     1.49403     1.80667         400          12         240
 0.65    0.924603    0.364063    0.522422     1.38181     1.61498         407          19         233
  0.7    0.900794    0.354687    0.508969     1.29402     1.48038         413          25         227
 0.75    0.869048    0.342187    0.491031     1.18875     1.24016         421          33         219
  0.8    0.761905         0.3    0.430493     1.13284     1.13871         448          60         192
 0.85    0.515873    0.203125     0.29148    0.950257    0.898687         510         122         130
  0.9    0.313492    0.123438     0.17713    0.781933    0.767014         561         173          79
 0.95    0.047619     0.01875   0.0269058    0.572825    0.582092         628         240          12
  Avg    0.721032    0.283906    0.407399          --          --          --          --          --
Time: 1682.1
Threshold low: 76 Threshold high203
  IoU       Prec.        Rec.          F1   ang. err.  a. e. std.      F. Neg      F. Pos      T. Pos
  0.5       0.972    0.379688    0.546067      1.5311     1.82648         397           7         243
 0.55       0.964    0.376563    0.541573     1.49333      1.7828         399           9         241
  0.6        0.96       0.375    0.539326     1.47772     1.76999         400          10         240
 0.65       0.936    0.365625    0.525843     1.40216     1.66739         406          16         234
  0.7       0.908    0.354687    0.510112     1.24869     1.33831         413          23         227
 0.75       0.872    0.340625    0.489888     1.17512     1.26728         422          32         218
  0.8       0.764    0.298438    0.429213     1.08418     1.08092         449          59         191
 0.85        0.52    0.203125    0.292135     0.91729    0.887022         510         120         130
  0.9       0.316    0.123438    0.177528    0.751912    0.759759         561         171          79
 0.95       0.052   0.0203125   0.0292135    0.540845    0.570119         627         237          13
  Avg      0.7264     0.28375     0.40809          --          --          --          --          --
Time: 1626.77
Threshold low: 76 Threshold high215
  IoU       Prec.        Rec.          F1   ang. err.  a. e. std.      F. Neg      F. Pos      T. Pos
  0.5    0.970339    0.357812    0.522831     1.53332     1.78139         411           7         229
 0.55    0.961864    0.354687    0.518265     1.49324     1.73339         413           9         227
  0.6    0.961864    0.354687    0.518265     1.49324     1.73339         413           9         227
 0.65    0.936441    0.345313    0.504566     1.41366     1.62171         419          15         221
  0.7    0.915254      0.3375    0.493151     1.30061     1.39143         424          20         216
 0.75    0.877119    0.323437    0.472603     1.22539     1.32492         433          29         207
  0.8    0.766949    0.282813    0.413242     1.11425     1.13811         459          55         181
 0.85    0.525424     0.19375    0.283105    0.927321    0.866184         516         112         124
  0.9    0.326271    0.120313    0.175799    0.789646     0.79242         563         159          77
 0.95   0.0550847   0.0203125   0.0296804    0.540845    0.570119         627         223          13
  Avg    0.729661    0.269062    0.393151          --          --          --          --          --
Time: 1749.2
Threshold low: 76 Threshold high228
  IoU       Prec.        Rec.          F1   ang. err.  a. e. std.      F. Neg      F. Pos      T. Pos
  0.5    0.962185    0.357812     0.52164     1.67779     2.01931         411           9         229
 0.55    0.953782    0.354687    0.517084     1.63898     1.98201         413          11         227
  0.6     0.94958    0.353125    0.514806     1.61911      1.9637         414          12         226
 0.65     0.92437     0.34375    0.501139     1.54022     1.86909         420          18         220
  0.7    0.903361    0.335938    0.489749     1.41855     1.66156         425          23         215
 0.75    0.844538    0.314063    0.457859     1.24208     1.39526         439          37         201
  0.8    0.735294    0.273438    0.398633     1.07189     1.08363         465          63         175
 0.85    0.495798    0.184375    0.268793    0.882646    0.839163         522         120         118
  0.9    0.302521      0.1125    0.164009    0.702237    0.676079         568         166          72
 0.95   0.0546218   0.0203125   0.0296128    0.728779    0.680611         627         225          13
  Avg    0.712605       0.265    0.386333          --          --          --          --          --
Time: 1619.9
Threshold low: 89 Threshold high155
  IoU       Prec.        Rec.          F1   ang. err.  a. e. std.      F. Neg      F. Pos      T. Pos
  0.5     0.96679    0.409375    0.575192     1.28827     1.48664         378           9         262
 0.55      0.9631    0.407813    0.572997     1.26529      1.4423         379          10         261
  0.6      0.9631    0.407813    0.572997     1.26529      1.4423         379          10         261
 0.65    0.948339    0.401562    0.564215     1.20357     1.31885         383          14         257
  0.7    0.940959    0.398438    0.559824     1.17695     1.28915         385          16         255
 0.75    0.907749    0.384375    0.540066      1.1139     1.22019         394          25         246
  0.8    0.793358    0.335938    0.472009     1.01696     1.02651         425          56         215
 0.85    0.557196    0.235937    0.331504    0.888786    0.939329         489         120         151
  0.9    0.332103    0.140625    0.197585    0.779905      0.8048         550         181          90
 0.95   0.0590406       0.025   0.0351262    0.962677    0.573174         624         255          16
  Avg    0.743173    0.314688    0.442151          --          --          --          --          --
Time: 1736.34
Threshold low: 89 Threshold high167
  IoU       Prec.        Rec.          F1   ang. err.  a. e. std.      F. Neg      F. Pos      T. Pos
  0.5    0.966543     0.40625    0.572057     1.39581     1.70314         380           9         260
 0.55    0.962825    0.404687    0.569857     1.37307     1.66656         381          10         259
  0.6    0.962825    0.404687    0.569857     1.37307     1.66656         381          10         259
 0.65     0.94052    0.395313    0.556656     1.27999     1.47422         387          16         253
  0.7    0.925651    0.389062    0.547855     1.21146     1.33256         391          20         249
 0.75    0.888476    0.373437    0.525853     1.15293     1.26818         401          30         239
  0.8    0.788104     0.33125    0.466447     1.04926     1.08165         428          57         212
 0.85    0.550186     0.23125    0.325633    0.857345    0.865972         492         121         148
  0.9    0.327138      0.1375    0.193619    0.781649    0.799083         552         181          88
 0.95   0.0669145    0.028125    0.039604    0.835458    0.604533         622         251          18
  Avg    0.737918    0.310156    0.436744          --          --          --          --          --
Time: 1664.63
Threshold low: 89 Threshold high179
  IoU       Prec.        Rec.          F1   ang. err.  a. e. std.      F. Neg      F. Pos      T. Pos
  0.5    0.966543     0.40625    0.572057     1.47433     1.82796         380           9         260
 0.55    0.962825    0.404687    0.569857     1.45189     1.79539         381          10         259
  0.6    0.959108    0.403125    0.567657     1.40902     1.66128         382          11         258
 0.65    0.936803     0.39375    0.554455     1.33114     1.52223         388          17         252
  0.7    0.914498    0.384375    0.541254     1.23949     1.36539         394          23         246
 0.75    0.873606    0.367188    0.517052     1.17199      1.3023         405          34         235
  0.8    0.750929    0.315625    0.444444     1.06532     1.13127         438          67         202
 0.85    0.516729    0.217188    0.305831    0.817006    0.791178         501         130         139
  0.9    0.315985    0.132813    0.187019    0.699218    0.675183         555         184          85
 0.95   0.0780669   0.0328125   0.0462046    0.878268    0.962169         619         248          21
  Avg    0.727509    0.305781    0.430583          --          --          --          --          --
Time: 1628.42
Threshold low: 89 Threshold high192
  IoU       Prec.        Rec.          F1   ang. err.  a. e. std.      F. Neg      F. Pos      T. Pos
  0.5    0.976096    0.382813    0.549944      1.4563     1.70495         395           6         245
 0.55    0.972112     0.38125    0.547699     1.43241     1.66701         396           7         244
  0.6    0.972112     0.38125    0.547699     1.43241     1.66701         396           7         244
 0.65    0.948207    0.371875    0.534231     1.35055     1.52126         402          13         238
  0.7    0.924303      0.3625    0.520763     1.25386     1.35547         408          19         232
 0.75    0.880478    0.345313    0.496072     1.17505     1.28988         419          30         221
  0.8    0.737052    0.289063    0.415264       1.078      1.1499         455          66         185
 0.85    0.513944    0.201563    0.289562    0.853867    0.822101         511         122         129
  0.9    0.310757    0.121875    0.175084    0.696573    0.701635         562         173          78
 0.95   0.0796813     0.03125   0.0448934    0.901544    0.975201         620         231          20
  Avg    0.731474    0.286875    0.412121          --          --          --          --          --
Time: 1648.12
Threshold low: 89 Threshold high204
  IoU       Prec.        Rec.          F1   ang. err.  a. e. std.      F. Neg      F. Pos      T. Pos
  0.5    0.972868    0.392188     0.55902     1.54867     1.88084         389           7         251
 0.55    0.965116    0.389062    0.554566     1.51225     1.84063         391           9         249
  0.6    0.965116    0.389062    0.554566     1.51225     1.84063         391           9         249
 0.65     0.94186    0.379688    0.541203     1.45386     1.79078         397          15         243
  0.7    0.918605    0.370312     0.52784     1.31461     1.51197         403          21         237
 0.75    0.872093    0.351563    0.501114     1.21129     1.40122         415          33         225
  0.8    0.732558    0.295312    0.420935     1.04904     1.10127         451          69         189
 0.85    0.515504    0.207813    0.296214    0.849661    0.845936         507         125         133
  0.9    0.313953    0.126562    0.180401    0.628935    0.569993         559         177          81
 0.95   0.0736434   0.0296875   0.0423163    0.729645    0.618586         621         239          19
  Avg    0.727132    0.293125    0.417817          --          --          --          --          --
Time: 1548.1
Threshold low: 89 Threshold high216
  IoU       Prec.        Rec.          F1   ang. err.  a. e. std.      F. Neg      F. Pos      T. Pos
  0.5    0.971074    0.367188     0.53288      1.5542     1.98026         405           7         235
 0.55     0.96281    0.364063    0.528345     1.51533     1.94041         407           9         233
  0.6    0.958678      0.3625    0.526077     1.45563     1.71781         408          10         232
 0.65    0.938017    0.354687    0.514739      1.4083      1.6703         413          15         227
  0.7    0.921488    0.348438    0.505669     1.30549     1.45598         417          19         223
 0.75    0.871901    0.329688    0.478458     1.23068     1.40255         429          31         211
  0.8    0.731405    0.276562    0.401361     1.05821     1.10951         463          65         177
 0.85    0.512397     0.19375    0.281179    0.860388    0.855131         516         118         124
  0.9    0.309917    0.117188    0.170068    0.630788    0.567448         565         167          75
 0.95   0.0826446     0.03125   0.0453515    0.759921     0.70247         620         222          20
  Avg    0.726033    0.274531    0.398413          --          --          --          --          --
Time: 1599.98
Threshold low: 89 Threshold high228
  IoU       Prec.        Rec.          F1   ang. err.  a. e. std.      F. Neg      F. Pos      T. Pos
  0.5    0.970711      0.3625    0.527873      1.5346     1.79155         408           7         232
 0.55    0.962343    0.359375    0.523322     1.49506     1.74458         410           9         230
  0.6    0.962343    0.359375    0.523322     1.49506     1.74458         410           9         230
 0.65    0.941423    0.351563    0.511945     1.44819     1.69913         415          14         225
  0.7     0.92887    0.346875    0.505119     1.36008     1.50337         418          17         222
 0.75    0.878661    0.328125    0.477816     1.28496     1.45858         430          29         210
  0.8    0.740586    0.276562     0.40273      1.0594     1.07753         463          62         177
 0.85     0.51046    0.190625    0.277588    0.854056    0.835789         518         117         122
  0.9    0.322176    0.120313    0.175199    0.640206    0.600431         563         162          77
 0.95   0.0878661   0.0328125   0.0477816    0.727349    0.700846         619         218          21
  Avg    0.730544    0.272812     0.39727          --          --          --          --          --
Time: 1713.19
Threshold low: 89 Threshold high241
  IoU       Prec.        Rec.          F1   ang. err.  a. e. std.      F. Neg      F. Pos      T. Pos
  0.5    0.969697        0.35    0.514351     1.53809     1.76155         416           7         224
 0.55    0.961039    0.346875    0.509759     1.49715     1.71181         418           9         222
  0.6    0.961039    0.346875    0.509759     1.49715     1.71181         418           9         222
 0.65    0.939394    0.339062    0.498278     1.44859     1.66297         423          14         217
  0.7    0.926407    0.334375    0.491389      1.3572     1.45368         426          17         214
 0.75    0.878788    0.317188    0.466131     1.28791     1.39746         437          28         203
  0.8    0.735931    0.265625    0.390356     1.07453     1.01713         470          61         170
 0.85     0.52381    0.189062    0.277842    0.889722    0.869846         519         110         121
  0.9    0.320346    0.115625     0.16992    0.706845    0.716478         566         157          74
 0.95   0.0779221    0.028125   0.0413318    0.658976    0.677368         622         213          18
  Avg    0.729437    0.263281    0.386912          --          --          --          --          --
Time: 1598.43
