Threshold low: 38 Threshold high104
  IoU       Prec.        Rec.          F1   ang. err.  a. e. std.      F. Neg      F. Pos      T. Pos
  0.5    0.941176         0.2    0.329897     1.87319     2.44325         512           8         128
 0.55    0.933824    0.198437     0.32732     1.81581      2.3654         513           9         127
  0.6    0.904412    0.192188     0.31701      1.5912     1.82622         517          13         123
 0.65    0.897059    0.190625    0.314433     1.56169     1.80424         518          14         122
  0.7    0.882353      0.1875    0.309278     1.46929     1.52399         520          16         120
 0.75    0.808824    0.171875    0.283505     1.42288     1.46512         530          26         110
  0.8    0.691176    0.146875    0.242268     1.30097     1.27025         546          42          94
 0.85    0.514706    0.109375    0.180412     1.02643     1.04402         570          66          70
  0.9    0.279412    0.059375   0.0979381    0.745288    0.632013         602          98          38
 0.95   0.0661765   0.0140625   0.0231959      0.7754    0.712478         631         127           9
  Avg    0.691912    0.147031    0.242526          --          --          --          --          --
Time: 1627.74
Threshold low: 38 Threshold high116
  IoU       Prec.        Rec.          F1   ang. err.  a. e. std.      F. Neg      F. Pos      T. Pos
  0.5    0.929936    0.228125    0.366374     1.96523     5.13195         494          11         146
 0.55    0.917197       0.225    0.361355     1.55411     1.67864         496          13         144
  0.6    0.898089    0.220312    0.353827     1.43908     1.49181         499          16         141
 0.65     0.89172     0.21875    0.351317     1.43594     1.49666         500          17         140
  0.7     0.88535    0.217188    0.348808      1.4332     1.50169         501          18         139
 0.75    0.853503    0.209375    0.336261     1.42308     1.51096         506          23         134
  0.8    0.719745    0.176563    0.283563     1.29377     1.22585         527          44         113
 0.85     0.55414    0.135937    0.218319     1.07852     1.08373         553          70          87
  0.9    0.273885   0.0671875    0.107905    0.855485    0.840085         597         114          43
 0.95   0.0573248   0.0140625   0.0225847      1.0786     0.69932         631         148           9
  Avg    0.698089     0.17125    0.275031          --          --          --          --          --
Time: 1264.8
Threshold low: 38 Threshold high128
  IoU       Prec.        Rec.          F1   ang. err.  a. e. std.      F. Neg      F. Pos      T. Pos
  0.5    0.927273    0.239063    0.380124     1.91796     5.00743         487          12         153
 0.55    0.915152    0.235937    0.375155     1.52527     1.61206         489          14         151
  0.6     0.90303    0.232813    0.370186     1.45128     1.48469         491          16         149
 0.65     0.89697     0.23125    0.367702      1.4484     1.48928         492          17         148
  0.7    0.890909    0.229687    0.365217     1.44589     1.49403         493          18         147
 0.75    0.860606    0.221875    0.352795     1.43679     1.50264         498          23         142
  0.8    0.709091    0.182812    0.290683     1.27695     1.21531         523          48         117
 0.85    0.557576     0.14375    0.228571     1.06576     1.06437         548          73          92
  0.9    0.278788    0.071875    0.114286    0.843014    0.822078         594         119          46
 0.95   0.0545455   0.0140625   0.0223602      1.0786     0.69932         631         156           9
  Avg    0.699394    0.180312    0.286708          --          --          --          --          --
Time: 1563.09
Threshold low: 38 Threshold high141
  IoU       Prec.        Rec.          F1   ang. err.  a. e. std.      F. Neg      F. Pos      T. Pos
  0.5    0.944134    0.264062    0.412698     1.56991     1.89004         471          10         169
 0.55    0.944134    0.264062    0.412698     1.56991     1.89004         471          10         169
  0.6    0.927374    0.259375    0.405372     1.45187     1.67231         474          13         166
 0.65    0.916201     0.25625    0.400488     1.41233     1.61376         476          15         164
  0.7    0.905028    0.253125    0.395604       1.412     1.62315         478          17         162
 0.75    0.865922    0.242188     0.37851      1.3334     1.35092         485          24         155
  0.8    0.726257    0.203125     0.31746     1.18922     1.09883         510          49         130
 0.85    0.592179    0.165625    0.258852     1.02368    0.971367         534          73         106
  0.9    0.290503     0.08125    0.126984    0.867044    0.811428         588         127          52
 0.95   0.0670391     0.01875    0.029304    0.977406    0.658926         628         167          12
  Avg    0.717877    0.200781    0.313797          --          --          --          --          --
Time: 2377.05
Threshold low: 38 Threshold high153
  IoU       Prec.        Rec.          F1   ang. err.  a. e. std.      F. Neg      F. Pos      T. Pos
  0.5    0.954802    0.264062    0.413709     1.66272     1.96331         471           8         169
 0.55    0.954802    0.264062    0.413709     1.66272     1.96331         471           8         169
  0.6    0.932203    0.257813    0.403917     1.54071     1.76629         475          12         165
 0.65    0.915254    0.253125    0.396573     1.48155     1.69915         478          15         162
  0.7    0.909605    0.251563    0.394125      1.4469     1.64635         479          16         161
 0.75    0.864407    0.239063    0.374541     1.37699     1.38139         487          24         153
  0.8    0.717514    0.198437    0.310894     1.20955     1.12543         513          50         127
 0.85    0.564972     0.15625    0.244798     1.02786    0.985542         540          77         100
  0.9    0.282486    0.078125    0.122399    0.823632    0.770998         590         127          50
 0.95   0.0621469   0.0171875   0.0269278     1.04256    0.636911         629         166          11
  Avg    0.715819    0.197969    0.310159          --          --          --          --          --
Time: 2042.35
Threshold low: 38 Threshold high165
  IoU       Prec.        Rec.          F1   ang. err.  a. e. std.      F. Neg      F. Pos      T. Pos
  0.5    0.953488     0.25625    0.403941     1.62938     2.07872         476           8         164
 0.55    0.947674    0.254688    0.401478     1.60945     2.06939         477           9         163
  0.6    0.936047    0.251563    0.396552     1.54202     1.98752         479          11         161
 0.65    0.918605    0.246875    0.389163     1.37846     1.40043         482          14         158
  0.7    0.918605    0.246875    0.389163     1.37846     1.40043         482          14         158
 0.75    0.877907    0.235937    0.371921     1.38106     1.40973         489          21         151
  0.8    0.732558    0.196875    0.310345     1.20933     1.13118         514          46         126
 0.85    0.575581    0.154688    0.243842     1.04595     1.01112         541          73          99
  0.9    0.290698    0.078125    0.123153    0.802993    0.779297         590         122          50
 0.95   0.0581395    0.015625   0.0246305     1.08849    0.650397         630         162          10
  Avg     0.72093     0.19375    0.305419          --          --          --          --          --
Time: 2030.09
Threshold low: 38 Threshold high177
  IoU       Prec.        Rec.          F1   ang. err.  a. e. std.      F. Neg      F. Pos      T. Pos
  0.5     0.97561        0.25     0.39801     1.64639      2.0826         480           4         160
 0.55    0.969512    0.248438    0.395522     1.62606     2.07325         481           5         159
  0.6    0.963415    0.246875    0.393035      1.5849     2.01399         482           6         158
 0.65     0.95122     0.24375     0.38806     1.44078      1.4509         484           8         156
  0.7    0.945122    0.242188    0.385572      1.4341     1.45318         485           9         155
 0.75    0.896341    0.229687    0.365672     1.43922     1.47062         493          17         147
  0.8    0.762195    0.195313    0.310945     1.20513     1.09315         515          39         125
 0.85    0.585366        0.15    0.238806     1.00523    0.926907         544          68          96
  0.9    0.329268    0.084375    0.134328    0.760465    0.757904         586         110          54
 0.95   0.0670732   0.0171875   0.0273632    0.985935    0.669685         629         153          11
  Avg    0.744512    0.190781    0.303731          --          --          --          --          --
Time: 2032.99
Threshold low: 38 Threshold high190
  IoU       Prec.        Rec.          F1   ang. err.  a. e. std.      F. Neg      F. Pos      T. Pos
  0.5    0.969957    0.353125    0.517755     1.66094     2.61916         414           7         226
 0.55    0.957082    0.348438    0.510882     1.58876     2.55452         417          10         223
  0.6    0.948498    0.345313      0.5063     1.45921     2.08585         419          12         221
 0.65     0.93133    0.339062    0.497136     1.24365     1.26634         423          16         217
  0.7    0.918455    0.334375    0.490263     1.24333     1.26996         426          19         214
 0.75    0.888412    0.323437    0.474227     1.22702     1.27493         433          26         207
  0.8    0.751073    0.273438    0.400916     1.05409    0.915963         465          58         175
 0.85    0.575107    0.209375    0.306987    0.930255    0.768329         506          99         134
  0.9    0.321888    0.117188    0.171821    0.666724    0.523338         565         158          75
 0.95   0.0515021     0.01875   0.0274914    0.747067    0.559046         628         221          12
  Avg     0.73133     0.26625    0.390378          --          --          --          --          --
Time: 1966.48
Threshold low: 51 Threshold high117
  IoU       Prec.        Rec.          F1   ang. err.  a. e. std.      F. Neg      F. Pos      T. Pos
  0.5    0.946154    0.384375    0.546667     1.73392     4.34235         394          14         246
 0.55    0.926923    0.376563    0.535556        1.32     1.46785         399          19         241
  0.6    0.919231    0.373437    0.531111       1.257     1.28103         401          21         239
 0.65    0.907692     0.36875    0.524444     1.21712     1.21341         404          24         236
  0.7    0.892308      0.3625    0.515556      1.1975      1.2056         408          28         232
 0.75    0.869231    0.353125    0.502222     1.17569     1.20236         414          34         226
  0.8    0.746154    0.303125    0.431111      1.0511    0.990385         446          66         194
 0.85    0.584615      0.2375    0.337778    0.966089    0.917814         488         108         152
  0.9    0.323077     0.13125    0.186667    0.751788    0.732631         556         176          84
 0.95        0.05   0.0203125   0.0288889    0.868559    0.654034         627         247          13
  Avg    0.716538    0.291094       0.414          --          --          --          --          --
Time: 2263.85
Threshold low: 51 Threshold high129
  IoU       Prec.        Rec.          F1   ang. err.  a. e. std.      F. Neg      F. Pos      T. Pos
  0.5    0.945378    0.351563    0.512528     1.49555     2.03441         415          13         225
 0.55    0.932773    0.346875    0.505695     1.36534     1.65299         418          16         222
  0.6    0.920168    0.342187    0.498861     1.28901     1.39486         421          19         219
 0.65    0.907563      0.3375    0.492027     1.24588     1.32974         424          22         216
  0.7    0.886555    0.329688    0.480638     1.22574      1.3276         429          27         211
 0.75    0.869748    0.323437    0.471526      1.2064     1.32475         433          31         207
  0.8    0.756303     0.28125    0.410023      1.0598     1.02534         460          58         180
 0.85    0.613445    0.228125    0.332574    0.963933     0.94679         494          92         146
  0.9    0.331933    0.123438    0.179954    0.728493    0.695206         561         159          79
 0.95   0.0630252   0.0234375   0.0341686    0.806478    0.634536         625         223          15
  Avg    0.722689     0.26875      0.3918          --          --          --          --          --
Time: 2239.04
Threshold low: 51 Threshold high141
  IoU       Prec.        Rec.          F1   ang. err.  a. e. std.      F. Neg      F. Pos      T. Pos
  0.5    0.937759    0.353125    0.513053     1.51311     1.94153         414          15         226
 0.55    0.929461        0.35    0.508513     1.45035      1.8299         416          17         224
  0.6    0.921162    0.346875    0.503973     1.37284     1.60643         418          19         222
 0.65    0.904564    0.340625    0.494892     1.31546     1.54163         422          23         218
  0.7    0.883817    0.332813    0.483541     1.24457      1.3198         427          28         213
 0.75    0.854772    0.321875     0.46765      1.1856     1.27453         434          35         206
  0.8     0.73444    0.276562    0.401816      1.0352    0.977019         463          64         177
 0.85     0.59751       0.225    0.326901     0.94097    0.881384         496          97         144
  0.9      0.3361    0.126562    0.183882    0.697402    0.560068         559         160          81
 0.95   0.0746888    0.028125   0.0408627    0.784373     0.60202         622         223          18
  Avg    0.717427    0.270156    0.392509          --          --          --          --          --
Time: 2205.62
Threshold low: 51 Threshold high154
  IoU       Prec.        Rec.          F1   ang. err.  a. e. std.      F. Neg      F. Pos      T. Pos
  0.5    0.955466     0.36875    0.532131     1.61826     2.01203         404          11         236
 0.55    0.947368    0.365625    0.527621     1.55908     1.91323         406          13         234
  0.6    0.931174    0.359375    0.518602     1.44892     1.64921         410          17         230
 0.65     0.91498    0.353125    0.509583     1.39491      1.5919         414          21         226
  0.7    0.894737    0.345313    0.498309     1.30123     1.33715         419          26         221
 0.75    0.862348    0.332813    0.480271      1.2251      1.2498         427          34         213
  0.8    0.732794    0.282813    0.408117     1.07886     1.03932         459          66         181
 0.85    0.587045    0.226563    0.326945    0.963037    0.901058         495         102         145
  0.9    0.336032    0.129688    0.187148    0.673674     0.52625         557         164          83
 0.95   0.0728745    0.028125   0.0405862     0.86812    0.602474         622         229          18
  Avg    0.723482    0.279219    0.402931          --          --          --          --          --
Time: 2070.42
Threshold low: 51 Threshold high166
  IoU       Prec.        Rec.          F1   ang. err.  a. e. std.      F. Neg      F. Pos      T. Pos
  0.5    0.954357    0.359375    0.522134     1.56848     2.12723         410          11         230
 0.55    0.946058     0.35625    0.517594     1.50731     2.03102         412          13         228
  0.6    0.937759    0.353125    0.513053     1.43168     1.84021         414          15         226
 0.65    0.917012    0.345313    0.501703     1.30053     1.39437         419          20         221
  0.7    0.900415    0.339062    0.492622     1.24805     1.28946         423          24         217
 0.75    0.875519    0.329688    0.479001     1.20315     1.25178         429          30         211
  0.8    0.742739    0.279687    0.406356     1.05382     1.02216         461          62         179
 0.85     0.60166    0.226563    0.329171    0.963864    0.927068         495          96         145
  0.9    0.344398    0.129688    0.188422    0.656025    0.514672         557         158          83
 0.95   0.0788382   0.0296875   0.0431328    0.761394    0.593239         621         222          19
  Avg    0.729876    0.274844    0.399319          --          --          --          --          --
Time: 2079.18
Threshold low: 51 Threshold high178
  IoU       Prec.        Rec.          F1   ang. err.  a. e. std.      F. Neg      F. Pos      T. Pos
  0.5    0.979253     0.36875    0.535755     1.50694     1.95139         404           5         236
 0.55    0.966805    0.364063    0.528944     1.43208     1.83534         407           8         233
  0.6    0.958506    0.360938    0.524404     1.40098     1.80842         409          10         231
 0.65    0.946058     0.35625    0.517594     1.30311     1.39377         412          13         228
  0.7     0.93361    0.351563    0.510783     1.25038     1.28979         415          16         225
 0.75    0.904564    0.340625    0.494892     1.19708     1.24352         422          23         218
  0.8    0.775934    0.292187    0.424518     1.07077     1.01303         453          54         187
 0.85    0.605809    0.228125    0.331442      0.9522    0.887819         494          95         146
  0.9    0.360996    0.135937    0.197503    0.673408    0.505237         553         154          87
 0.95   0.0746888    0.028125   0.0408627    0.757819    0.603423         622         223          18
  Avg    0.750622    0.282656     0.41067          --          --          --          --          --
Time: 1975.36
Threshold low: 51 Threshold high190
  IoU       Prec.        Rec.          F1   ang. err.  a. e. std.      F. Neg      F. Pos      T. Pos
  0.5    0.973384         0.4    0.566999     1.59202     2.29412         384           7         256
 0.55    0.961977    0.395313    0.560354     1.53377     2.24052         387          10         253
  0.6    0.946768    0.389062    0.551495     1.40771     1.90731         391          14         249
 0.65    0.935361    0.384375     0.54485     1.28848     1.48379         394          17         246
  0.7    0.920152    0.378125    0.535991     1.20658     1.20451         398          21         242
 0.75    0.893536    0.367188    0.520487     1.16906     1.18211         405          28         235
  0.8    0.768061    0.315625    0.447398     1.07138    0.973017         438          61         202
 0.85    0.585551    0.240625    0.341085    0.956974    0.840825         486         109         154
  0.9    0.342205    0.140625    0.199336    0.668501    0.501896         550         173          90
 0.95   0.0684411    0.028125   0.0398671    0.692212    0.493683         622         245          18
  Avg    0.739544    0.303906    0.430786          --          --          --          --          --
Time: 1819.29
Threshold low: 51 Threshold high203
  IoU       Prec.        Rec.          F1   ang. err.  a. e. std.      F. Neg      F. Pos      T. Pos
  0.5    0.974074    0.410938    0.578022      1.5582     2.35924         377           7         263
 0.55    0.962963     0.40625    0.571429     1.50113     2.30851         380          10         260
  0.6    0.955556    0.403125    0.567033     1.40628     2.01655         382          12         258
 0.65    0.940741    0.396875    0.558242      1.2545     1.50267         386          16         254
  0.7    0.922222    0.389062    0.547253     1.16633     1.22385         391          21         249
 0.75    0.888889       0.375    0.527473      1.1105     1.18129         400          30         240
  0.8    0.781481    0.329688    0.463736     1.00034    0.910516         429          59         211
 0.85    0.581481    0.245312    0.345055      0.9226    0.804391         483         113         157
  0.9    0.337037    0.142187         0.2    0.667125     0.55096         549         179          91
 0.95   0.0703704   0.0296875   0.0417582    0.694398    0.531133         621         251          19
  Avg    0.741481    0.312813        0.44          --          --          --          --          --
Time: 1787.13
Threshold low: 63 Threshold high129
  IoU       Prec.        Rec.          F1   ang. err.  a. e. std.      F. Neg      F. Pos      T. Pos
  0.5    0.896825    0.353125    0.506726     1.60672     4.87291         414          26         226
 0.55    0.896825    0.353125    0.506726     1.60672     4.87291         414          26         226
  0.6    0.896825    0.353125    0.506726     1.60672     4.87291         414          26         226
 0.65    0.884921    0.348438         0.5     1.23054     1.35143         417          29         223
  0.7    0.857143      0.3375    0.484305     1.14722      1.1984         424          36         216
 0.75     0.81746    0.321875    0.461883     1.10952     1.15421         434          46         206
  0.8    0.706349    0.278125    0.399103    0.997228    0.956875         462          74         178
 0.85    0.571429       0.225     0.32287    0.894258    0.846244         496         108         144
  0.9    0.309524    0.121875    0.174888    0.738923    0.602561         562         174          78
 0.95   0.0555556    0.021875   0.0313901    0.952289    0.682499         626         238          14
  Avg    0.689286    0.271406    0.389462          --          --          --          --          --
Time: 2166.54
Threshold low: 63 Threshold high141
  IoU       Prec.        Rec.          F1   ang. err.  a. e. std.      F. Neg      F. Pos      T. Pos
  0.5    0.929461        0.35    0.508513     1.37622     1.83617         416          17         224
 0.55    0.929461        0.35    0.508513     1.37622     1.83617         416          17         224
  0.6    0.929461        0.35    0.508513     1.37622     1.83617         416          17         224
 0.65    0.921162    0.346875    0.503973     1.28785     1.47035         418          19         222
  0.7    0.892116    0.335938    0.488082     1.17078     1.19219         425          26         215
 0.75    0.854772    0.321875     0.46765     1.13443     1.14392         434          35         206
  0.8    0.738589    0.278125    0.404086    0.996397    0.919504         462          63         178
 0.85    0.576763    0.217188    0.315551    0.866994    0.767199         501         102         139
  0.9     0.33195       0.125    0.181612    0.735496    0.595403         560         161          80
 0.95   0.0622407   0.0234375   0.0340522    0.966174      0.6614         625         226          15
  Avg    0.716598    0.269844    0.392054          --          --          --          --          --
Time: 1924.77
Threshold low: 63 Threshold high153
  IoU       Prec.        Rec.          F1   ang. err.  a. e. std.      F. Neg      F. Pos      T. Pos
  0.5    0.930894    0.357812     0.51693     1.51349     2.20975         411          17         229
 0.55    0.926829     0.35625    0.514673     1.43543     1.87321         412          18         228
  0.6    0.922764    0.354687    0.512415     1.38814     1.73622         413          19         227
 0.65    0.910569        0.35    0.505643     1.30012     1.52936         416          22         224
  0.7    0.886179    0.340625    0.492099     1.16093     1.20457         422          28         218
 0.75    0.857724    0.329688    0.476298     1.11545     1.15617         429          35         211
  0.8    0.739837    0.284375    0.410835    0.999049    0.953716         458          64         182
 0.85    0.560976    0.215625    0.311512    0.854657    0.750925         502         108         138
  0.9    0.337398    0.129688    0.187359    0.734609    0.597987         557         163          83
 0.95   0.0650407       0.025   0.0361174    0.990885    0.675998         624         230          16
  Avg    0.713821    0.274375    0.396388          --          --          --          --          --
Time: 2077.95
Threshold low: 63 Threshold high166
  IoU       Prec.        Rec.          F1   ang. err.  a. e. std.      F. Neg      F. Pos      T. Pos
  0.5    0.944444    0.371875    0.533632     1.36158     1.85928         402          14         238
 0.55    0.940476    0.370312     0.53139     1.28584     1.45128         403          15         237
  0.6    0.940476    0.370312     0.53139     1.28584     1.45128         403          15         237
 0.65     0.93254    0.367188    0.526906     1.24707     1.39181         405          17         235
  0.7    0.916667    0.360938    0.517937     1.18047     1.26719         409          21         231
 0.75    0.888889        0.35    0.502242     1.13825     1.22671         416          28         224
  0.8    0.769841    0.303125    0.434978    0.995604    0.935493         446          58         194
 0.85    0.575397    0.226563    0.325112    0.891099    0.767647         495         107         145
  0.9    0.349206      0.1375    0.197309    0.763534    0.600138         552         164          88
 0.95   0.0714286    0.028125   0.0403587     0.85635    0.664237         622         234          18
  Avg    0.732937    0.288594    0.414126          --          --          --          --          --
Time: 1904.13
Threshold low: 63 Threshold high178
  IoU       Prec.        Rec.          F1   ang. err.  a. e. std.      F. Neg      F. Pos      T. Pos
  0.5    0.969112    0.392188    0.558398      1.4216     1.90635         389           8         251
 0.55    0.965251    0.390625    0.556174     1.35004     1.53732         390           9         250
  0.6    0.965251    0.390625    0.556174     1.35004     1.53732         390           9         250
 0.65    0.953668    0.385937    0.549499     1.28259     1.39117         393          12         247
  0.7    0.938224    0.379688    0.540601     1.21987     1.27479         397          16         243
 0.75    0.907336    0.367188    0.522803     1.16135     1.21968         405          24         235
  0.8    0.795367    0.321875    0.458287     1.01671    0.948605         434          53         206
 0.85    0.586873      0.2375    0.338154    0.918223    0.797195         488         107         152
  0.9    0.355212     0.14375    0.204672    0.763742      0.5969         548         167          92
 0.95   0.0772201     0.03125   0.0444939    0.846536    0.668791         620         239          20
  Avg    0.751351    0.304062    0.432925          --          --          --          --          --
Time: 1687.99
Threshold low: 63 Threshold high190
  IoU       Prec.        Rec.          F1   ang. err.  a. e. std.      F. Neg      F. Pos      T. Pos
  0.5    0.968254     0.38125    0.547085     1.42062     1.95235         396           8         244
 0.55    0.964286    0.379688    0.544843     1.34699     1.58261         397           9         243
  0.6    0.964286    0.379688    0.544843     1.34699     1.58261         397           9         243
 0.65    0.948413    0.373437    0.535874     1.24721     1.36136         401          13         239
  0.7     0.93254    0.367188    0.526906     1.18175     1.23541         405          17         235
 0.75    0.896825    0.353125    0.506726     1.11074     1.16283         414          26         226
  0.8    0.797619    0.314063    0.450673      1.0056    0.933479         439          51         201
 0.85    0.599206    0.235937    0.338565    0.916744    0.805332         489         101         151
  0.9    0.349206      0.1375    0.197309    0.726947    0.598145         552         164          88
 0.95   0.0674603   0.0265625   0.0381166    0.661721    0.622434         623         235          17
  Avg     0.74881    0.294844    0.423094          --          --          --          --          --
Time: 1805.48
Threshold low: 63 Threshold high202
  IoU       Prec.        Rec.          F1   ang. err.  a. e. std.      F. Neg      F. Pos      T. Pos
  0.5       0.972    0.379688    0.546067     1.38924     1.63939         397           7         243
 0.55       0.968    0.378125     0.54382     1.37482     1.62732         398           8         242
  0.6       0.968    0.378125     0.54382     1.37482     1.62732         398           8         242
 0.65       0.952    0.371875    0.534831     1.27509     1.41496         402          12         238
  0.7       0.936    0.365625    0.525843     1.21204     1.29733         406          16         234
 0.75       0.896        0.35    0.503371      1.1258      1.2113         416          26         224
  0.8       0.796    0.310937    0.447191    0.991854    0.912031         441          51         199
 0.85       0.596    0.232813    0.334831    0.923143    0.810306         491         101         149
  0.9       0.352      0.1375    0.197753    0.715266    0.600435         552         162          88
 0.95       0.068   0.0265625   0.0382022    0.661716    0.622433         623         233          17
  Avg      0.7504    0.293125    0.421573          --          --          --          --          --
Time: 1695.63
Threshold low: 63 Threshold high215
  IoU       Prec.        Rec.          F1   ang. err.  a. e. std.      F. Neg      F. Pos      T. Pos
  0.5    0.966102     0.35625    0.520548      1.3896     1.64955         412           8         228
 0.55    0.961864    0.354687    0.518265     1.37423     1.63681         413           9         227
  0.6    0.961864    0.354687    0.518265     1.37423     1.63681         413           9         227
 0.65    0.949153        0.35    0.511416     1.28637      1.4344         416          12         224
  0.7    0.932203     0.34375    0.502283     1.21952     1.31166         420          16         220
 0.75    0.894068    0.329688    0.481735     1.14092     1.22556         429          25         211
  0.8    0.805085    0.296875     0.43379     1.03689      1.0493         450          46         190
 0.85    0.610169       0.225    0.328767    0.930055    0.803488         496          92         144
  0.9    0.355932     0.13125    0.191781    0.722876    0.608121         556         152          84
 0.95   0.0720339   0.0265625   0.0388128    0.661716    0.622433         623         219          17
  Avg    0.750847    0.276875    0.404566          --          --          --          --          --
Time: 1719.59
Threshold low: 76 Threshold high142
  IoU       Prec.        Rec.          F1   ang. err.  a. e. std.      F. Neg      F. Pos      T. Pos
  0.5    0.930502    0.376563    0.536151     1.31411     1.49011         399          18         241
 0.55    0.930502    0.376563    0.536151     1.31411     1.49011         399          18         241
  0.6    0.926641       0.375    0.533927     1.29404     1.46035         400          19         240
 0.65     0.92278    0.373437    0.531702     1.28724      1.4596         401          20         239
  0.7    0.903475    0.365625    0.520578     1.19558      1.2851         406          25         234
 0.75    0.876448    0.354687    0.505006     1.14769     1.23262         413          32         227
  0.8    0.752896    0.304688    0.433815     1.05788     1.06145         445          64         195
 0.85     0.53668    0.217188    0.309232    0.884832    0.852184         501         120         139
  0.9    0.335907    0.135937    0.193548    0.753753    0.747118         553         172          87
 0.95   0.0579151   0.0234375   0.0333704    0.691982    0.535964         625         244          15
  Avg    0.717375    0.290312    0.413348          --          --          --          --          --
Time: 1770.55
Threshold low: 76 Threshold high154
  IoU       Prec.        Rec.          F1   ang. err.  a. e. std.      F. Neg      F. Pos      T. Pos
  0.5    0.928854    0.367188    0.526316     1.26707     1.43222         405          18         235
 0.55    0.928854    0.367188    0.526316     1.26707     1.43222         405          18         235
  0.6    0.924901    0.365625    0.524076     1.24628     1.39948         406          19         234
 0.65    0.916996      0.3625    0.519597     1.23596     1.40035         408          21         232
  0.7    0.901186     0.35625    0.510638     1.15527     1.22369         412          25         228
 0.75     0.87747    0.346875      0.4972     1.10099     1.16178         418          31         222
  0.8    0.762846    0.301563    0.432251     1.04371     1.03787         447          60         193
 0.85    0.533597    0.210938    0.302352    0.905473    0.854272         505         118         135
  0.9    0.328063    0.129688     0.18589    0.764523    0.731337         557         170          83
 0.95   0.0592885   0.0234375   0.0335946    0.812401    0.534596         625         238          15
  Avg    0.716206    0.283125    0.405823          --          --          --          --          --
Time: 1715.97
Threshold low: 76 Threshold high166
  IoU       Prec.        Rec.          F1   ang. err.  a. e. std.      F. Neg      F. Pos      T. Pos
  0.5       0.924    0.360938    0.519101     1.42397     1.76645         409          19         231
 0.55       0.924    0.360938    0.519101     1.42397     1.76645         409          19         231
  0.6       0.916    0.357812    0.514607     1.36236     1.63124         411          21         229
 0.65       0.904    0.353125    0.507865     1.31431     1.53201         414          24         226
  0.7       0.888    0.346875    0.498876     1.26157     1.46709         418          28         222
 0.75       0.856    0.334375    0.480899     1.16045      1.2301         426          36         214
  0.8       0.744    0.290625    0.417978     1.09798     1.11553         454          64         186
 0.85         0.5    0.195313    0.280899    0.934012    0.858815         515         125         125
  0.9       0.316    0.123438    0.177528    0.823899     0.77306         561         171          79
 0.95       0.056    0.021875   0.0314607    0.607815    0.560858         626         236          14
  Avg      0.7028    0.274531    0.394831          --          --          --          --          --
Time: 1760.84
Threshold low: 76 Threshold high179
  IoU       Prec.        Rec.          F1   ang. err.  a. e. std.      F. Neg      F. Pos      T. Pos
  0.5    0.958491    0.396875    0.561326     1.55254     1.89044         386          11         254
 0.55    0.950943     0.39375    0.556906     1.50147     1.80745         388          13         252
  0.6    0.939623    0.389062    0.550276     1.43041     1.67621         391          16         249
 0.65    0.920755     0.38125    0.539227     1.37542     1.58125         396          21         244
  0.7     0.89434    0.370312    0.523757     1.31187      1.5148         403          28         237
 0.75    0.856604    0.354687    0.501657     1.18979     1.22187         413          38         227
  0.8     0.74717    0.309375    0.437569     1.10943     1.10323         442          67         198
 0.85    0.498113     0.20625    0.291713     0.92081    0.846942         508         133         132
  0.9    0.313208    0.129688    0.183425    0.807098    0.749192         557         182          83
 0.95   0.0528302    0.021875   0.0309392    0.607815    0.560858         626         251          14
  Avg    0.713208    0.295312     0.41768          --          --          --          --          --
Time: 1717.95
Threshold low: 76 Threshold high191
  IoU       Prec.        Rec.          F1   ang. err.  a. e. std.      F. Neg      F. Pos      T. Pos
  0.5    0.964567    0.382813    0.548098     1.56891     1.93553         395           9         245
 0.55     0.96063     0.38125    0.545861     1.54548     1.90451         396          10         244
  0.6    0.952756    0.378125    0.541387     1.49185      1.8005         398          12         242
 0.65    0.925197    0.367188    0.525727     1.38053     1.60948         405          19         235
  0.7    0.897638     0.35625    0.510067     1.28954     1.47744         412          26         228
 0.75    0.862205    0.342187    0.489933     1.18451     1.24016         421          35         219
  0.8    0.751969    0.298438    0.427293     1.12338     1.13712         449          63         191
 0.85    0.511811    0.203125    0.290828    0.922547    0.868775         510         124         130
  0.9    0.311024    0.123438    0.176734    0.781933    0.767014         561         175          79
 0.95   0.0472441     0.01875   0.0268456    0.572825    0.582092         628         242          12
  Avg    0.718504    0.285156    0.408277          --          --          --          --          --
Time: 1704.09
Threshold low: 76 Threshold high203
  IoU       Prec.        Rec.          F1   ang. err.  a. e. std.      F. Neg      F. Pos      T. Pos
  0.5       0.972    0.379688    0.546067      1.5311     1.82648         397           7         243
 0.55       0.964    0.376563    0.541573     1.49333      1.7828         399           9         241
  0.6        0.96       0.375    0.539326     1.47772     1.76999         400          10         240
 0.65       0.936    0.365625    0.525843     1.40216     1.66739         406          16         234
  0.7       0.908    0.354687    0.510112     1.24869     1.33831         413          23         227
 0.75       0.872    0.340625    0.489888     1.17512     1.26728         422          32         218
  0.8       0.764    0.298438    0.429213     1.08418     1.08092         449          59         191
 0.85        0.52    0.203125    0.292135     0.91729    0.887022         510         120         130
  0.9       0.316    0.123438    0.177528    0.751912    0.759759         561         171          79
 0.95       0.052   0.0203125   0.0292135    0.540845    0.570119         627         237          13
  Avg      0.7264     0.28375     0.40809          --          --          --          --          --
Time: 1735.54
Threshold low: 76 Threshold high215
  IoU       Prec.        Rec.          F1   ang. err.  a. e. std.      F. Neg      F. Pos      T. Pos
  0.5    0.970339    0.357812    0.522831     1.53332     1.78139         411           7         229
 0.55    0.961864    0.354687    0.518265     1.49324     1.73339         413           9         227
  0.6    0.961864    0.354687    0.518265     1.49324     1.73339         413           9         227
 0.65    0.936441    0.345313    0.504566     1.41366     1.62171         419          15         221
  0.7    0.915254      0.3375    0.493151     1.30061     1.39143         424          20         216
 0.75    0.877119    0.323437    0.472603     1.22539     1.32492         433          29         207
  0.8    0.766949    0.282813    0.413242     1.11425     1.13811         459          55         181
 0.85    0.525424     0.19375    0.283105    0.927321    0.866184         516         112         124
  0.9    0.326271    0.120313    0.175799    0.789646     0.79242         563         159          77
 0.95   0.0550847   0.0203125   0.0296804    0.540845    0.570119         627         223          13
  Avg    0.729661    0.269062    0.393151          --          --          --          --          --
Time: 1639.81
Threshold low: 76 Threshold high228
  IoU       Prec.        Rec.          F1   ang. err.  a. e. std.      F. Neg      F. Pos      T. Pos
  0.5    0.962185    0.357812     0.52164     1.67779     2.01931         411           9         229
 0.55    0.953782    0.354687    0.517084     1.63898     1.98201         413          11         227
  0.6     0.94958    0.353125    0.514806     1.61911      1.9637         414          12         226
 0.65     0.92437     0.34375    0.501139     1.54022     1.86909         420          18         220
  0.7    0.903361    0.335938    0.489749     1.41855     1.66156         425          23         215
 0.75    0.844538    0.314063    0.457859     1.24208     1.39526         439          37         201
  0.8    0.735294    0.273438    0.398633     1.07189     1.08363         465          63         175
 0.85    0.495798    0.184375    0.268793    0.882646    0.839163         522         120         118
  0.9    0.302521      0.1125    0.164009    0.702237    0.676079         568         166          72
 0.95   0.0546218   0.0203125   0.0296128    0.728779    0.680611         627         225          13
  Avg    0.712605       0.265    0.386333          --          --          --          --          --
Time: 1718.26
Threshold low: 89 Threshold high155
  IoU       Prec.        Rec.          F1   ang. err.  a. e. std.      F. Neg      F. Pos      T. Pos
  0.5    0.958647    0.398438    0.562914     1.25931     1.41823         385          11         255
 0.55    0.954887    0.396875    0.560706     1.23559     1.36958         386          12         254
  0.6    0.954887    0.396875    0.560706     1.23559     1.36958         386          12         254
 0.65    0.943609    0.392188    0.554084     1.20096     1.31403         389          15         251
  0.7     0.93609    0.389062    0.549669     1.17368     1.28339         391          17         249
 0.75    0.902256       0.375    0.529801     1.12098       1.227         400          26         240
  0.8    0.778195    0.323437    0.456954     1.01679     1.03126         433          59         207
 0.85    0.541353       0.225    0.317881    0.886693     0.92347         496         122         144
  0.9    0.319549    0.132813    0.187638    0.788871     0.81713         555         181          85
 0.95    0.056391   0.0234375   0.0331126    0.929487    0.576892         625         251          15
  Avg    0.734586    0.305313    0.431347          --          --          --          --          --
Time: 1703.92
Threshold low: 89 Threshold high167
  IoU       Prec.        Rec.          F1   ang. err.  a. e. std.      F. Neg      F. Pos      T. Pos
  0.5    0.958015    0.392188    0.556541     1.36025     1.65063         389          11         251
 0.55    0.954198    0.390625    0.554324     1.33655     1.61074         390          12         250
  0.6    0.954198    0.390625    0.554324     1.33655     1.61074         390          12         250
 0.65    0.935115    0.382813    0.543237     1.26888     1.47101         395          17         245
  0.7    0.919847    0.376563    0.534368     1.19789      1.3233         399          21         241
 0.75    0.881679    0.360938    0.512195     1.14927     1.26989         409          31         231
  0.8    0.770992    0.315625    0.447894     1.04128     1.07814         438          60         202
 0.85    0.530534    0.217188    0.308204    0.859208    0.848824         501         123         139
  0.9    0.316794    0.129688    0.184035    0.790935    0.811434         557         179          83
 0.95   0.0648855   0.0265625    0.037694    0.798689    0.602181         623         245          17
  Avg    0.728626    0.298281    0.423282          --          --          --          --          --
Time: 1722.21
Threshold low: 89 Threshold high179
  IoU       Prec.        Rec.          F1   ang. err.  a. e. std.      F. Neg      F. Pos      T. Pos
  0.5    0.962406         0.4    0.565121     1.40862     1.68566         384          10         256
 0.55    0.958647    0.398438    0.562914     1.38558     1.64821         385          11         255
  0.6    0.958647    0.398438    0.562914     1.38558     1.64821         385          11         255
 0.65     0.93609    0.389062    0.549669      1.3062     1.50455         391          17         249
  0.7    0.917293     0.38125    0.538631     1.23375     1.36738         396          22         244
 0.75    0.868421    0.360938    0.509934     1.16999     1.30724         409          35         231
  0.8     0.75188      0.3125    0.441501      1.0576     1.11622         440          66         200
 0.85    0.515038    0.214062    0.302428    0.809403    0.790199         503         129         137
  0.9    0.319549    0.132813    0.187638    0.699218    0.675183         555         181          85
 0.95   0.0789474   0.0328125   0.0463576    0.878268    0.962169         619         245          21
  Avg    0.726692    0.302031    0.426711          --          --          --          --          --
Time: 1875.39
Threshold low: 89 Threshold high192
  IoU       Prec.        Rec.          F1   ang. err.  a. e. std.      F. Neg      F. Pos      T. Pos
  0.5     0.98008    0.384375    0.552189     1.45526     1.69917         394           5         246
 0.55    0.976096    0.382813    0.549944     1.43146     1.66122         395           6         245
  0.6    0.976096    0.382813    0.549944     1.43146     1.66122         395           6         245
 0.65    0.952191    0.373437    0.536476     1.34991     1.51535         401          12         239
  0.7    0.928287    0.364063    0.523008     1.25363     1.34939         407          18         233
 0.75    0.880478    0.345313    0.496072     1.17505     1.28637         419          30         221
  0.8    0.737052    0.289063    0.415264      1.0726     1.13039         455          66         185
 0.85    0.513944    0.201563    0.289562    0.853867    0.822101         511         122         129
  0.9    0.310757    0.121875    0.175084    0.696573    0.701635         562         173          78
 0.95   0.0796813     0.03125   0.0448934    0.901544    0.975201         620         231          20
  Avg    0.733466    0.287656    0.413244          --          --          --          --          --
Time: 1390.19
Threshold low: 89 Threshold high204
  IoU       Prec.        Rec.          F1   ang. err.  a. e. std.      F. Neg      F. Pos      T. Pos
  0.5    0.972868    0.392188     0.55902     1.54867     1.88084         389           7         251
 0.55    0.965116    0.389062    0.554566     1.51225     1.84063         391           9         249
  0.6    0.965116    0.389062    0.554566     1.51225     1.84063         391           9         249
 0.65     0.94186    0.379688    0.541203     1.45386     1.79078         397          15         243
  0.7    0.918605    0.370312     0.52784     1.31461     1.51197         403          21         237
 0.75    0.872093    0.351563    0.501114     1.21129     1.40122         415          33         225
  0.8    0.732558    0.295312    0.420935     1.04904     1.10127         451          69         189
 0.85    0.515504    0.207813    0.296214    0.849661    0.845936         507         125         133
  0.9    0.313953    0.126562    0.180401    0.628935    0.569993         559         177          81
 0.95   0.0736434   0.0296875   0.0423163    0.729645    0.618586         621         239          19
  Avg    0.727132    0.293125    0.417817          --          --          --          --          --
Time: 1102.31
Threshold low: 89 Threshold high216
  IoU       Prec.        Rec.          F1   ang. err.  a. e. std.      F. Neg      F. Pos      T. Pos
  0.5    0.971074    0.367188     0.53288      1.5542     1.98026         405           7         235
 0.55     0.96281    0.364063    0.528345     1.51533     1.94041         407           9         233
  0.6    0.958678      0.3625    0.526077     1.45563     1.71781         408          10         232
 0.65    0.938017    0.354687    0.514739      1.4083      1.6703         413          15         227
  0.7    0.921488    0.348438    0.505669     1.30549     1.45598         417          19         223
 0.75    0.871901    0.329688    0.478458     1.23068     1.40255         429          31         211
  0.8    0.731405    0.276562    0.401361     1.05821     1.10951         463          65         177
 0.85    0.512397     0.19375    0.281179    0.860388    0.855131         516         118         124
  0.9    0.309917    0.117188    0.170068    0.630788    0.567448         565         167          75
 0.95   0.0826446     0.03125   0.0453515    0.759921     0.70247         620         222          20
  Avg    0.726033    0.274531    0.398413          --          --          --          --          --
Time: 1163.43
Threshold low: 89 Threshold high228
  IoU       Prec.        Rec.          F1   ang. err.  a. e. std.      F. Neg      F. Pos      T. Pos
  0.5    0.970711      0.3625    0.527873      1.5346     1.79155         408           7         232
 0.55    0.962343    0.359375    0.523322     1.49506     1.74458         410           9         230
  0.6    0.962343    0.359375    0.523322     1.49506     1.74458         410           9         230
 0.65    0.941423    0.351563    0.511945     1.44819     1.69913         415          14         225
  0.7     0.92887    0.346875    0.505119     1.36008     1.50337         418          17         222
 0.75    0.878661    0.328125    0.477816     1.28496     1.45858         430          29         210
  0.8    0.740586    0.276562     0.40273      1.0594     1.07753         463          62         177
 0.85     0.51046    0.190625    0.277588    0.854056    0.835789         518         117         122
  0.9    0.322176    0.120313    0.175199    0.640206    0.600431         563         162          77
 0.95   0.0878661   0.0328125   0.0477816    0.727349    0.700846         619         218          21
  Avg    0.730544    0.272812     0.39727          --          --          --          --          --
Time: 918.265
Threshold low: 89 Threshold high241
  IoU       Prec.        Rec.          F1   ang. err.  a. e. std.      F. Neg      F. Pos      T. Pos
  0.5    0.969697        0.35    0.514351     1.53809     1.76155         416           7         224
 0.55    0.961039    0.346875    0.509759     1.49715     1.71181         418           9         222
  0.6    0.961039    0.346875    0.509759     1.49715     1.71181         418           9         222
 0.65    0.939394    0.339062    0.498278     1.44859     1.66297         423          14         217
  0.7    0.926407    0.334375    0.491389      1.3572     1.45368         426          17         214
 0.75    0.878788    0.317188    0.466131     1.28791     1.39746         437          28         203
  0.8    0.735931    0.265625    0.390356     1.07453     1.01713         470          61         170
 0.85     0.52381    0.189062    0.277842    0.889722    0.869846         519         110         121
  0.9    0.320346    0.115625     0.16992    0.706845    0.716478         566         157          74
 0.95   0.0779221    0.028125   0.0413318    0.658976    0.677368         622         213          18
  Avg    0.729437    0.263281    0.386912          --          --          --          --          --
Time: 795.863
