         0.5     0.94822    0.457813    0.617492     1.76853     2.33079         347          16         293
        0.55    0.941748    0.454688    0.613277     1.74414     2.29307         349          18         291
         0.6    0.925566    0.446875     0.60274     1.61528     1.97038         354          23         286
        0.65    0.893204     0.43125    0.581665     1.53485     1.85408         364          33         276
         0.7    0.847896    0.409375     0.55216     1.39601     1.62163         378          47         262
        0.75    0.779935    0.376563    0.507903     1.20458     1.22261         399          68         241
         0.8    0.682848    0.329688    0.444679     1.12575     1.09333         429          98         211
        0.85    0.485437    0.234375    0.316122    0.970831     0.83121         490         159         150
         0.9     0.23301      0.1125    0.151739    0.858101    0.764246         568         237          72
        0.95   0.0485437   0.0234375   0.0316122    0.573593    0.448023         625         294          15
        Avg.    0.678641    0.327656    0.441939     1.44059     1.80133          -1          -1          -1
Time 1400.94
         0.5    0.945513    0.460938    0.619748     1.80127     2.33979         345          17         295
        0.55    0.939103    0.457813    0.615546     1.75116     2.26722         347          19         293
         0.6    0.926282    0.451562    0.607143     1.63701     1.95319         351          23         289
        0.65    0.887821    0.432812    0.581933      1.5384     1.81406         363          35         277
         0.7    0.833333     0.40625    0.546218     1.38699      1.5598         380          52         260
        0.75    0.762821    0.371875         0.5     1.21246     1.23126         402          74         238
         0.8    0.669872    0.326562    0.439076     1.10861     1.06358         431         103         209
        0.85    0.471154    0.229687    0.308824    0.986918    0.874155         493         165         147
         0.9    0.227564    0.110937     0.14916     0.88691    0.763865         569         241          71
        0.95   0.0416667   0.0203125   0.0273109     0.68523    0.531431         627         299          13
        Avg.    0.670513    0.326875    0.439496     1.45389     1.78935          -1          -1          -1
Time 1230.16
         0.5    0.954545    0.459375    0.620253     2.00226     3.11675         346          14         294
        0.55    0.944805    0.454688    0.613924     1.94329     3.07093         349          17         291
         0.6    0.922078     0.44375    0.599156     1.70529     2.22156         356          24         284
        0.65    0.896104     0.43125    0.582278     1.63625     2.13231         364          32         276
         0.7    0.840909    0.404687    0.546414      1.4924     2.02068         381          49         259
        0.75    0.772727    0.371875     0.50211      1.2948     1.68224         402          70         238
         0.8    0.672078    0.323437    0.436709     1.10445     1.16017         433         101         207
        0.85    0.480519     0.23125    0.312236     1.02695     1.13585         492         160         148
         0.9     0.24026    0.115625    0.156118    0.838244    0.799704         566         234          74
        0.95   0.0519481       0.025   0.0337553    0.499619    0.424372         624         292          16
        Avg.    0.677597    0.326094    0.440295     1.55026     2.27218          -1          -1          -1
Time 841.252
         0.5    0.955128    0.465625     0.62605      1.8064      2.4944         342          14         298
        0.55    0.945513    0.460938    0.619748     1.74625      2.4256         345          17         295
         0.6    0.932692    0.454688    0.611345     1.62853     2.03631         349          21         291
        0.65    0.916667    0.446875     0.60084     1.56651     1.93253         354          26         286
         0.7    0.855769    0.417187    0.560924     1.39612     1.75553         373          45         267
        0.75    0.788462    0.384375    0.516807     1.28306     1.63385         394          66         246
         0.8    0.692308      0.3375    0.453782     1.10874     1.12495         424          96         216
        0.85    0.487179      0.2375    0.319328      1.0017     1.04434         488         160         152
         0.9    0.259615    0.126562    0.170168    0.836293    0.773753         559         231          81
        0.95   0.0544872   0.0265625   0.0357143    0.500813    0.410357         623         295          17
        Avg.    0.688782    0.335781    0.451471     1.45732      1.9319          -1          -1          -1
Time 812.016
         0.5    0.924092      0.4375    0.593849     1.47742     1.86624         360          23         280
        0.55    0.924092      0.4375    0.593849     1.47742     1.86624         360          23         280
         0.6    0.920792    0.435937    0.591729     1.46363      1.8553         361          24         279
        0.65    0.891089    0.421875    0.572641     1.33139     1.55539         370          33         270
         0.7    0.854785    0.404687    0.549311     1.23368     1.35402         381          44         259
        0.75    0.815182    0.385937     0.52386     1.15059      1.1722         393          56         247
         0.8    0.706271    0.334375    0.453871     1.10793     1.14331         426          89         214
        0.85    0.485149    0.229687    0.311771     0.95134     1.01424         493         156         147
         0.9    0.227723    0.107813    0.146341    0.826999    0.743445         571         234          69
        0.95   0.0561056   0.0265625   0.0360551    0.553683    0.484119         623         286          17
        Avg.    0.680528    0.322188    0.437328     1.28144     1.54675          -1          -1          -1
Time 783.317
         0.5    0.944984     0.45625    0.615385     1.48268     1.80068         348          17         292
        0.55    0.941748    0.454688    0.613277     1.47101     1.79271         349          18         291
         0.6    0.938511    0.453125     0.61117     1.45773     1.78145         350          19         290
        0.65    0.915858    0.442188    0.596417      1.4181     1.75337         357          26         283
         0.7    0.877023    0.423438    0.571128     1.32513     1.64066         369          38         271
        0.75    0.828479         0.4    0.539515     1.19113     1.25973         384          53         256
         0.8    0.711974     0.34375    0.463646     1.10274     1.16848         420          89         220
        0.85    0.495146    0.239063    0.322445    0.972556      1.1031         487         156         153
         0.9    0.249191    0.120313    0.162276     0.80595    0.733081         563         232          77
        0.95   0.0647249     0.03125   0.0421496    0.534425    0.461159         620         289          20
        Avg.    0.696764    0.336406    0.453741     1.30667     1.58785          -1          -1          -1
Time 740.829
         0.5    0.964968    0.473438     0.63522     1.52342     1.90628         337          11         303
        0.55    0.961783    0.471875    0.633124     1.51231     1.89962         338          12         302
         0.6    0.955414     0.46875    0.628931      1.4781     1.85588         340          14         300
        0.65    0.926752    0.454688    0.610063     1.37085     1.54933         349          23         291
         0.7     0.88535    0.434375    0.582809      1.2671     1.37898         362          36         278
        0.75     0.83121    0.407813     0.54717     1.16241      1.2014         379          53         261
         0.8    0.719745    0.353125    0.473795     1.08479     1.11977         414          88         226
        0.85    0.506369    0.248438    0.333333    0.924846    0.993503         481         155         159
         0.9    0.254777       0.125    0.167715    0.758541      0.7105         560         234          80
        0.95   0.0636943     0.03125   0.0419287    0.508941    0.445453         620         294          20
        Avg.    0.707006    0.346875    0.465409     1.29702     1.56344          -1          -1          -1
Time 732.8
         0.5    0.962733    0.484375    0.644491     1.54136     1.80248         330          12         310
        0.55    0.956522     0.48125    0.640333      1.5124     1.76971         332          14         308
         0.6    0.944099       0.475    0.632017     1.47405     1.72704         336          18         304
        0.65    0.919255      0.4625    0.615385     1.42265      1.6439         344          26         296
         0.7    0.878882    0.442188    0.588358     1.29408     1.43417         357          39         283
        0.75    0.819876      0.4125    0.548857     1.19036     1.27053         376          58         264
         0.8    0.708075     0.35625    0.474012     1.10048     1.19251         412          94         228
        0.85    0.506211    0.254688    0.338877    0.909097    0.996033         477         159         163
         0.9    0.257764    0.129688    0.172557    0.680852    0.626182         557         239          83
        0.95   0.0590062   0.0296875    0.039501     0.41752    0.396577         621         303          19
        Avg.    0.701242    0.352812    0.469439     1.30951     1.53745          -1          -1          -1
Time 758.59
         0.5    0.932476    0.453125    0.609884     1.65903      2.1614         350          21         290
        0.55     0.92926    0.451562    0.607781     1.64789     2.15681         351          22         289
         0.6    0.919614    0.446875    0.601472     1.59628     2.07108         354          25         286
        0.65    0.900322      0.4375    0.588854     1.56196     2.05002         360          31         280
         0.7    0.861736     0.41875    0.563617     1.45366     1.93985         372          43         268
        0.75    0.800643    0.389062    0.523659     1.25903     1.36358         391          62         249
         0.8    0.681672     0.33125    0.445846     1.14963     1.26758         428          99         212
        0.85    0.488746      0.2375    0.319664     1.11649     1.31632         488         159         152
         0.9    0.234727    0.114062    0.153523    0.921487    0.916551         567         238          73
        0.95   0.0546624   0.0265625   0.0357518    0.489284    0.394637         623         294          17
        Avg.    0.680386    0.330625    0.445005     1.43825     1.86458          -1          -1          -1
Time 737.117
         0.5    0.959502     0.48125    0.640999     1.77014     2.31431         332          13         308
        0.55    0.953271    0.478125    0.636837     1.76186      2.3148         334          15         306
         0.6     0.94081    0.471875    0.628512      1.7026     2.23825         338          19         302
        0.65    0.906542    0.454688    0.605619      1.5536     1.94892         349          30         291
         0.7    0.853583    0.428125    0.570239     1.43481     1.80404         366          47         274
        0.75    0.794393    0.398438    0.530697     1.29083     1.37727         385          66         255
         0.8    0.676012    0.339062    0.451613     1.15501     1.25904         423         104         217
        0.85     0.47352      0.2375    0.316337     1.09026     1.29016         488         169         152
         0.9     0.23676     0.11875    0.158169    0.884303    0.916627         564         245          76
        0.95   0.0498442       0.025   0.0332986    0.485725    0.406517         624         305          16
        Avg.    0.684424    0.343281    0.457232     1.48578      1.9215          -1          -1          -1
Time 729.11
         0.5    0.971338    0.476563    0.639413     1.77891      2.2631         335           9         305
        0.55    0.964968    0.473438     0.63522     1.75104     2.24247         337          11         303
         0.6    0.952229    0.467187    0.626834     1.72435     2.23816         341          15         299
        0.65    0.917197        0.45    0.603774      1.6178     2.08668         352          26         288
         0.7    0.856688    0.420312    0.563941     1.44492     1.83032         371          45         269
        0.75    0.792994    0.389062    0.522013     1.27896     1.39926         391          65         249
         0.8     0.66242       0.325    0.436059      1.1289     1.28213         432         106         208
        0.85    0.468153    0.229687    0.308176     1.02021     1.16247         493         167         147
         0.9    0.248408    0.121875    0.163522    0.790338    0.845838         562         236          78
        0.95   0.0636943     0.03125   0.0419287    0.451836    0.387922         620         294          20
        Avg.    0.689809    0.338438    0.454088     1.48534     1.92469          -1          -1          -1
Time 679.943
         0.5       0.975      0.4875        0.65      1.8184     2.35912         328           8         312
        0.55     0.96875    0.484375    0.645833     1.79142     2.34087         330          10         310
         0.6    0.959375    0.479687    0.639583     1.76863     2.33523         333          13         307
        0.65     0.93125    0.465625    0.620833     1.70152      2.2716         342          22         298
         0.7    0.871875    0.435937     0.58125     1.49952     1.92193         361          41         279
        0.75     0.80625    0.403125      0.5375     1.32188     1.48491         382          62         258
         0.8    0.659375    0.329688    0.439583     1.12712     1.23904         429         109         211
        0.85     0.46875    0.234375      0.3125     1.03368     1.12494         490         170         150
         0.9    0.234375    0.117188     0.15625    0.809662      0.8962         565         245          75
        0.95    0.053125   0.0265625   0.0354167    0.405817    0.394398         623         303          17
        Avg.    0.692813    0.346406    0.461875     1.53027     2.01925          -1          -1          -1
Time 669.074
         0.5     0.96519    0.476563    0.638075     1.68275     2.26555         335          11         305
        0.55    0.962025       0.475    0.635983     1.67223     2.26183         336          12         304
         0.6    0.955696    0.471875    0.631799     1.65703     2.25886         338          14         302
        0.65    0.924051     0.45625    0.610879     1.52414     1.98903         348          24         292
         0.7    0.882911    0.435937    0.583682     1.42161     1.90863         361          37         279
        0.75    0.806962    0.398438    0.533473     1.31502     1.77217         385          61         255
         0.8    0.693038    0.342187    0.458159     1.16443     1.40978         421          97         219
        0.85         0.5    0.246875    0.330544    0.957275     1.03205         482         158         158
         0.9    0.237342    0.117188    0.156904    0.807351    0.905073         565         241          75
        0.95   0.0474684   0.0234375   0.0313808    0.318208    0.268869         625         301          15
        Avg.    0.697468    0.344375    0.461088     1.43857     1.95888          -1          -1          -1
Time 657.718
         0.5    0.980707    0.476563     0.64143     1.76649     2.23333         335           6         305
        0.55    0.974277    0.473438    0.637224     1.73854     2.21207         337           8         303
         0.6     0.96463     0.46875    0.630915     1.69594      2.1597         340          11         300
        0.65    0.932476    0.453125    0.609884     1.62607     2.08591         350          21         290
         0.7    0.884244    0.429688    0.578339     1.47595     1.89258         365          36         275
        0.75    0.800643    0.389062    0.523659     1.33529     1.75338         391          62         249
         0.8    0.672026    0.326562    0.439537     1.16187     1.34181         431         102         209
        0.85    0.485531    0.235937     0.31756    0.993307     1.04287         489         160         151
         0.9    0.244373     0.11875    0.159832    0.835416    0.930289         564         235          76
        0.95   0.0482315   0.0234375   0.0315457    0.318219    0.268884         625         296          15
        Avg.    0.698714    0.339531    0.456993     1.49349      1.9428          -1          -1          -1
Time 654.703
         0.5    0.974603    0.479687    0.642932     1.84915       2.324         333           8         307
        0.55    0.968254    0.476563    0.638743     1.82193     2.30529         335          10         305
         0.6    0.965079       0.475    0.636649     1.81041      2.3003         336          11         304
        0.65    0.933333    0.459375    0.615707      1.7165     2.18722         346          21         294
         0.7    0.888889      0.4375    0.586387      1.5602      2.0071         360          35         280
        0.75    0.803175    0.395313    0.529843     1.41366     1.89917         387          62         253
         0.8    0.679365    0.334375    0.448168     1.22585     1.48284         426         101         214
        0.85     0.48254      0.2375    0.318325    0.991512    0.994226         488         163         152
         0.9    0.234921    0.115625    0.154974    0.855104      0.9392         566         241          74
        0.95   0.0444444    0.021875   0.0293194     0.33346     0.27199         626         301          14
        Avg.     0.69746    0.343281    0.460105      1.5721     2.04973          -1          -1          -1
Time 620.032
         0.5    0.972881    0.448437    0.613904      1.8345      2.3622         353           8         287
        0.55    0.966102    0.445313    0.609626     1.80526     2.34257         355          10         285
         0.6    0.962712     0.44375    0.607487     1.79287     2.33735         356          11         284
        0.65    0.932203    0.429688    0.588235     1.72189     2.27074         365          20         275
         0.7    0.881356     0.40625     0.55615     1.55667     2.09028         380          35         260
        0.75         0.8     0.36875    0.504813     1.43015     2.02506         404          59         236
         0.8    0.671186    0.309375    0.423529     1.21498     1.45431         442          97         198
        0.85    0.471186    0.217188    0.297326    0.977941    0.978155         501         156         139
         0.9    0.230508     0.10625    0.145455    0.795173    0.838193         572         227          68
        0.95   0.0440678   0.0203125   0.0278075    0.323683    0.279877         627         282          13
        Avg.     0.69322    0.319531    0.437433     1.56515     2.10192          -1          -1          -1
Time 626.544
