102.399750, 25.789684 
102.223740, 28.132708 
102.712402, 26.436052 
103.764267, 25.762768 
104.089836, 25.423897 
100.662842, 24.508991 
100.841354, 26.136892 
101.403938, 24.442692 
101.523712, 25.768986 
101.506615, 23.431496 
104.148338, 27.150478 
104.077766, 25.773849 
100.677948, 25.084747 
103.073166, 26.781805 
102.034485, 25.080107 
101.437248, 26.107204 
100.879280, 24.063749 
100.879280, 24.063759 
101.676704, 24.063814 
101.196320, 23.757717 
100.435905, 23.130880 
98.910027, 23.905840 
98.910019, 23.132391 
98.413383, 23.366379 
100.291054, 24.630672 
99.679321, 24.482353 
98.588669, 23.506844 
99.396904, 23.050661 
100.828850, 23.656672 
100.358246, 24.412859 
98.170090, 23.082518 
98.274361, 22.634518 
101.358116, 24.710575 
99.041931, 24.173958 
101.637383, 23.748171 
103.274681, 24.197891 
100.763992, 26.145805 
100.688271, 24.137253 
103.617958, 24.251291 
102.164024, 24.162212 
101.593933, 23.329884 
102.013107, 23.901140 
102.159256, 24.892345 
101.768707, 23.178917 
101.123398, 24.083824 
100.242393, 22.547096 
101.329529, 24.046957 
100.649704, 23.500689 
103.020309, 24.792818 
99.779732, 24.184895 
99.151138, 23.374823 
99.820549, 23.377838 
98.770721, 25.208242 
99.618034, 23.982285 
98.787712, 24.218197 
99.527962, 24.145658 
98.619263, 23.610374 
100.131142, 24.253498 
99.124611, 24.603354 
98.943153, 25.030214 
102.089020, 22.532888 
102.802177, 23.689642 
101.659592, 24.249451 
103.242119, 23.547552 
102.781921, 25.902634 
101.482780, 25.958649 
102.207115, 27.250631 
100.846138, 25.209658 
101.656403, 27.567898 
98.691551, 24.308641 
100.806450, 25.450142 
99.574219, 25.625427 
103.634674, 26.875351 
104.658737, 25.588303 
100.916351, 25.971792 
101.689476, 25.955282 
100.801361, 24.980463 
102.856087, 22.561880 
101.919159, 23.155293 
103.334808, 23.769133 
102.504059, 26.342314 
102.608208, 24.950233 
102.024483, 27.293497 
100.013741, 24.208584 
99.309349, 25.553503 
98.611763, 25.992313 
102.236542, 22.930521 
101.062317, 24.455351 
103.646523, 25.317698 
101.785309, 24.559990 
102.541481, 24.564610 
99.753510, 25.722570 
101.599937, 27.015884 
104.027222, 24.305626 
101.714577, 25.759098 
103.294350, 23.695854 
97.292709, 23.430620 
96.299149, 23.424734 
97.837975, 23.478270 
97.837959, 23.478235 
98.800179, 23.461699 
100.314117, 23.487904 
98.253174, 23.488142 
99.143555, 23.483768 
97.821701, 23.264009 
98.998062, 23.111561 
100.217255, 22.583048 
100.580505, 23.603992 
100.619789, 23.356934 
100.864746, 24.158895 
101.393593, 23.683121 
101.974625, 23.791975 
101.399872, 25.521055 
99.818855, 25.590805 
100.176109, 24.743891 
102.144768, 26.583035 
101.143425, 27.625595 
100.733276, 24.506083 
102.043793, 24.452894 
103.995720, 24.025856 
101.232925, 22.152603 
100.686600, 23.222443 
100.073341, 24.985172 
103.888725, 23.145891 
106.521339, 24.961994 
102.154160, 26.136522 
103.076759, 25.515118 
105.339714, 24.175318 
102.058243, 24.659719 
101.789230, 26.218878 
101.385910, 25.028204 
101.385910, 25.028204 
101.486961, 23.873974 
101.321678, 23.306633 
98.825409, 24.638378 
99.447342, 22.477825 
97.424034, 22.753679 
98.029800, 23.470640 
99.639877, 23.829521 
96.785873, 24.401314 
96.785835, 24.401314 
96.792534, 23.437370 
100.350433, 24.183027 
100.451363, 23.483652 
98.106850, 24.836557 
99.393250, 23.800550 
100.408646, 25.039240 
98.947502, 24.429615 
99.439850, 23.788593 
99.439850, 23.788624 
99.439835, 23.788589 
99.439857, 23.788593 
99.836304, 23.567598 
101.238403, 22.584734 
99.530380, 24.202026 
100.368370, 22.983715 
100.357536, 22.199360 
99.942749, 23.778088 
101.699036, 24.194220 
102.069756, 23.995285 
101.532555, 24.419968 
103.698822, 23.925388 
102.639877, 25.803900 
103.746773, 25.957695 
102.825127, 23.896149 
102.300507, 22.215883 
98.216354, 23.356083 
102.528137, 25.146118 
102.809448, 23.012640 
103.094315, 25.052500 
102.685707, 25.006704 
102.048409, 24.639809 
107.172882, 26.395409 
103.572227, 26.141134 
104.751175, 27.220585 
104.137619, 25.067984 
99.396507, 23.593487 
101.829224, 24.435120 
101.726875, 26.766426 
103.495865, 26.661646 
101.195694, 25.229357 
101.421135, 25.351551 
99.992867, 24.873112 
99.023247, 24.568888 
103.401840, 26.092588 
102.857162, 27.346920 
101.662125, 24.453199 
105.499832, 24.485889 
102.857956, 25.304304 
102.857925, 24.892910 
101.727219, 26.538557 
102.793823, 24.517651 
102.304993, 26.491417 
101.553154, 28.006512 
100.955887, 26.923000 
104.039391, 24.600971 
101.149101, 26.428558 
101.036278, 25.870905 
102.203941, 25.417929 
104.144844, 24.910051 
103.458527, 25.681553 
106.831200, 26.770966 
100.925316, 29.890821 
104.133842, 24.835592 
100.935234, 23.257706 
100.846054, 26.114746 
103.285484, 27.693226 
104.477692, 24.501102 
103.805618, 24.193407 
98.903755, 26.439653 
101.683632, 25.025642 
101.230171, 25.307499 
102.748528, 25.175398 
100.298996, 26.632370 
99.875282, 25.175900 
102.560257, 24.246023 
102.125458, 24.313126 
103.908592, 26.322634 
104.484879, 24.360205 
105.310493, 25.013060 
107.182526, 25.387245 
102.656654, 26.580812 
106.883949, 26.759943 
103.759499, 27.199862 
102.313339, 24.804756 
101.439476, 23.319542 
100.628952, 23.416767 
100.259071, 24.087297 
100.064331, 23.677383 
100.951576, 23.475864 
101.444824, 24.882414 
101.372353, 23.467436 
100.001678, 24.740616 
101.562378, 25.930641 
100.667656, 25.255804 
101.457886, 25.108734 
100.675888, 25.076191 
102.146713, 24.947338 
100.969376, 24.835430 
99.412376, 22.710573 
102.641563, 26.373796 
99.664963, 26.417622 
102.136108, 26.018475 
100.244469, 25.302792 
102.254807, 24.933554 
101.520348, 24.917946 
102.273712, 26.108591 
106.041840, 25.674767 
103.600121, 25.239382 
105.896088, 25.538366 
106.151428, 25.038994 
105.151230, 27.027243 
100.705032, 22.631697 
102.603432, 24.840448 
102.730743, 25.710720 
101.764191, 27.597891 
103.345924, 26.118206 
100.944672, 24.950733 
101.737534, 25.342264 
102.463478, 25.689037 
102.609451, 25.304420 
102.897232, 26.151121 
102.935654, 25.687107 
102.307777, 25.790480 
101.858742, 24.880713 
102.053902, 27.764622 
100.421394, 26.962582 
102.588707, 25.396931 
102.938080, 26.949970 
101.560020, 24.111412 
101.740669, 24.868397 
100.935234, 26.190712 
102.963226, 24.901148 
104.136024, 26.135189 
105.016830, 25.352800 
102.880997, 26.488438 
103.148636, 26.962112 
103.788734, 25.376465 
103.440529, 25.335724 
103.784309, 25.724081 
102.106888, 26.891956 
105.725914, 24.925518 
104.528252, 28.212711 
102.591660, 25.727251 
102.547310, 26.505186 
101.229317, 26.196102 
101.448273, 25.726517 
104.110443, 26.134422 
98.406540, 24.040920 
98.147789, 23.792196 
99.598915, 22.810026 
99.178528, 23.288052 
97.882683, 24.483131 
95.493347, 23.123367 
97.823067, 24.210659 
97.081284, 23.959282 
98.435707, 24.062069 
99.629295, 23.557203 
98.920464, 23.087934 
99.861801, 23.788275 
101.850990, 24.426067 
100.644791, 24.984720 
100.407135, 24.647640 
101.148682, 25.115854 
98.217140, 24.562727 
98.217087, 24.562761 
98.217140, 24.562725 
98.217087, 24.562742 
98.217140, 24.562725 
96.961273, 24.561337 
97.373245, 23.571629 
97.052139, 23.645744 
101.182610, 23.166105 
102.727364, 24.803026 
100.785744, 24.803144 
100.372757, 24.803019 
101.558685, 24.802326 
100.372780, 24.802998 
100.372772, 24.803005 
100.372772, 24.803005 
100.749687, 27.776598 
100.060501, 24.973072 
101.576164, 23.297495 
102.120361, 25.042265 
101.508080, 24.429453 
98.740021, 23.913462 
99.374084, 24.986061 
100.440102, 24.604660 
102.179932, 25.377647 
100.683517, 23.836697 
99.670456, 21.548979 
101.862755, 24.904400 
104.099854, 24.182350 
103.271362, 24.879963 
101.078651, 24.545292 
105.050972, 24.864237 
100.475082, 23.243889 
100.475060, 24.429958 
98.557213, 24.264444 
98.557236, 24.264463 
99.858353, 23.509676 
99.858345, 23.509684 
99.991333, 22.937477 
99.017250, 23.424030 
98.705200, 23.386559 
97.511520, 23.390919 
97.511536, 23.390915 
96.932587, 24.836048 
99.900764, 24.834408 
95.905037, 23.985405 
96.828110, 23.412912 
97.342117, 24.046772 
103.795746, 25.324028 
97.757126, 27.860502 
103.847237, 27.088337 
103.686386, 25.564507 
103.016487, 23.769436 
103.108383, 26.180151 
100.529510, 24.715811 
99.167953, 28.797512 
103.455353, 23.972099 
106.375420, 23.607063 
103.843658, 25.527863 
104.282700, 25.751190 
102.770538, 28.440992 
104.647842, 29.413418 
101.600098, 26.920200 
103.780365, 24.602627 
102.369545, 22.336411 
100.727333, 22.595558 
99.757462, 23.837999 
99.721809, 23.392971 
98.799774, 23.233950 
99.499596, 23.775644 
100.568634, 22.356474 
102.155006, 23.843843 
101.401192, 24.570967 
100.726433, 22.619257 
99.148270, 22.614851 
100.109550, 23.916821 
100.286461, 23.775549 
99.428658, 23.860062 
101.525131, 22.803324 
101.619194, 22.623312 
99.653572, 23.842169 
100.346268, 23.454857 
99.111824, 23.262733 
100.008942, 23.361900 
100.008926, 23.361887 
98.403664, 22.888783 
96.581856, 23.543526 
96.997986, 23.467781 
101.938362, 24.304398 
101.938408, 24.304399 
100.219925, 24.311102 
100.219955, 24.311111 
99.613998, 23.994871 
99.277596, 22.739029 
99.277611, 22.739008 
98.766441, 23.541489 
98.805412, 24.826300 
98.781479, 23.407623 
100.408646, 25.039240 
98.947502, 24.429615 
99.439850, 23.788593 
99.439850, 23.788624 
99.439835, 23.788589 
99.439857, 23.788593 
99.836304, 23.567598 
101.238403, 22.584734 
99.530380, 24.202026 
100.368370, 22.983715 
99.995911, 24.047827 
99.942749, 23.778088 
101.699036, 24.194220 
102.069756, 23.995285 
101.969337, 24.052649 
101.969330, 24.052652 
101.318222, 24.060307 
101.318214, 24.060280 
100.927299, 24.048260 
100.379807, 24.060369 
100.379807, 24.060360 
99.939003, 24.098904 
96.262123, 23.547491 
97.102440, 22.983559 
97.099190, 24.197998 
99.441017, 25.443628 
97.959793, 26.612528 
98.582092, 23.923052 
98.582085, 23.923048 
97.575127, 24.529375 
103.303772, 23.993139 
102.157570, 23.860947 
103.839973, 24.584896 
98.579361, 24.706629 
100.624771, 25.326212 
98.099998, 26.554874 
101.222656, 24.613327 
101.948959, 24.440411 
102.877945, 24.922253 
99.414101, 23.608143 
104.208687, 23.321623 
101.308159, 25.708176 
101.943436, 23.965794 
101.215927, 25.005642 
100.956940, 26.115400 
101.045540, 23.604452 
97.216171, 22.634508 
96.032936, 22.764496 
97.048820, 22.777065 
98.107010, 22.777437 
98.107002, 22.777437 
99.601471, 22.777111 
99.012733, 23.479305 
96.409431, 22.779514 
99.865875, 23.433117 
99.100433, 23.418747 
100.286324, 23.428617 
100.056526, 23.416471 
99.405548, 23.434500 
99.405594, 23.434471 
100.761856, 23.434790 
100.761856, 23.434759 
105.731789, 25.328480 
103.381889, 24.012787 
107.453789, 25.666325 
101.232147, 24.417194 
102.367355, 25.003702 
98.647408, 24.560501 
100.493851, 24.011091 
98.316528, 24.300812 
102.857925, 23.676516 
102.015831, 22.462244 
103.739281, 23.158001 
102.527428, 24.641922 
105.418350, 24.942558 
102.120522, 23.657135 
101.823425, 26.500557 
100.895775, 25.823610 
105.111534, 26.418634 
102.034485, 27.455208 
103.064774, 25.054689 
104.174461, 23.470049 
100.904282, 24.040337 
99.085510, 23.881914 
99.654663, 23.139957 
100.417976, 22.926300 
101.685089, 26.452244 
101.216133, 24.202856 
103.658455, 25.915459 
102.031708, 25.100525 
102.657967, 24.423965 
102.196335, 24.782879 
102.443176, 24.403133 
102.443573, 24.400034 
102.246864, 23.736418 
99.733894, 23.367205 
99.702377, 25.097540 
99.820229, 22.692307 
100.286362, 23.422237 
101.387543, 23.499220 
101.179207, 24.291737 
101.195786, 23.141127 
100.254211, 23.351063 
100.864532, 23.223858 
100.404762, 23.543997 
102.105820, 24.240406 
101.876038, 23.257706 
100.402046, 24.225891 
103.541405, 25.419687 
102.724640, 24.668991 
104.962234, 27.007986 
100.862556, 24.898092 
102.118149, 27.066654 
100.109116, 26.530392 
103.280037, 24.139463 
102.461983, 24.907810 
101.829369, 24.080858 
102.018623, 23.676979 
100.898911, 22.447128 
101.685104, 25.332443 
102.449799, 24.086321 
102.449829, 25.715715 
104.094398, 27.343573 
100.003342, 24.502321 
102.348160, 25.309196 
104.082451, 28.166256 
102.487755, 26.823893 
102.160492, 25.000000 
103.018341, 25.913601 
102.480728, 24.075981 
103.396828, 25.946459 
101.543213, 24.382721 
100.312897, 25.610489 
103.707840, 23.758966 
101.569412, 26.012484 
103.219948, 23.121006 
101.301262, 23.865812 
102.815277, 24.115311 
99.081642, 25.632418 
99.406227, 25.289244 
100.927811, 25.624352 
101.141342, 26.534340 
101.857681, 25.014540 
101.341270, 24.532578 
101.713364, 23.527185 
100.707024, 23.750437 
99.603416, 23.742661 
98.980415, 23.873438 
98.413971, 23.961084 
98.413971, 23.961105 
100.760330, 24.555559 
100.111191, 24.651161 
99.726768, 24.146639 
100.484917, 23.510080 
99.852074, 24.022537 
98.834320, 24.021030 
98.317245, 23.130825 
98.317215, 23.130825 
101.599045, 28.239805 
100.854500, 26.520411 
102.530235, 24.535385 
101.682655, 28.594612 
99.107826, 25.757298 
97.837097, 27.128206 
100.226456, 24.624949 
102.922943, 25.446260 
102.216187, 25.726999 
103.686317, 24.104359 
102.922546, 26.273172 
100.647644, 23.673420 
104.462570, 27.015976 
101.820206, 23.764668 
101.493462, 24.080620 
101.961227, 25.317410 
106.435974, 24.887222 
100.739433, 26.235012 
101.027626, 24.163191 
102.779793, 25.149279 
102.063675, 25.150272 
98.627380, 23.561821 
104.210213, 24.690367 
100.140686, 25.678156 
105.292145, 24.183887 
102.645401, 26.970276 
103.272560, 24.526787 
103.304832, 22.803263 
102.760025, 28.209984 
103.172981, 25.702648 
104.146439, 26.686859 
102.139549, 26.415255 
98.705429, 23.731640 
98.705452, 23.731640 
99.573807, 23.022303 
99.920624, 23.708828 
99.920624, 23.708830 
98.562584, 24.596355 
100.163513, 24.597065 
100.831596, 23.958450 
96.904556, 23.406116 
96.740562, 23.699768 
97.162949, 24.223099 
97.162971, 24.223122 
97.162949, 24.223099 
95.457489, 24.312889 
97.293388, 23.265730 
97.430649, 23.263401 
102.151527, 24.017580 
101.461868, 21.547691 
104.131821, 25.811975 
105.191864, 27.305147 
101.898178, 25.444067 
101.361023, 23.737825 
100.692207, 23.736839 
101.344772, 24.530607 
101.601585, 27.801054 
103.417038, 28.459301 
102.386925, 26.708654 
104.389488, 26.442844 
100.724266, 24.748081 
103.153152, 24.077341 
102.510490, 26.595915 
103.227150, 28.789900 
101.996658, 26.086525 
101.456215, 25.109869 
103.908997, 25.136139 
103.125275, 23.228174 
102.990410, 25.776951 
101.562050, 23.720253 
100.449768, 24.332394 
101.631058, 23.333292 
103.176247, 24.544186 
103.434792, 23.789803 
101.648201, 25.120703 
102.714111, 23.739473 
102.063499, 24.153435 
103.434837, 25.422640 
103.460724, 24.426516 
101.451668, 24.413179 
101.462288, 28.262304 
103.647766, 25.261259 
103.426567, 25.703974 
102.011238, 24.229033 
103.126610, 27.547733 
103.900055, 24.975525 
101.679359, 26.088610 
101.758942, 26.142887 
101.697800, 27.262018 
102.322586, 23.814238 
101.532333, 26.115612 
101.542145, 25.289581 
102.222542, 28.640760 
100.540268, 23.563633 
102.453262, 24.120770 
101.358910, 25.246668 
100.483948, 23.879862 
100.483948, 23.879833 
99.911690, 24.243441 
100.079163, 23.877302 
99.397476, 23.551407 
100.391655, 23.561537 
100.112350, 23.574074 
100.112335, 23.574074 
98.493385, 23.882442 
97.005150, 23.882231 
97.988701, 23.657383 
97.714798, 23.281536 
97.714813, 23.281515 
96.475952, 23.812769 
97.352249, 22.930561 
95.472099, 23.683769 
102.908974, 24.594038 
98.822762, 26.325758 
101.157562, 27.207380 
101.663750, 26.425171 
99.416878, 22.482254 
101.462692, 24.185873 
99.488510, 24.859373 
100.187233, 24.543787 
102.980186, 24.945869 
99.682892, 25.104767 
103.269379, 23.821079 
101.288239, 23.388678 
105.230919, 22.805391 
99.396767, 25.403400 
102.925980, 27.401501 
104.436646, 26.324638 
102.938110, 24.846003 
102.857956, 27.758118 
101.245056, 24.942255 
102.586281, 26.537334 
103.296410, 26.987104 
100.460922, 23.701841 
100.157684, 23.964861 
101.892044, 24.202787 
102.833527, 25.323973 
102.258827, 24.736345 
99.576256, 26.161001 
101.476082, 25.560139 
104.199448, 27.558287 
103.951180, 25.875252 
100.721779, 25.856163 
103.721733, 26.707371 
99.058029, 24.138268 
99.057999, 24.138268 
99.058029, 24.138241 
99.058044, 24.138256 
101.773178, 24.159533 
100.704369, 24.159533 
101.365547, 24.157715 
99.110847, 26.064117 
97.168549, 24.105022 
97.222038, 23.084112 
97.222031, 23.084110 
98.799393, 24.110588 
98.799385, 24.110556 
98.183975, 22.711117 
100.935097, 22.716158 
100.702995, 23.723890 
102.168808, 23.799536 
101.825623, 27.113224 
104.903648, 24.074930 
101.495743, 25.713930 
106.346344, 29.277782 
102.329704, 26.494698 
101.968010, 25.430025 
101.098801, 25.499729 
100.116631, 26.518494 
102.076118, 24.799686 
101.543716, 26.864168 
99.992546, 24.773653 
102.152748, 25.260147 
103.838135, 23.978214 
100.473671, 24.050243 
102.026405, 26.443447 
102.072380, 23.537050 
101.057335, 24.302557 
102.122955, 22.611134 
102.215385, 25.437803 
100.774399, 25.078306 
103.490601, 27.587481 
99.731682, 23.990734 
101.284317, 25.662405 
102.544823, 23.830231 
102.273712, 24.918144 
104.477470, 21.212692 
104.477318, 25.204840 
102.602219, 24.907055 
101.048050, 24.558708 
103.351715, 25.273323 
102.990753, 25.646366 
104.207329, 25.746132 
101.871300, 23.972593 
100.456345, 22.037003 
99.317741, 23.909321 
101.065155, 26.337049 
98.470909, 23.399204 
99.089478, 25.452477 
100.624771, 22.344891 
104.428696, 23.086489 
101.148315, 23.521681 
104.638107, 27.168207 
101.580223, 25.273291 
100.658455, 24.582935 
101.712769, 26.628925 
101.522385, 24.647934 
103.703575, 25.498907 
104.447701, 25.155617 
103.090591, 26.449131 
104.684135, 27.176838 
102.117836, 28.644669 
106.643120, 30.577505 
102.408325, 27.346378 
101.514893, 23.216240 
103.039642, 23.957027 
102.100998, 24.699337 
101.458153, 27.209667 
100.995018, 24.761906 
102.225754, 26.146530 
102.302322, 27.453146 
101.395874, 26.114588 
100.501274, 24.627317 
100.044220, 23.016052 
98.526688, 23.140415 
97.609032, 23.887875 
97.332443, 23.530455 
97.557510, 23.259699 
97.646484, 24.796597 
100.458397, 24.346140 
99.832268, 23.614912 
100.765633, 26.206924 
101.040298, 23.168278 
99.278442, 24.752188 
99.298965, 23.898802 
100.463181, 24.294159 
100.395576, 22.951986 
100.173538, 24.828819 
101.325981, 23.083504 
100.434174, 24.468685 
98.226418, 24.235483 
100.124489, 26.117027 
101.044136, 25.480286 
102.286186, 25.778471 
102.474174, 24.285469 
99.001320, 25.667007 
101.129524, 24.146795 
100.364868, 23.524954 
101.628510, 23.509844 
103.728157, 24.392906 
100.619926, 26.069361 
101.047478, 27.491106 
102.054626, 25.089447 
100.540070, 24.868956 
105.277328, 24.875374 
102.722046, 26.449360 
99.329384, 24.052996 
99.067604, 22.725666 
97.141861, 22.838245 
96.820992, 23.552376 
98.126877, 24.171139 
97.910065, 23.645546 
99.715012, 25.543232 
99.548134, 23.620459 
99.483551, 25.155375 
101.409279, 23.957163 
101.660774, 23.489693 
103.167358, 24.442734 
100.735649, 24.829218 
100.056343, 23.764891 
100.109276, 23.560995 
100.306000, 24.246014 
102.677032, 24.405033 
100.511002, 23.419867 
100.493050, 24.410082 
99.324448, 22.958851 
101.502754, 22.304037 
102.675171, 23.595043 
100.415520, 22.916063 
100.371849, 22.934357 
99.877090, 23.269175 
102.350189, 24.779995 
100.205139, 23.564693 
99.561050, 24.336359 
102.490776, 23.888632 
100.819870, 23.563450 
100.280525, 24.178009 
102.582108, 23.703070 
101.494072, 22.971767 
101.494072, 23.921175 
101.162102, 24.040121 
101.162102, 24.674469 
100.461250, 24.055342 
99.065125, 23.122620 
99.065125, 23.122618 
99.065147, 23.122633 
97.573982, 23.438427 
97.573975, 23.438404 
97.573982, 23.438427 
101.151711, 23.572029 
101.151711, 23.572014 
99.530281, 24.017645 
99.530281, 24.017632 
100.164307, 23.589533 
101.119377, 24.499481 
99.919739, 23.912260 
99.126160, 24.479521 
99.737968, 23.607597 
99.737999, 23.607586 
99.374252, 23.244829 
99.374229, 23.244827 
98.769913, 23.845335 
96.798782, 23.321562 
97.068527, 23.385191 
96.831848, 23.158367 
98.968094, 25.120071 
98.968102, 25.120058 
98.968155, 25.120024 
98.968132, 25.120031 
98.968140, 25.120033 
103.853172, 23.818768 
102.140266, 24.623669 
98.047348, 24.470024 
100.245850, 22.968937 
100.186615, 24.008219 
100.746719, 22.615372 
100.534882, 23.600489 
100.535576, 23.601765 
100.042519, 23.807806 
102.263542, 24.960701 
101.573982, 24.478037 
101.364449, 24.771660 
101.933968, 24.787416 
101.409164, 24.428112 
101.070732, 24.113375 
99.887009, 22.955082 
102.961311, 26.513863 
103.381805, 24.439857 
101.756241, 23.834816 
102.608330, 24.580082 
102.604149, 24.572224 
99.768005, 24.713102 
98.649681, 25.307257 
101.242271, 24.709290 
101.610039, 21.532808 
102.763092, 23.540533 
103.172607, 26.021559 
103.199455, 24.477785 
103.070541, 23.882170 
103.167732, 25.299652 
101.991615, 25.787851 
100.506599, 25.654657 
102.960373, 25.633434 
103.606606, 24.142498 
102.517715, 23.659946 
104.424210, 26.113028 
104.926117, 23.645325 
104.308548, 25.120628 
103.049202, 26.619219 
103.764763, 27.067287 
101.382202, 26.933260 
102.936745, 24.855026 
101.816734, 27.359039 
102.588959, 25.289408 
100.409012, 24.486271 
102.058823, 24.921137 
101.645760, 26.145700 
101.306999, 25.339249 
101.876602, 24.700081 
101.876602, 24.700056 
101.876633, 24.700087 
100.292274, 24.066460 
100.292274, 24.066460 
98.604385, 23.649458 
97.368843, 23.648346 
97.368843, 23.648346 
99.683105, 24.109680 
99.781509, 24.404459 
99.781509, 24.404459 
98.774078, 24.676247 
100.390312, 24.477844 
98.465088, 23.761730 
98.465088, 23.761745 
97.015137, 23.006399 
101.058868, 23.842363 
99.847702, 24.120337 
102.964760, 25.082495 
102.729210, 24.135500 
101.375031, 25.493486 
99.795105, 25.204926 
100.443275, 23.896370 
102.565620, 26.988014 
100.043663, 23.358866 
101.048172, 24.388697 
100.824867, 24.183243 
101.246826, 24.253626 
98.978783, 22.711611 
102.189507, 24.458786 
101.250252, 23.970490 
101.099579, 23.761314 
103.030579, 23.686882 
102.228134, 24.588184 
100.777901, 24.791431 
102.458321, 25.028412 
101.961784, 24.509989 
102.125267, 23.587822 
100.398460, 24.518995 
101.101288, 23.928926 
100.934586, 23.022882 
101.439995, 24.476875 
100.892540, 24.187674 
101.439629, 24.396648 
101.670692, 23.624760 
100.400589, 25.605362 
98.955971, 24.129271 
104.240074, 23.555494 
102.046432, 26.185701 
103.760078, 26.436813 
102.263588, 24.880064 
104.894836, 27.107300 
101.859413, 26.762897 
102.062828, 25.668867 
103.344803, 26.841675 
103.345734, 25.650543 
98.941429, 26.546328 
101.694916, 26.101685 
100.570831, 22.869820 
101.441277, 25.449352 
100.099876, 24.255573 
102.640251, 25.542234 
101.080772, 27.905457 
102.976128, 26.411894 
101.670746, 26.507099 
102.230965, 23.261276 
101.942902, 24.492882 
104.492996, 24.906769 
104.120842, 26.123798 
102.987373, 23.691410 
103.012535, 26.558823 
103.792595, 24.950302 
103.953133, 25.915789 
102.486221, 24.861792 
102.273117, 24.078613 
102.053871, 24.493212 
100.507309, 24.079769 
101.632690, 24.489792 
102.456291, 24.881554 
105.234444, 25.693396 
102.071388, 25.807467 
100.594658, 25.259211 
100.245468, 23.379505 
101.462029, 24.025255 
103.609810, 25.857048 
99.645378, 24.122202 
98.126640, 23.687214 
102.984734, 24.904463 
101.272583, 22.113596 
101.436089, 24.632929 
101.107819, 24.579916 
103.612801, 25.427048 
102.520248, 24.262619 
101.883308, 25.168545 
105.878044, 25.355597 
100.573265, 25.968805 
101.663193, 26.776089 
102.236557, 27.123764 
101.858734, 24.907043 
101.221642, 24.187109 
100.963089, 25.999739 
99.550537, 25.498590 
102.572800, 23.548643 
100.302254, 25.042458 
103.995659, 24.761898 
101.588417, 25.963764 
100.717285, 27.632017 
104.086250, 24.301960 
103.796715, 24.266281 
104.439781, 25.934958 
104.875305, 27.416992 
102.758286, 25.300907 
103.356400, 27.538551 
99.721550, 25.252422 
105.304764, 26.273880 
100.804649, 25.124640 
102.870705, 25.515497 
101.388206, 24.180296 
100.674904, 25.120327 
101.973305, 24.525354 
103.912544, 26.488146 
103.611092, 24.090652 
99.764114, 26.083843 
102.686386, 25.711615 
103.426605, 25.480848 
100.897675, 23.095280 
100.775688, 24.932028 
100.857994, 24.174925 
101.058868, 23.842363 
99.847702, 24.120337 
100.221222, 26.149004 
101.398766, 25.108566 
100.939392, 25.125275 
99.602539, 22.666836 
100.443275, 23.896370 
103.494698, 25.446119 
100.043663, 23.358866 
101.048172, 24.388697 
100.824867, 24.183243 
99.772629, 23.058285 
98.831894, 22.783636 
99.372986, 23.577629 
101.250252, 23.970490 
101.099579, 23.761314 
101.681595, 24.661493 
102.691566, 27.810242 
101.361496, 26.177208 
103.490341, 23.907648 
104.461189, 24.440060 
99.444054, 26.080044 
97.954391, 24.881620 
101.242035, 26.476572 
102.725822, 24.183441 
102.690063, 25.595926 
100.322067, 23.931900 
101.971512, 26.019941 
100.645401, 27.254755 
101.345291, 24.092226 
100.473351, 25.128445 
104.371384, 25.655909 
100.774170, 23.802982 
100.774170, 23.802961 
100.736938, 24.401684 
101.066345, 23.799767 
99.475578, 24.156269 
99.603493, 23.020369 
98.857849, 24.208473 
98.857826, 24.208473 
98.556725, 24.044456 
99.322105, 23.670153 
97.268211, 23.449549 
97.175804, 23.829655 
98.652893, 23.669519 
97.194687, 23.670637 
96.930695, 23.523230 
96.930710, 23.523254 
100.544662, 23.247307 
100.544678, 23.247330 
100.544662, 23.247326 
100.544670, 23.247314 
99.451752, 24.559063 
99.147728, 23.789463 
99.492989, 22.536856 
99.492989, 22.536856 
98.342018, 23.950977 
97.218994, 23.897898 
97.219025, 23.897900 
97.544945, 24.256989 
97.758781, 23.898563 
96.093239, 23.897455 
97.137650, 22.400288 
97.643967, 22.622719 
101.167786, 24.149994 
100.973068, 23.753132 
100.598534, 24.541056 
101.127762, 23.381264 
100.410233, 23.381260 
102.352623, 24.139366 
100.377213, 24.224445 
102.137550, 23.513779 
101.333954, 24.061543 
98.809181, 24.005356 
99.407410, 22.637056 
100.610229, 23.801502 
100.553848, 23.784779 
100.544563, 23.760384 
101.276978, 23.872330 
98.475372, 23.700363 
101.889725, 25.058025 
102.794456, 24.659538 
100.320526, 24.104452 
103.140472, 22.914358 
102.748398, 24.443901 
98.193741, 22.502827 
101.226112, 24.168804 
100.360466, 23.978569 
104.629143, 25.116266 
101.824394, 24.907907 
102.547668, 24.756985 
101.635078, 24.990519 
100.325706, 24.704229 
103.285561, 26.819153 
102.207077, 24.979282 
103.235977, 24.463654 
99.344124, 25.062792 
98.479713, 24.192913 
99.235405, 25.629305 
99.998154, 22.640703 
98.724373, 23.275280 
97.085999, 23.734924 
98.377731, 23.152142 
98.336891, 23.666996 
97.928055, 22.811993 
100.131134, 24.253502 
99.124596, 24.603384 
100.825256, 23.812607 
100.949013, 22.788797 
98.786102, 25.684010 
100.366730, 23.356491 
101.395737, 22.972549 
100.492073, 26.555208 
100.341576, 26.528234 
104.018784, 25.192266 
101.056450, 25.061333 
101.658890, 23.911533 
102.806915, 27.185276 
98.176659, 22.969427 
100.978127, 24.858049 
102.261459, 23.316925 
102.973282, 25.301104 
102.488846, 23.698399 
101.448166, 25.305733 
104.347252, 28.573364 
101.766983, 25.054987 
102.593842, 24.246086 
103.822952, 25.701323 
103.070541, 25.933565 
100.000000, 26.394043 
100.388977, 25.267591 
100.760643, 25.653065 
101.981461, 26.789005 
99.215408, 27.208254 
99.106232, 24.182627 
103.190018, 26.024244 
103.311623, 22.569044 
102.343987, 26.352619 
100.050438, 24.872404 
100.844269, 25.297405 
102.992310, 27.076349 
102.684563, 23.953047 
102.833420, 24.917463 
103.938431, 25.246342 
101.610390, 24.534199 
102.563538, 24.519737 
98.616051, 24.599352 
99.136688, 23.810816 
102.504150, 26.772488 
101.232079, 25.653072 
100.738297, 27.167013 
102.626472, 24.876953 
102.228691, 24.736286 
103.399872, 26.476482 
101.194931, 26.739223 
105.696762, 24.174038 
104.477531, 26.788027 
101.869629, 23.778437 
103.016930, 24.939606 
104.557182, 26.334990 
104.025215, 24.675858 
102.920334, 24.029037 
101.733528, 23.214397 
104.639114, 25.113377 
103.439781, 26.286098 
104.022331, 26.833933 
104.427132, 27.143930 
105.971107, 24.797756 
101.868736, 25.701580 
100.785187, 25.251678 
99.431152, 26.812887 
105.518433, 29.268703 
101.912170, 26.147749 
101.433685, 28.825069 
101.802002, 24.267580 
100.774323, 26.513641 
99.520279, 23.555428 
100.073471, 23.103760 
100.609550, 23.985580 
97.161842, 23.943052 
99.791847, 23.439270 
101.257339, 23.477013 
99.188179, 24.160555 
100.211357, 24.477188 
99.169632, 23.823040 
98.731804, 23.264370 
99.839523, 24.638336 
101.009232, 23.427889 
100.364357, 23.780748 
97.851807, 25.340801 
99.384842, 23.463177 
99.183800, 24.126879 
100.085716, 23.444088 
100.163589, 23.792738 
100.163544, 23.792734 
100.163544, 23.003199 
99.420891, 24.700478 
97.707260, 22.333744 
97.707283, 22.333717 
96.485153, 23.427252 
101.090706, 24.787655 
100.243988, 24.638634 
99.812790, 23.793816 
99.825531, 23.800505 
99.584503, 23.231892 
98.591019, 23.575848 
98.666512, 23.100471 
98.666512, 23.100487 
101.636658, 23.580034 
100.208260, 25.600147 
103.608162, 25.481571 
103.531647, 26.188187 
101.678764, 24.132366 
98.484344, 23.933702 
100.030014, 25.917398 
101.400490, 25.537516 
102.528145, 23.635143 
103.888542, 26.874693 
104.684975, 25.174557 
104.329788, 25.295811 
102.625107, 23.933298 
103.402939, 23.638403 
102.844666, 25.498142 
103.042786, 25.437935 
98.582443, 24.266085 
98.582443, 24.266085 
98.016541, 24.267426 
97.263367, 24.266733 
98.885597, 24.602169 
97.022369, 24.114368 
97.373947, 23.322622 
96.292152, 23.322847 
96.292152, 23.322847 
97.490784, 22.321951 
100.216141, 23.414576 
99.386597, 24.133633 
100.880478, 23.074802 
100.437050, 25.272484 
100.437637, 24.576817 
100.895569, 24.386662 
102.957878, 27.722990 
102.852768, 26.287920 
100.987587, 23.864334 
100.498474, 23.933697 
99.809151, 25.947708 
101.640076, 23.939545 
101.792137, 23.117702 
101.620338, 25.378910 
104.172455, 23.767220 
101.213570, 24.899229 
100.989227, 24.556210 
100.608833, 22.976986 
103.399879, 24.942131 
102.054588, 25.670391 
103.223740, 22.998388 
102.273712, 27.169321 
100.487190, 24.389433 
100.487206, 24.389391 
100.393723, 24.721800 
100.152161, 24.715237 
100.171898, 23.843723 
100.171875, 23.843708 
100.171898, 23.843710 
100.171875, 23.843721 
98.057167, 23.105953 
98.153046, 23.223824 
96.793274, 24.291826 
99.395935, 25.222776 
99.395981, 25.222780 
99.022667, 24.811085 
99.022690, 24.811096 
98.714294, 22.933186 
99.196007, 23.732513 
99.625008, 23.446823 
99.222847, 23.632851 
100.057091, 24.365107 
100.057091, 24.008997 
98.308220, 23.542738 
97.440033, 23.251854 
98.184090, 22.963381 
102.262070, 24.952366 
102.262070, 24.952366 
100.810959, 24.164949 
100.429825, 24.195280 
100.429825, 24.195282 
99.443520, 23.482590 
99.443459, 23.482586 
98.789581, 22.783262 
99.660118, 25.478390 
99.447052, 25.768820 
100.969604, 21.450445 
101.790924, 25.567945 
100.076576, 23.882442 
101.335533, 24.364088 
103.019623, 26.540150 
101.230835, 27.928604 
104.558144, 25.885809 
100.662186, 23.840052 
101.908653, 22.552776 
102.346207, 25.939644 
105.236671, 24.557241 
102.494637, 21.494627 
102.795563, 24.750727 
102.555786, 24.652418 
100.109779, 24.138458 
101.716995, 26.521429 
101.649590, 23.819016 
100.841660, 24.224636 
104.540977, 25.900604 
102.845032, 28.543514 
104.752266, 25.606928 
101.463455, 24.262203 
103.105453, 24.563019 
105.827248, 26.141508 
102.666504, 24.794628 
104.451294, 29.024014 
101.533592, 24.858395 
102.250954, 25.620087 
101.858765, 25.650558 
102.909630, 24.923214 
100.420975, 25.149418 
100.359573, 27.168039 
103.486481, 26.264059 
102.196510, 25.779079 
101.451698, 24.751846 
100.813965, 25.618101 
98.367004, 22.795685 
104.271042, 27.385868 
101.696434, 24.173742 
103.757820, 24.649525 
102.339775, 25.379230 
102.327827, 24.112339 
105.239456, 26.834911 
102.612366, 24.527843 
103.612122, 23.522261 
103.963760, 23.702557 
100.800339, 24.331041 
101.196320, 24.351675 
100.141846, 23.942118 
100.283684, 23.601830 
99.242249, 23.196127 
98.319542, 23.424692 
97.918167, 23.012850 
98.556480, 22.011158 
97.424461, 22.553349 
97.893967, 23.324535 
99.764275, 23.684717 
99.552940, 23.162331 
98.928703, 23.650877 
99.472534, 22.907425 
100.471680, 24.563454 
100.077354, 23.766413 
99.369301, 22.760622 
99.452950, 22.761316 
99.902725, 24.141493 
100.269081, 23.504345 
100.268875, 23.504383 
100.268875, 23.504383 
100.268875, 23.504383 
99.326683, 22.357578 
98.832344, 23.394560 
98.832367, 23.394604 
98.441963, 23.548273 
98.000542, 23.037807 
97.867729, 24.535982 
96.268478, 23.373535 
97.451088, 23.372101 
97.451088, 23.372120 
100.571671, 24.020016 
100.571671, 24.020044 
101.614243, 24.206059 
101.614227, 23.600037 
100.192589, 23.717867 
100.147743, 23.719477 
99.539490, 23.720041 
98.853874, 23.450241 
96.829239, 22.346321 
97.185928, 22.848442 
96.328239, 24.233324 
99.001472, 24.693878 
97.799522, 24.698595 
98.355820, 24.698595 
99.136360, 24.431229 
98.271805, 24.431854 
100.552467, 25.545904 
101.781342, 27.022406 
100.899506, 26.117144 
100.115036, 27.664108 
103.938431, 26.704922 
102.281029, 25.235579 
100.474258, 24.682201 
100.205009, 24.711306 
102.241287, 26.375050 
101.117989, 23.419441 
104.748390, 23.794327 
104.201363, 22.617685 
105.682182, 27.420235 
104.039101, 25.898455 
104.920341, 27.184700 
103.699791, 26.751554 
103.233757, 23.594446 
99.737083, 24.073446 
102.358986, 24.917576 
104.070328, 25.725246 
101.960190, 25.407984 
98.854904, 23.895304 
101.171242, 24.904215 
100.060799, 23.560534 
103.084099, 24.546047 
101.486969, 25.650574 
101.838272, 27.517220 
105.291786, 24.535183 
103.028343, 24.881865 
103.615219, 25.991594 
102.018600, 25.704716 
100.445572, 23.044342 
103.695969, 25.309410 
101.826813, 23.669399 
102.864441, 25.318909 
102.362854, 26.115639 
101.231888, 24.492949 
104.116920, 27.343533 
106.123222, 26.535124 
103.419876, 27.341576 
102.452232, 26.292650 
101.133072, 25.647753 
102.236557, 25.657127 
101.555031, 25.289083 
99.424599, 25.276922 
102.312210, 28.675941 
102.715965, 25.958515 
102.231171, 26.397938 
99.414558, 23.195831 
99.419853, 24.878017 
98.157677, 23.299025 
97.824059, 23.278030 
99.060463, 23.572491 
100.932983, 23.918097 
99.250771, 22.861769 
100.253120, 23.949127 
100.474411, 23.313858 
99.491158, 24.503212 
100.568199, 23.644533 
99.936951, 24.761345 
99.719215, 22.902634 
101.072792, 23.913712 
101.790901, 24.268604 
100.474541, 24.155462 
98.857361, 23.851936 
98.526695, 23.505291 
97.920250, 23.178436 
99.734299, 24.128056 
99.793823, 24.117451 
100.020370, 24.274662 
100.191811, 23.474213 
99.605515, 25.103764 
101.375732, 23.827671 
101.525139, 24.209314 
99.380066, 24.415113 
100.781586, 23.793514 
100.495819, 23.632744 
102.530594, 23.941391 
100.006165, 23.161718 
100.183998, 24.231659 
102.182472, 26.121475 
102.720802, 27.125208 
103.059761, 22.036459 
99.872948, 23.767441 
99.571518, 24.123055 
102.853996, 24.222006 
103.837288, 25.412663 
102.079514, 23.359121 
102.063965, 24.062031 
102.162048, 24.762747 
102.393097, 27.824814 
99.539818, 23.466206 
100.846519, 27.923311 
97.109024, 24.287310 
100.178513, 24.218754 
103.137520, 24.464331 
99.800873, 23.227203 
99.954437, 23.438887 
99.345253, 24.442179 
98.873619, 23.493212 
99.876244, 23.254890 
100.750526, 24.710392 
100.074982, 23.086985 
101.120338, 24.939486 
101.057732, 24.108625 
102.855995, 24.796808 
101.056351, 23.767609 
101.482697, 22.589478 
103.725868, 23.611324 
101.126709, 23.966290 
99.445663, 24.502586 
98.981606, 23.391861 
102.904335, 27.131874 
102.112274, 25.261745 
101.601952, 25.231247 
102.273712, 25.693771 
99.645584, 24.544909 
101.886620, 25.395693 
104.143021, 26.787821 
102.312241, 26.031231 
103.516724, 25.650904 
104.555893, 26.392578 
102.247406, 26.795174 
100.415794, 24.546568 
100.765198, 27.169844 
99.496719, 25.213697 
103.270950, 26.760187 
102.142990, 24.164770 
98.806664, 23.913960 
99.384361, 24.268484 
97.547523, 23.044077 
96.855064, 23.856146 
99.482018, 23.855532 
97.022461, 24.007153 
98.317894, 24.105076 
97.643082, 23.688456 
98.193779, 24.213278 
100.401283, 23.627781 
99.144966, 24.011423 
100.756805, 23.944761 
100.117584, 23.752678 
100.117584, 23.752678 
100.117584, 23.752678 
102.452560, 24.055538 
100.404808, 24.177948 
100.404808, 24.177948 
99.144249, 24.588692 
101.005356, 24.863609 
101.006424, 24.863354 
99.768517, 23.558855 
99.228050, 23.207512 
99.228058, 23.207542 
98.614243, 23.186195 
98.614220, 23.186218 
97.720169, 23.185150 
98.005341, 23.182806 
99.267143, 23.890368 
96.912537, 23.438786 
97.049194, 22.866360 
97.049202, 22.866337 
98.260185, 24.542200 
101.485428, 24.144320 
101.203957, 25.942810 
102.976471, 25.691786 
103.891182, 27.526968 
102.164948, 26.412205 
102.148842, 25.247974 
99.994415, 26.030476 
104.832733, 25.650543 
102.645294, 28.623264 
100.760674, 26.416983 
102.608299, 25.289438 
102.537598, 28.313658 
104.183006, 25.690138 
104.029999, 27.504879 
103.482048, 26.788986 
100.461288, 23.890223 
98.787956, 24.110218 
101.156197, 23.164309 
101.542915, 23.518133 
99.932411, 23.543831 
102.017754, 23.020924 
99.860504, 23.270615 
100.905266, 23.677080 
99.664375, 23.501835 
100.837288, 23.924698 
101.214005, 23.302372 
101.184578, 23.033178 
102.113976, 23.959284 
101.600479, 23.606846 
101.281578, 24.297615 
99.540329, 24.101223 
102.940193, 22.710207 
100.020653, 24.153578 
99.566383, 24.930975 
101.994476, 25.567944 
101.033981, 21.984692 
101.429359, 23.537727 
100.862709, 23.552063 
100.069496, 24.753862 
101.655388, 23.450926 
104.853249, 27.598259 
102.798187, 27.246134 
100.929306, 28.137266 
102.935364, 27.308718 
103.051788, 22.949129 
102.516464, 25.049616 
99.474617, 26.460142 
99.806358, 24.712791 
99.779732, 24.184895 
97.450195, 25.629726 
99.998154, 22.640703 
98.770721, 25.208242 
99.618034, 23.982285 
98.050636, 24.116354 
98.685982, 24.148052 
98.619263, 23.610374 
100.131142, 24.253498 
99.124611, 24.603354 
98.943153, 25.030214 
100.949013, 22.788797 
98.740456, 25.685757 
100.366730, 23.356491 
102.166199, 26.600372 
100.151573, 25.823553 
102.129669, 25.942427 
102.539429, 24.387295 
103.753708, 25.365019 
101.920647, 25.074284 
102.781578, 27.646116 
100.241447, 23.862223 
100.524345, 24.761875 
101.381180, 26.136864 
100.345955, 24.784479 
102.102028, 25.505819 
102.230812, 23.750446 
105.475952, 26.880566 
102.534927, 26.889746 
103.007339, 25.504753 
104.683853, 26.761755 
101.175331, 23.913960 
101.175331, 23.913960 
100.197525, 23.692678 
100.197502, 23.692677 
100.235268, 23.883139 
99.605476, 22.308027 
97.840813, 23.265291 
99.178543, 22.706657 
100.242249, 23.535116 
100.242233, 23.535067 
100.422348, 23.877586 
99.527435, 22.661026 
99.977943, 23.472242 
99.890160, 24.472363 
98.721069, 23.474520 
98.615036, 23.089882 
98.400764, 24.723051 
98.262505, 23.166662 
99.197449, 23.220930 
100.155396, 23.326914 
100.155396, 23.326914 
100.155434, 23.326916 
100.155434, 23.326916 
101.714195, 24.563354 
98.350548, 24.406921 
98.350555, 24.406910 
98.741776, 24.407034 
98.741737, 24.407028 
98.741737, 24.407028 
96.793053, 23.745342 
96.793053, 23.745342 
97.523193, 23.423542 
102.288712, 25.028200 
100.609543, 23.186914 
99.682182, 23.730555 
101.753883, 24.458914 
100.925842, 24.670828 
100.950287, 24.031784 
101.472847, 23.750566 
101.483673, 23.757318 
102.592583, 25.043409 
100.526428, 24.733223 
102.293411, 24.476715 
101.537460, 26.545277 
100.645760, 24.785938 
102.122375, 24.648643 
99.495491, 23.531393 
101.277077, 25.220318 
100.431046, 24.566904 
100.431046, 24.566917 
100.340485, 24.571339 
100.340469, 24.571365 
100.340485, 23.651165 
99.126587, 23.565277 
99.255974, 23.400311 
98.805008, 23.246727 
99.003624, 24.594978 
99.003601, 24.595005 
99.693748, 23.771633 
99.181145, 23.741453 
99.979675, 24.745138 
98.420746, 23.566479 
98.093826, 23.243660 
97.121277, 22.700079 
99.679153, 23.152472 
99.679115, 23.152470 
99.337364, 23.150047 
98.347237, 24.303772 
98.285294, 23.023872 
98.585495, 22.723637 
99.047813, 23.754393 
99.189514, 23.266338 
97.708191, 23.515930 
97.958817, 24.075588 
98.061729, 23.475796 
98.061729, 23.475725 
99.511314, 23.785433 
96.305641, 24.058762 
96.458740, 23.303421 
96.592194, 22.600994 
100.567429, 25.412397 
99.966820, 24.847609 
101.834969, 22.500032 
101.274353, 27.557844 
104.119850, 25.738867 
98.121536, 24.112089 
101.318687, 25.240330 
98.923050, 23.075836 
103.536797, 24.827745 
101.318687, 25.702721 
101.756668, 23.154316 
101.683548, 24.905119 
102.547287, 25.173496 
102.580643, 23.233507 
100.991196, 25.550692 
105.000923, 24.708237 
103.959404, 25.583597 
103.038544, 27.481745 
104.180176, 26.768227 
104.460968, 25.650558 
102.420418, 25.283562 
100.377930, 26.408934 
99.256500, 24.907059 
103.362038, 25.636353 
101.776299, 26.239912 
101.968002, 24.028120 
103.335350, 25.308208 
102.757164, 24.734865 
103.238403, 23.061632 
103.390419, 24.753405 
105.782242, 24.799856 
104.161041, 25.372272 
100.445480, 25.606133 
102.550621, 26.246918 
100.332611, 24.976917 
101.930054, 25.801310 
100.961189, 24.501072 
101.296379, 24.976816 
102.719955, 25.269594 
101.191017, 23.099806 
103.222893, 24.065878 
100.246857, 25.095768 
101.392204, 23.684053 
105.467865, 24.038095 
103.176781, 24.310036 
101.643044, 24.930178 
102.652946, 25.522345 
103.319252, 27.289522 
100.749680, 23.698463 
102.028229, 22.670494 
102.796646, 25.950233 
103.333893, 24.655455 
105.738968, 26.629028 
102.267677, 26.114372 
103.030174, 25.073641 
103.681587, 27.918299 
104.099854, 24.522200 
100.991295, 25.349285 
102.281837, 26.622675 
102.002113, 27.128613 
102.639938, 23.516493 
101.118645, 25.912090 
101.948914, 24.988050 
98.986053, 24.265898 
94.938080, 22.305374 
95.126373, 23.569807 
94.730179, 22.564993 
94.249710, 21.773241 
93.000427, 22.042208 
92.176727, 21.891018 
93.104012, 22.371742 
92.547310, 20.594992 
94.476967, 22.611500 
93.399971, 21.945276 
92.942139, 22.901608 
93.461990, 21.772448 
94.291344, 21.577953 
93.699471, 21.873957 
91.647339, 22.398005 
91.394096, 21.239502 
100.749390, 23.498440 
100.749352, 23.498438 
100.749390, 23.498440 
100.749352, 23.498438 
99.326424, 23.503115 
99.268135, 23.074173 
99.268135, 23.074173 
98.569870, 22.200291 
97.700836, 23.763145 
97.700813, 23.763159 
97.658226, 23.762114 
97.690590, 23.505669 
99.184578, 24.746815 
97.109444, 24.751751 
97.831764, 23.151070 
95.184021, 23.253925 
101.449524, 24.668453 
101.449501, 24.668428 
101.224113, 22.844582 
101.224113, 22.844622 
101.224113, 22.844622 
101.224106, 22.844627 
100.287857, 23.307411 
99.374512, 24.041410 
99.103683, 23.300631 
98.925179, 23.988256 
98.925148, 23.988251 
96.860413, 22.800140 
96.860413, 22.800140 
96.860413, 22.800140 
96.860435, 22.800167 
96.860405, 22.800165 
102.083778, 24.268602 
100.970680, 23.216566 
100.970657, 23.216595 
101.442505, 23.423313 
101.185448, 24.452904 
99.054375, 23.956360 
99.054352, 23.956375 
99.054375, 23.956360 
97.245125, 22.556969 
97.245125, 22.556974 
97.245163, 22.556974 
98.625198, 24.679502 
97.245132, 22.556965 
97.245125, 22.556969 
97.715286, 23.071953 
98.924873, 23.064642 
101.812584, 26.821354 
100.523094, 27.440382 
103.471367, 24.761957 
103.084808, 28.178764 
101.164459, 24.069862 
99.836792, 23.964983 
100.173294, 24.641870 
102.585777, 23.749346 
100.638130, 23.418629 
100.024872, 21.217482 
101.758972, 25.319889 
102.439629, 26.187050 
103.783363, 28.578379 
102.833603, 25.611639 
102.465424, 27.227734 
102.527580, 26.754890 
102.332184, 24.752151 
101.442085, 23.808458 
103.380333, 24.904831 
102.873871, 26.634029 
100.666580, 25.867836 
101.867500, 21.303629 
101.981743, 22.936344 
100.430916, 24.266300 
104.397423, 24.587299 
102.834282, 23.974171 
101.347015, 26.829985 
103.612839, 24.157290 
103.986313, 24.261887 
103.378174, 24.219349 
102.844261, 26.394554 
103.022072, 25.967350 
100.147476, 23.757114 
100.147476, 23.757114 
100.147476, 23.757114 
97.210358, 23.306803 
97.214645, 23.306812 
98.779022, 23.551359 
101.209625, 23.840088 
98.499741, 23.848839 
100.552109, 23.845800 
100.552109, 23.845787 
100.552086, 23.845789 
96.663101, 24.161594 
98.920357, 24.161331 
98.126152, 23.540737 
96.362473, 23.180416 
96.362480, 23.180408 
97.729408, 22.597895 
99.475235, 23.194263 
97.161842, 23.943052 
99.791847, 23.439270 
99.441223, 23.832174 
99.402397, 24.146902 
100.211357, 24.477188 
99.169632, 23.823040 
98.731804, 23.264370 
99.839523, 24.638336 
101.009232, 23.427889 
100.364357, 23.780748 
98.716492, 25.334898 
97.677734, 23.463219 
99.183800, 24.126879 
99.791832, 23.439270 
102.057526, 24.844540 
102.057526, 24.844540 
102.057526, 24.844566 
101.036575, 23.678827 
100.231133, 23.564222 
98.665649, 23.360443 
98.665657, 23.360443 
98.665657, 23.360443 
96.862259, 22.169283 
96.862297, 22.169285 
97.645950, 23.307516 
99.185555, 24.247259 
99.185547, 24.247272 
99.185539, 24.247272 
98.888779, 24.252851 
98.888824, 24.252878 
101.327187, 24.063837 
100.945793, 24.381662 
98.419701, 23.140694 
99.874779, 26.028759 
100.661934, 23.122458 
99.707367, 22.505440 
99.896584, 24.905664 
101.888580, 23.645319 
100.391327, 24.253159 
101.250648, 24.511410 
101.095482, 23.240318 
102.275085, 23.901730 
103.052521, 25.581467 
99.389000, 24.495270 
99.631935, 23.197435 
101.683449, 24.464262 
104.149948, 26.456160 
101.681946, 26.437271 
102.892967, 28.565186 
100.953781, 24.102217 
101.765900, 25.758179 
99.912659, 24.820303 
102.047417, 24.238033 
102.435898, 25.339291 
106.164558, 25.717815 
104.529495, 25.938444 
102.873001, 25.175518 
102.340416, 25.504354 
105.003532, 27.177382 
102.740944, 25.842770 
102.561813, 24.404581 
102.472542, 24.395807 
100.743500, 24.163544 
100.819199, 22.762465 
102.828766, 24.218685 
103.038261, 24.915829 
102.600853, 25.763596 
101.584969, 25.789482 
100.451714, 23.814447 
102.998482, 24.204979 
104.552170, 25.610418 
104.333771, 27.135429 
101.230659, 26.417189 
102.709061, 26.032930 
103.867226, 26.998617 
102.813835, 24.590126 
101.111534, 26.439730 
101.436142, 24.302519 
102.077400, 25.309122 
102.940720, 24.667397 
100.056236, 24.250435 
100.054100, 24.265179 
100.054100, 24.265202 
99.387077, 23.866051 
99.179337, 23.585468 
98.552307, 23.733379 
96.808350, 23.731735 
97.272087, 23.727587 
96.669647, 24.069719 
98.457886, 24.379539 
98.457855, 24.379534 
98.091789, 24.151123 
97.472839, 23.717329 
97.472870, 23.717316 
101.897560, 24.026890 
101.897560, 24.026861 
101.184029, 24.031557 
100.480080, 23.891853 
100.383659, 23.771305 
99.481384, 23.522827 
98.238380, 22.655331 
98.238380, 22.655331 
96.591301, 23.170071 
96.591301, 23.170071 
97.489555, 23.790110 
100.212532, 23.543747 
100.310539, 24.099037 
100.310547, 24.099026 
100.310547, 24.099026 
99.232735, 24.696573 
101.027405, 26.966597 
99.652496, 26.173441 
101.174622, 27.422960 
101.031303, 23.843637 
101.658882, 27.343149 
98.766197, 24.639194 
101.291122, 23.805916 
100.092537, 24.692492 
105.419983, 26.464029 
103.381416, 22.908831 
102.061035, 25.012291 
101.951561, 24.848625 
103.227425, 25.665632 
103.647156, 26.864748 
101.799782, 25.884668 
103.596321, 27.676048 
101.583710, 24.772640 
100.290848, 24.572145 
104.131279, 24.433643 
101.743118, 23.488049 
100.799637, 23.413258 
99.086517, 24.508369 
102.653114, 23.751709 
99.897224, 23.451746 
99.844757, 23.998566 
99.885933, 22.236177 
101.769180, 24.635767 
98.946960, 22.330368 
101.973488, 24.300144 
101.833916, 24.468185 
101.494621, 25.154911 
100.705658, 23.069164 
101.151871, 26.164663 
102.276672, 25.328276 
104.408653, 27.009027 
100.916283, 24.411068 
102.319954, 25.432775 
104.269882, 24.190599 
99.696838, 25.304228 
102.514717, 23.687532 
102.997131, 24.374016 
102.910820, 24.822138 
101.766983, 24.999344 
102.978973, 25.111156 
102.873352, 24.809847 
103.338676, 25.826609 
103.976334, 24.090147 
104.645157, 26.256033 
101.225586, 25.595114 
101.968964, 25.329882 
100.661804, 24.598728 
101.435760, 25.334135 
99.872841, 23.327536 
99.872841, 23.327566 
99.872841, 23.327536 
99.872818, 23.327538 
99.413490, 24.572878 
99.329369, 24.944496 
98.653267, 24.955833 
99.365158, 23.756416 
99.365189, 23.756424 
97.503654, 23.341452 
97.503654, 23.341463 
97.571518, 23.324860 
100.095016, 23.704708 
99.986542, 23.567970 
99.698418, 23.204327 
99.698418, 23.204327 
99.698448, 23.204340 
99.854614, 22.470932 
98.401848, 22.668787 
98.818855, 23.569405 
98.155487, 23.725079 
98.155449, 23.725122 
97.817459, 23.403875 
97.802368, 23.320934 
99.526215, 24.893208 
96.926682, 23.524807 
97.848511, 22.690182 
97.630157, 23.093365 
102.456688, 26.576151 
104.678589, 25.766592 
99.055061, 26.438896 
104.621254, 26.559376 
103.623146, 29.609846 
103.490128, 28.712183 
100.739456, 26.741030 
102.228416, 23.975513 
99.695107, 24.250532 
103.064262, 23.451317 
101.001495, 25.280445 
102.591187, 23.715347 
101.011139, 26.189175 
96.503639, 26.412872 
100.115723, 23.682720 
97.567253, 24.086174 
100.358788, 25.178993 
101.041725, 25.177170 
100.655228, 23.945065 
100.655205, 23.945087 
100.169014, 23.942888 
98.442932, 24.114126 
98.442909, 24.114113 
98.442909, 24.114113 
96.842636, 24.114971 
96.842621, 23.121037 
99.912125, 23.658567 
99.912102, 23.658569 
98.907631, 23.662907 
98.619530, 22.344957 
99.838760, 23.603636 
99.723465, 23.097071 
101.675400, 24.968552 
101.675407, 24.968550 
99.415909, 24.942732 
100.940697, 24.082848 
100.940704, 24.082848 
98.965973, 24.235516 
99.123802, 24.333286 
98.864510, 23.665169 
98.756256, 23.172411 
97.693016, 23.171438 
97.693016, 23.171438 
100.470078, 23.642384 
99.302902, 23.890713 
99.302864, 23.890705 
99.302895, 23.890739 
99.302879, 23.890701 
102.565033, 27.810471 
103.300697, 24.510210 
105.438339, 24.524931 
101.969666, 27.852331 
102.242058, 25.403028 
100.772224, 25.175097 
101.120842, 21.715616 
101.526772, 24.679626 
103.158539, 26.012838 
103.556763, 26.534239 
101.113586, 27.119188 
100.961815, 25.328699 
107.418289, 27.585831 
100.617470, 25.595520 
101.184464, 26.483553 
103.487656, 22.877644 
99.344124, 25.062792 
98.479713, 24.192913 
99.235405, 25.629305 
99.998154, 22.640703 
98.997444, 23.275280 
99.618034, 23.982285 
98.050636, 24.116354 
98.685982, 24.148052 
98.619263, 23.610374 
100.131142, 24.253498 
99.124611, 24.603354 
100.825256, 23.812607 
100.949013, 22.788797 
98.786102, 25.684010 
100.366730, 23.356491 
101.395737, 22.972549 
104.286308, 27.064825 
100.791428, 24.483465 
101.897865, 27.741718 
100.058426, 24.167393 
102.027122, 26.871965 
98.150337, 23.729202 
99.112236, 24.506889 
100.487465, 24.072613 
101.787758, 24.495234 
104.148888, 28.921970 
102.224335, 24.160631 
104.596092, 28.676207 
103.963142, 25.673098 
99.856033, 27.900856 
103.718948, 26.819153 
105.591286, 27.135820 
102.677032, 24.405033 
100.511002, 23.419867 
102.677002, 24.405048 
99.324448, 22.958851 
101.990921, 23.392984 
101.890648, 23.556915 
101.398521, 23.141714 
99.782799, 22.948351 
100.290100, 23.174068 
101.617065, 24.069099 
100.205139, 23.564693 
102.196419, 24.659925 
102.452240, 23.915838 
100.819870, 23.563450 
100.280525, 24.178009 
102.582108, 23.703070 
102.349838, 24.499603 
101.839134, 26.542574 
103.284676, 25.315887 
103.272591, 24.905910 
104.084846, 24.926012 
100.864517, 22.874090 
100.052177, 25.717529 
102.452232, 25.308573 
102.462029, 27.330479 
101.227768, 23.287573 
104.540817, 26.492165 
102.048195, 25.289597 
100.819633, 26.937880 
101.895363, 27.872038 
103.673462, 26.938766 
101.632690, 24.081635 
98.365952, 22.491016 
98.832565, 23.480251 
99.658661, 22.915234 
99.557236, 23.812481 
99.557251, 23.812475 
99.280479, 23.813744 
101.291885, 24.950142 
101.438271, 22.899815 
98.444824, 22.898489 
98.444824, 22.898489 
97.449524, 23.529335 
97.449585, 23.529339 
99.938461, 23.641230 
97.866302, 23.594103 
97.866318, 23.594093 
97.866287, 23.594093 
99.794533, 23.978907 
100.164749, 22.629812 
99.042671, 23.954941 
100.212662, 23.891966 
99.553513, 23.670767 
100.876198, 23.019871 
100.796638, 22.372850 
101.099571, 23.563887 
101.631546, 23.131933 
100.915726, 24.006529 
101.752815, 22.173717 
101.509117, 24.634933 
100.322021, 24.397943 
98.834770, 23.569134 
99.498878, 22.718109 
101.439590, 24.181166 
99.533218, 25.757292 
101.098839, 25.078072 
102.550575, 24.503229 
101.414932, 26.610645 
102.208984, 26.574690 
99.099655, 22.737324 
100.380943, 25.459110 
99.690651, 22.801689 
101.260933, 22.869560 
104.799347, 23.659359 
103.056007, 23.358326 
101.195961, 24.521772 
99.840988, 23.611055 
102.430168, 25.328352 
101.371246, 24.893936 
102.543373, 25.861061 
102.335983, 26.401575 
103.037560, 27.226891 
100.687378, 24.912054 
104.514542, 25.661198 
105.989517, 27.203110 
102.833778, 28.041098 
101.477974, 27.223907 
101.365540, 28.431498 
102.022240, 25.717817 
102.186539, 27.007193 
100.026924, 25.277527 
103.350136, 25.578764 
101.875732, 24.882990 
99.918449, 25.717785 
99.425926, 23.781464 
99.335342, 25.209684 
102.085373, 24.617489 
102.085373, 24.617489 
100.173492, 24.992384 
99.822304, 24.153440 
99.984879, 23.471434 
98.848000, 23.469015 
98.848015, 23.468988 
98.848007, 23.469002 
97.591736, 23.267889 
97.454704, 23.276600 
97.217400, 24.248686 
99.078102, 24.097240 
99.078110, 24.097227 
100.112328, 24.866367 
98.218292, 24.651545 
99.334816, 25.538744 
99.394684, 28.410807 
102.057884, 25.369555 
99.398521, 25.583494 
103.222168, 23.241369 
101.925262, 24.052227 
102.396217, 24.077753 
101.898590, 27.849161 
102.160957, 23.147121 
101.957001, 24.721966 
101.859344, 25.299311 
103.439537, 25.595968 
102.588287, 27.461300 
99.382675, 25.925930 
100.621529, 24.701672 
100.708641, 24.075901 
105.394363, 24.687290 
99.343147, 25.558296 
98.396347, 23.535603 
97.713028, 26.302595 
98.550880, 25.720755 
97.096306, 23.929632 
95.080688, 23.565035 
97.608322, 23.105612 
97.608322, 22.551729 
97.892334, 23.073751 
100.168892, 24.547747 
99.292877, 21.549236 
99.897270, 24.564920 
103.263809, 24.319286 
102.258568, 23.794077 
101.416847, 24.248833 
101.503426, 25.200224 
102.254807, 25.628241 
101.117989, 23.053167 
101.520348, 24.508188 
103.631180, 24.508448 
103.933105, 24.532274 
100.842216, 24.931995 
102.634575, 25.674776 
101.888397, 25.694220 
105.046028, 24.738089 
102.626442, 23.794270 
101.509300, 24.166403 
104.460983, 21.933086 
101.117989, 26.404261 
100.746254, 23.424925 
99.281563, 25.627380 
103.536682, 22.747484 
101.522530, 25.717833 
103.859741, 27.077141 
102.025223, 25.054155 
103.516731, 23.616344 
103.717529, 25.346714 
98.545982, 23.121954 
99.621246, 23.896149 
101.541466, 23.662022 
105.793938, 25.277740 
104.322960, 25.681520 
102.474205, 24.131729 
102.949120, 28.372377 
104.841301, 24.053530 
101.105652, 24.108452 
101.991203, 24.905800 
101.318657, 25.530853 
99.838249, 23.199026 
100.189880, 24.293221 
101.124352, 23.800503 
98.947502, 24.429615 
99.439850, 23.788593 
99.439850, 23.788624 
99.439835, 23.788589 
100.787323, 23.379345 
100.133591, 24.311756 
100.423462, 23.525280 
98.878792, 24.444365 
101.123116, 23.053289 
100.692383, 23.809879 
101.098938, 24.284439 
101.416664, 24.733868 
101.053955, 24.116529 
98.715942, 23.365135 
99.590790, 25.137072 
102.176422, 23.926140 
102.220680, 24.880741 
101.533279, 25.544945 
102.353554, 24.398842 
99.072235, 25.802204 
99.592896, 26.087057 
104.428543, 24.550869 
105.492516, 25.006727 
103.981232, 25.772963 
103.708794, 25.440807 
101.469452, 23.773634 
101.999725, 23.411274 
102.684364, 24.734438 
101.639679, 24.844700 
102.019402, 25.554615 
100.380714, 27.990074 
102.968155, 25.717188 
101.769844, 24.302820 
101.728386, 25.042212 
99.786201, 24.862844 
99.737099, 23.850380 
101.413414, 25.755018 
104.166901, 24.636440 
103.157463, 23.650080 
103.616806, 25.163338 
101.334145, 26.036386 
105.134056, 26.017363 
101.074966, 24.454863 
103.494812, 25.240133 
104.280861, 25.041491 
100.905228, 24.374651 
100.297340, 24.733839 
100.794403, 23.901279 
100.301674, 23.714087 
99.061958, 22.518507 
98.231316, 23.354015 
98.322220, 23.477432 
98.308090, 22.821178 
97.403168, 22.202494 
98.632668, 23.042458 
98.147408, 23.641724 
99.221512, 23.894941 
99.019051, 23.950109 
98.788887, 23.054073 
99.835861, 23.864075 
100.496887, 23.816477 
105.114563, 26.377523 
104.381744, 25.383322 
101.632462, 25.319286 
102.501030, 24.885313 
101.869225, 24.432915 
102.093071, 26.122143 
102.469315, 24.525581 
100.656967, 24.502417 
105.344849, 24.536133 
104.785484, 26.085938 
104.652664, 26.928001 
102.514717, 24.447130 
104.509689, 24.501074 
103.105125, 24.453703 
100.914238, 24.969460 
102.547302, 24.165766 
102.422882, 24.441355 
101.753120, 25.021805 
104.113274, 26.062780 
103.349007, 24.099287 
101.375031, 25.493486 
99.795105, 25.204926 
100.443275, 23.896370 
102.565620, 26.988014 
100.043663, 23.358866 
101.048172, 24.388697 
100.824867, 24.183243 
101.246826, 24.253626 
98.978783, 22.711611 
102.189507, 24.458786 
101.250252, 23.970490 
101.099579, 23.761314 
101.134171, 24.316385 
100.291740, 24.322094 
98.743576, 24.237976 
100.577713, 23.713905 
99.707474, 23.414604 
97.611877, 23.608654 
97.611191, 23.608864 
97.611191, 23.608864 
95.052269, 23.603764 
97.052956, 22.812325 
95.868690, 23.958273 
99.147430, 23.956051 
99.147408, 23.956028 
97.866158, 23.831659 
98.087898, 24.275173 
99.073555, 24.396896 
100.852585, 24.298244 
101.247971, 23.847889 
101.247971, 23.847843 
99.539261, 24.550552 
99.515465, 23.965721 
99.545898, 22.291267 
99.515472, 23.965723 
99.428810, 23.177059 
98.063370, 23.482695 
98.102020, 24.521973 
98.102020, 24.521973 
98.102043, 24.521980 
98.774399, 24.381737 
96.196709, 24.140278 
96.576843, 23.656883 
96.775833, 23.657177 
101.316757, 24.666367 
99.951080, 24.042660 
101.688004, 22.650038 
101.225342, 22.731062 
100.609749, 23.952389 
99.835670, 23.477356 
102.519882, 24.060722 
100.496353, 23.812695 
100.161530, 23.775753 
102.426651, 23.356974 
101.850380, 24.383045 
101.352226, 25.940447 
100.668983, 22.994663 
101.658722, 24.523640 
99.923134, 23.239950 
100.385971, 23.937933 
102.073898, 25.045265 
101.129044, 26.739983 
102.001587, 25.815607 
103.616417, 24.604582 
103.152313, 25.585808 
102.598480, 26.105501 
101.254082, 23.455942 
104.054138, 26.722527 
101.224518, 22.857147 
103.673431, 24.081635 
101.639359, 26.552877 
102.448990, 24.897945 
106.130180, 25.685522 
103.498146, 25.276552 
101.249680, 23.285564 
104.197098, 26.397215 
99.979965, 23.643051 
99.979965, 23.643057 
99.979958, 23.643032 
99.979958, 23.643032 
99.979927, 23.643015 
99.979973, 23.643063 
101.392677, 25.278675 
101.302689, 23.377563 
98.401230, 22.748085 
99.380646, 24.146069 
98.278740, 23.773312 
98.278778, 23.773335 
98.278740, 23.773314 
98.278748, 23.773312 
98.278740, 23.773314 
96.603523, 23.468645 
97.592484, 23.503153 
98.920189, 24.062817 
99.677322, 22.358915 
99.159698, 22.966709 
98.585327, 22.556780 
99.597694, 23.575142 
99.294586, 23.368437 
99.237045, 24.279541 
101.530830, 23.662071 
102.686707, 22.787336 
100.236740, 24.108217 
101.404884, 24.093121 
101.389114, 24.092760 
103.108208, 24.020168 
99.333557, 24.262653 
99.763062, 22.975040 
103.709740, 25.712488 
103.362877, 28.509016 
100.829544, 24.493208 
102.093018, 25.727247 
102.922684, 24.823812 
100.282982, 24.910524 
99.732773, 24.437468 
101.306747, 22.920811 
101.750610, 24.888746 
106.459633, 26.381426 
102.608208, 24.859310 
102.158310, 25.743431 
105.778099, 26.500431 
103.702377, 24.113476 
102.864441, 26.562744 
103.676674, 27.330023 
104.492966, 27.450590 
103.154610, 26.005041 
102.729851, 26.901680 
102.917656, 26.920067 
101.361168, 26.885950 
103.649536, 25.545233 
100.036194, 25.539240 
103.047684, 25.976595 
103.138977, 25.560547 
101.794739, 25.560284 
102.699371, 26.915266 
102.689186, 26.046638 
101.385162, 25.116112 
102.706238, 26.870930 
101.801544, 26.485210 
103.201370, 26.920734 
105.021484, 25.941273 
103.795067, 24.980032 
106.951210, 27.387354 
104.554352, 24.167150 
100.226212, 24.476643 
101.959946, 25.453651 
104.645172, 27.365103 
101.757462, 25.220909 
102.068420, 24.635208 
101.758942, 25.292730 
101.711502, 23.878281 
104.514359, 25.320570 
105.252823, 25.372530 
101.034561, 24.540907 
101.528938, 25.375401 
100.094414, 25.667475 
99.878044, 22.855944 
101.156937, 23.571091 
99.020302, 22.818295 
100.746216, 22.556759 
98.093658, 23.039061 
102.583115, 23.018450 
100.796638, 22.372850 
101.254898, 23.429544 
101.945145, 23.655243 
101.519417, 24.015469 
101.241333, 22.598909 
100.030052, 23.239822 
100.216316, 23.846811 
98.662071, 23.619820 
100.097488, 24.534021 
102.307152, 24.741104 
104.094154, 25.747980 
103.022285, 25.646564 
101.541420, 24.164225 
101.633148, 23.541298 
102.362869, 25.617371 
100.886703, 23.596832 
100.570496, 23.026136 
101.640076, 21.981636 
102.899666, 22.648312 
103.124786, 23.387691 
102.335442, 23.816805 
103.315353, 25.164885 
105.441597, 26.387608 
102.220360, 25.389471 
103.163689, 24.814365 
102.311562, 28.491085 
102.504059, 26.342314 
102.608208, 24.950233 
102.024483, 27.293497 
101.816605, 26.173405 
102.500015, 25.542765 
99.223412, 22.073586 
101.174034, 23.201736 
102.343170, 22.780657 
103.646523, 25.317698 
101.785309, 24.559990 
102.541481, 24.564610 
99.753510, 25.722570 
101.599937, 27.015884 
104.027222, 24.305626 
101.714577, 25.759098 
103.294350, 23.695854 
98.655838, 24.360363 
99.108017, 23.917566 
99.108002, 23.917603 
98.365791, 24.131775 
100.212341, 24.140072 
97.547455, 23.624163 
97.168610, 23.058365 
97.168610, 23.058365 
98.842499, 23.371340 
99.396774, 23.246010 
99.080391, 24.212282 
99.490356, 23.427382 
99.490356, 23.427357 
98.979286, 25.238619 
101.682259, 25.240065 
101.447853, 25.331566 
100.984695, 23.843563 
102.976746, 24.254864 
100.984695, 23.843563 
101.215721, 24.951651 
99.668381, 23.991276 
102.583115, 23.018450 
100.796638, 22.372850 
102.387497, 23.682018 
102.743156, 23.874557 
101.138092, 23.056570 
101.138092, 23.056583 
100.837189, 23.125427 
101.750656, 23.021967 
99.668381, 22.793423 
99.511383, 23.601669 
101.120087, 23.629795 
99.700356, 25.182428 
99.764465, 23.707991 
99.250069, 24.352911 
100.013344, 24.605827 
100.013344, 24.605827 
98.979317, 24.606047 
99.454475, 25.032263 
100.398849, 23.696123 
100.080353, 24.317978 
98.331085, 24.257401 
97.958603, 23.707905 
98.579422, 24.575058 
99.397743, 24.537004 
98.521530, 23.175175 
98.521507, 23.175175 
96.290520, 22.842321 
102.689377, 25.804970 
100.543488, 25.877182 
103.776291, 25.251129 
101.775749, 24.703360 
101.416107, 25.111042 
103.212837, 26.781368 
99.748962, 23.528675 
99.112274, 22.981180 
104.101601, 26.085421 
100.408157, 24.897961 
103.379677, 27.298519 
102.845200, 24.655006 
104.787453, 28.299183 
103.373604, 26.258081 
102.656982, 26.176392 
103.727669, 26.162273 
101.858383, 24.145189 
100.416801, 23.430578 
102.741211, 26.172546 
102.475166, 26.395689 
101.910294, 25.119335 
101.234558, 25.000000 
99.840858, 23.763033 
99.355583, 26.867825 
102.922668, 24.336493 
102.138107, 23.902147 
100.157997, 26.219311 
104.473946, 26.284765 
100.625793, 26.748819 
101.116554, 25.837063 
100.378883, 23.963285 
104.452881, 25.076967 
101.145119, 23.493080 
101.145126, 23.493067 
99.495827, 23.998903 
99.495834, 23.998877 
99.495834, 23.998871 
99.495850, 23.998888 
99.093018, 24.094549 
98.738472, 23.734621 
99.521790, 24.181131 
98.980110, 24.467438 
99.521843, 24.181131 
101.987114, 23.799311 
101.018883, 23.809595 
97.984261, 22.427105 
97.670082, 22.501305 
97.107101, 23.142559 
101.359276, 24.738947 
100.588882, 24.063116 
102.303902, 24.917852 
101.751389, 24.881115 
101.830261, 25.756617 
97.524086, 24.850864 
98.925575, 22.124533 
97.625153, 21.759270 
101.034027, 23.815784 
99.654694, 24.408319 
100.806305, 24.156849 
100.076607, 23.039993 
104.943794, 24.853848 
103.211670, 25.871737 
100.772575, 24.286755 
101.713470, 25.053616 
101.204735, 23.570757 
101.202759, 23.571203 
101.109474, 23.348660 
99.283638, 24.061182 
99.469627, 23.292940 
98.581131, 23.571203 
98.583870, 23.291992 
98.463142, 23.400621 
96.998016, 23.246342 
98.733246, 22.941561 
98.733253, 22.941580 
100.994164, 24.458059 
100.777809, 23.236053 
98.966034, 24.394041 
99.611923, 22.810270 
100.200577, 24.742800 
100.890442, 22.860935 
99.165558, 24.150787 
99.211266, 23.341738 
98.448471, 23.499334 
98.448494, 23.499308 
99.645973, 23.447697 
99.922974, 23.296064 
99.923027, 23.296057 
97.944160, 23.938707 
98.160767, 23.837418 
99.466095, 23.894772 
96.485458, 24.083912 
99.486870, 24.175674 
96.069252, 24.175995 
97.497231, 23.140656 
96.055191, 24.226700 
104.843277, 27.538330 
103.362450, 26.403145 
103.336853, 26.776102 
102.658951, 24.950804 
103.760101, 25.268427 
103.345734, 26.022308 
104.561790, 24.101990 
101.158989, 24.907236 
101.799026, 25.270443 
101.520348, 26.061401 
103.367813, 26.776131 
101.348267, 25.323759 
100.087906, 25.289743 
102.263153, 23.811106 
101.139862, 23.777840 
103.732140, 26.014214 
103.423843, 26.591188 
100.109566, 25.872534 
101.291138, 24.809223 
103.465569, 25.109528 
101.775284, 24.731129 
99.847092, 24.184378 
99.261948, 25.167065 
101.832474, 25.532795 
103.657898, 24.232817 
101.577400, 23.969341 
102.003052, 23.531303 
104.097099, 24.993355 
102.877754, 24.769487 
102.360886, 25.877043 
102.213341, 23.143030 
101.763557, 25.076727 
98.419777, 23.871010 
97.307220, 23.672268 
97.764801, 22.078764 
97.256622, 24.480911 
97.844864, 22.827894 
99.643974, 23.855827 
97.319160, 23.007862 
99.748543, 25.750038 
99.280624, 24.767487 
100.791046, 23.415504 
99.896858, 23.358713 
102.247856, 23.523186 
103.126480, 24.278414 
103.196678, 24.895929 
101.313629, 24.043072 
101.716736, 23.993925 
101.678139, 23.188469 
102.780190, 24.446447 
102.246933, 26.018724 
100.249763, 26.832823 
101.477394, 26.370930 
102.268005, 24.713421 
100.447090, 24.503000 
102.992744, 25.643192 
103.348404, 24.168280 
103.353691, 25.259836 
103.250633, 24.513319 
104.737427, 26.769634 
106.691467, 24.163559 
101.079033, 26.396662 
104.050568, 23.485479 
100.917404, 28.079029 
102.115227, 24.241821 
102.425705, 25.041101 
100.101952, 24.617035 
101.469032, 24.999512 
100.541489, 24.397598 
100.949646, 24.304483 
101.197281, 24.309452 
101.292099, 24.445541 
101.087967, 24.140654 
101.793182, 25.335684 
101.283943, 24.426403 
101.131645, 25.012962 
100.891792, 23.329594 
101.393074, 23.091543 
99.450516, 24.918493 
102.088806, 26.673384 
99.508781, 23.953924 
99.508797, 23.953915 
99.246399, 23.355042 
100.831039, 24.269464 
100.831039, 24.269470 
99.096107, 24.269289 
98.147446, 24.268333 
96.340950, 24.269535 
101.361267, 24.979151 
101.361267, 24.979151 
101.361298, 24.979179 
100.805069, 23.820303 
100.488716, 23.216221 
98.304634, 23.908119 
97.623245, 23.710957 
97.952927, 22.440098 
100.842911, 24.105494 
100.154655, 26.115980 
103.375183, 26.401756 
103.095642, 24.867050 
101.533279, 24.577208 
103.520096, 23.068241 
102.517342, 24.814457 
100.787346, 24.222980 
103.269974, 24.835400 
100.674469, 23.134005 
101.865028, 23.540709 
101.532623, 25.019737 
103.762077, 26.959400 
102.516113, 23.704092 
102.877281, 24.663143 
101.215446, 25.328682 
97.709351, 23.492603 
99.475235, 23.194263 
100.609550, 23.985580 
97.161842, 23.943052 
99.235886, 23.722826 
98.362251, 23.099890 
99.402397, 24.146902 
100.211357, 24.477188 
99.169632, 23.823040 
98.731804, 23.264370 
99.839523, 24.638336 
101.010612, 23.510420 
100.364357, 23.780748 
98.716492, 25.334898 
99.384842, 23.463177 
99.183800, 24.126879 
100.941536, 26.528458 
99.108337, 25.280766 
100.385513, 24.909847 
101.193802, 27.147690 
101.869629, 26.057524 
101.183548, 25.701529 
102.054588, 24.928320 
102.326981, 23.039915 
101.195328, 23.035532 
101.525223, 24.160961 
104.727554, 23.989740 
103.868340, 26.092323 
106.712410, 23.442774 
104.491669, 26.058411 
103.876564, 24.713268 
103.429932, 25.076508 
102.675056, 27.811094 
105.640755, 26.885214 
103.046524, 26.178101 
102.852898, 27.196892 
101.580223, 25.463768 
102.850471, 25.499165 
100.380661, 26.003464 
102.794060, 25.182714 
104.750252, 25.985188 
102.488739, 24.651798 
100.476997, 25.124392 
103.832809, 24.820297 
102.894829, 25.281588 
100.792252, 26.035221 
101.595253, 26.151756 
100.738327, 23.276623 
100.363701, 24.207367 
100.972733, 23.696150 
98.650490, 23.325191 
100.815353, 22.994175 
99.717575, 24.449894 
100.780136, 22.792238 
99.890282, 23.533278 
100.790466, 23.519253 
100.108711, 25.007605 
102.599457, 23.712118 
101.367966, 23.345774 
99.858070, 23.875486 
101.871002, 24.090996 
101.153114, 24.255302 
99.648003, 23.700531 
100.225662, 24.078623 
100.581192, 25.133137 
103.446075, 27.212503 
104.388557, 25.089954 
100.900841, 23.793774 
105.321220, 24.817343 
98.259117, 27.052523 
100.073380, 25.109776 
96.396935, 24.801191 
103.935829, 26.470610 
101.427666, 23.412827 
103.157532, 22.715706 
99.063576, 23.914354 
102.234909, 23.966490 
99.793541, 23.661509 
100.625725, 26.027163 
104.345627, 27.128517 
101.001335, 28.488132 
100.223625, 27.572010 
101.062103, 24.486546 
102.181786, 24.887829 
104.479210, 27.217251 
99.392494, 23.194742 
99.798737, 24.812445 
99.243866, 25.499254 
103.092628, 26.753132 
104.260948, 22.811569 
102.567032, 26.004324 
103.346390, 25.177013 
108.235283, 25.981827 
102.487946, 26.401911 
103.808136, 25.971397 
105.974068, 25.552977 
99.344124, 25.062792 
98.479713, 24.192913 
99.235405, 25.629305 
99.998154, 22.640703 
98.997444, 23.275280 
99.618034, 23.982285 
98.050636, 24.116354 
98.685982, 24.148052 
98.619263, 23.610374 
100.131142, 24.253498 
99.124611, 24.603354 
100.825256, 23.812607 
100.949013, 22.788797 
98.786102, 25.684010 
100.366730, 23.356491 
101.395737, 22.972549 
101.225250, 24.881922 
100.155342, 24.043301 
103.076828, 26.688484 
104.219215, 24.764597 
102.078308, 26.756977 
103.016930, 27.212088 
104.089897, 28.264545 
101.858734, 26.765808 
104.644760, 26.383322 
101.180138, 26.032930 
100.461044, 23.780752 
100.764023, 27.217192 
100.454994, 23.400660 
102.230469, 24.907074 
101.970085, 24.174404 
101.492119, 24.166433 
101.048477, 23.917305 
100.164749, 22.629812 
100.387543, 24.985519 
100.212662, 23.891966 
99.308899, 23.772350 
100.352013, 22.542814 
100.796638, 22.372850 
101.099571, 23.563887 
101.631546, 23.131933 
100.915726, 24.006529 
101.311821, 23.430685 
100.879189, 24.367216 
100.322021, 24.397943 
98.310165, 24.087698 
101.601547, 23.652126 
101.439590, 24.181166 
101.953552, 24.519924 
98.853897, 24.044003 
101.083664, 23.500446 
101.908440, 24.216295 
103.090927, 24.081970 
102.185722, 23.384399 
98.407990, 23.198135 
101.586746, 24.781290 
102.591476, 25.696815 
100.778687, 26.063400 
103.678268, 24.332794 
102.748535, 24.823734 
105.371689, 25.388388 
100.934509, 23.844860 
102.630852, 27.188099 
102.335060, 26.294769 
100.006020, 25.053028 
98.479721, 24.192917 
99.617432, 24.101744 
98.448532, 24.146635 
98.816368, 23.271006 
97.085999, 23.734924 
98.281967, 24.492359 
98.336891, 23.666996 
97.928055, 22.811993 
100.131134, 24.253502 
99.124596, 24.603384 
100.825256, 23.812607 
100.949013, 22.788797 
98.660172, 25.685757 
99.848816, 23.356792 
101.395737, 22.972549 
98.898598, 25.942722 
104.856659, 26.962957 
100.095276, 23.617319 
100.937073, 24.450024 
100.884193, 24.405012 
100.837021, 24.127583 
99.526039, 24.775856 
100.358208, 24.887655 
103.619293, 26.578665 
103.152977, 22.897627 
102.383171, 24.214565 
102.914833, 23.268574 
104.075165, 24.415327 
103.289482, 26.142389 
101.183533, 23.468321 
102.948059, 25.358665 
101.842247, 26.606869 
99.659554, 26.980650 
100.978134, 27.034199 
99.797646, 23.474369 
101.959946, 25.925837 
99.343971, 24.031029 
100.261505, 25.086401 
99.486412, 24.167442 
105.483925, 23.425077 
104.746162, 27.712595 
104.081619, 23.803133 
103.837624, 24.300388 
103.988480, 26.470362 
105.805450, 25.435049 
103.454849, 24.763777 
104.203987, 25.051403 
99.616203, 24.144211 
99.523079, 23.756075 
98.571106, 22.716072 
99.509315, 22.834435 
99.503922, 23.444664 
98.953522, 23.445059 
98.953522, 23.445044 
98.953529, 23.445053 
99.041023, 23.651871 
99.630821, 22.854536 
99.130074, 23.899473 
99.520149, 22.970476 
99.684853, 23.722475 
100.816811, 23.723812 
100.816811, 23.723812 
100.816811, 23.723812 
98.002571, 25.205761 
97.210106, 25.383867 
96.524231, 23.296127 
97.956833, 23.395256 
97.077248, 25.095793 
98.299339, 24.932722 
99.070389, 24.693405 
98.986450, 23.635033 
102.750603, 24.003395 
101.618866, 22.752552 
101.484718, 24.368116 
101.659241, 23.354092 
101.482384, 24.425959 
101.389915, 22.694578 
98.793671, 23.642059 
99.315010, 23.745251 
102.116714, 24.105814 
104.088051, 24.505901 
101.712143, 25.649948 
103.399132, 26.013832 
103.227379, 27.340843 
98.937309, 24.011936 
98.462975, 23.369589 
99.849945, 23.882574 
101.941193, 23.209606 
101.876816, 26.903896 
103.093330, 25.687691 
102.485092, 28.572105 
100.925323, 27.536942 
105.013039, 26.898540 
102.824821, 24.202116 
103.030083, 26.558851 
101.575989, 25.552347 
100.802200, 22.953772 
101.352684, 25.203112 
100.021057, 22.977375 
99.959190, 22.964735 
98.148697, 23.687374 
99.443092, 24.620569 
98.725243, 22.575403 
98.699074, 23.773209 
99.982483, 26.496479 
102.258530, 24.148279 
99.644310, 23.714325 
100.337067, 24.088186 
101.075119, 23.882280 
101.778870, 23.138327 
100.341583, 23.465929 
97.760384, 23.763521 
100.879547, 22.529146 
100.125267, 24.253872 
98.930267, 23.967278 
96.250259, 24.147814 
101.792358, 23.653353 
100.267387, 25.129879 
98.205696, 23.205208 
100.314247, 22.793301 
100.894859, 25.577662 
97.751045, 23.372047 
101.017975, 23.988321 
97.961060, 25.224846 
100.332985, 24.162159 
100.699715, 23.380810 
99.257759, 24.581053 
