NMS Threshold: 0.005
         IoU       Prec.        Rec.          F1   ang. err.  a. e. std.      F. Neg      F. Pos      T. Pos
         0.5           1    0.011236   0.0222222    0.424779     0.30733        1144           0          13
        0.55           1    0.011236   0.0222222    0.424779     0.30733        1144           0          13
         0.6           1    0.011236   0.0222222    0.424779     0.30733        1144           0          13
        0.65           1    0.011236   0.0222222    0.424779     0.30733        1144           0          13
         0.7           1    0.011236   0.0222222    0.424779     0.30733        1144           0          13
        0.75           1    0.011236   0.0222222    0.424779     0.30733        1144           0          13
         0.8           1    0.011236   0.0222222    0.424779     0.30733        1144           0          13
        0.85           1    0.011236   0.0222222    0.424779     0.30733        1144           0          13
         0.9           1    0.011236   0.0222222    0.424779     0.30733        1144           0          13
        0.95    0.923077   0.0103717   0.0205128     0.37163    0.256123        1145           1          12
        Avg.    0.992308   0.0111495   0.0220513    0.419835    0.303325          -1          -1          -1
Time 702959
NMS Threshold: 0.01
         IoU       Prec.        Rec.          F1   ang. err.  a. e. std.      F. Neg      F. Pos      T. Pos
         0.5    0.994152    0.146932    0.256024    0.826129    0.566102         987           1         170
        0.55    0.994152    0.146932    0.256024    0.826129    0.566102         987           1         170
         0.6    0.994152    0.146932    0.256024    0.826129    0.566102         987           1         170
        0.65    0.994152    0.146932    0.256024    0.826129    0.566102         987           1         170
         0.7    0.994152    0.146932    0.256024    0.826129    0.566102         987           1         170
        0.75    0.994152    0.146932    0.256024    0.826129    0.566102         987           1         170
         0.8    0.994152    0.146932    0.256024    0.826129    0.566102         987           1         170
        0.85    0.988304    0.146067    0.254518    0.823112     0.56641         988           2         169
         0.9    0.912281    0.134831     0.23494     0.79458    0.535179        1001          15         156
        0.95    0.608187   0.0898876    0.156627    0.716123    0.442958        1053          67         104
        Avg.    0.946784    0.139931    0.243825    0.815708    0.556785          -1          -1          -1
Time 699997
NMS Threshold: 0.015
         IoU       Prec.        Rec.          F1   ang. err.  a. e. std.      F. Neg      F. Pos      T. Pos
         0.5    0.977226    0.407952     0.57561    0.862477    0.610876         685          11         472
        0.55    0.977226    0.407952     0.57561    0.862477    0.610876         685          11         472
         0.6    0.977226    0.407952     0.57561    0.862477    0.610876         685          11         472
        0.65    0.977226    0.407952     0.57561    0.862477    0.610876         685          11         472
         0.7    0.975155    0.407087     0.57439    0.861197    0.610892         686          12         471
        0.75    0.975155    0.407087     0.57439    0.861197    0.610892         686          12         471
         0.8    0.973085    0.406223    0.573171    0.856857    0.604244         687          13         470
        0.85    0.944099    0.394123    0.556098    0.848376    0.590701         701          27         456
         0.9    0.813665    0.339672    0.479268     0.81913    0.553488         764          90         393
        0.95    0.501035    0.209162    0.295122    0.698161    0.443985         915         241         242
        Avg.     0.90911    0.379516    0.535488    0.847201    0.596287          -1          -1          -1
Time 704288
NMS Threshold: 0.02
         IoU       Prec.        Rec.          F1   ang. err.  a. e. std.      F. Neg      F. Pos      T. Pos
         0.5    0.946903    0.647364    0.768994    0.924523    0.664253         408          42         749
        0.55    0.946903    0.647364    0.768994    0.924523    0.664253         408          42         749
         0.6    0.946903    0.647364    0.768994    0.924523    0.664253         408          42         749
        0.65    0.944374    0.645635     0.76694    0.920716    0.660615         410          44         747
         0.7    0.938053    0.641314    0.761807    0.915689    0.656178         415          49         742
        0.75    0.932996    0.637857      0.7577    0.914513    0.652041         419          53         738
         0.8    0.922882    0.630942    0.749487     0.90487    0.643595         427          61         730
        0.85    0.893805    0.611063    0.725873    0.892238    0.634208         450          84         707
         0.9    0.762326    0.521175    0.619097    0.840889    0.567444         554         188         603
        0.95    0.410872    0.280899    0.333676    0.711642    0.453941         832         466         325
        Avg.    0.864602    0.591098    0.702156    0.899143    0.641486          -1          -1          -1
Time 699956
NMS Threshold: 0.025
         IoU       Prec.        Rec.          F1   ang. err.  a. e. std.      F. Neg      F. Pos      T. Pos
         0.5    0.873112    0.749352    0.806512    0.937188    0.669419         290         126         867
        0.55    0.872105    0.748487    0.805581    0.935036    0.666801         291         127         866
         0.6    0.872105    0.748487    0.805581    0.935036    0.666801         291         127         866
        0.65    0.870091    0.746759    0.803721    0.931769    0.663728         293         129         864
         0.7    0.864048    0.741573     0.79814    0.926569     0.65984         299         135         858
        0.75     0.86002    0.738116    0.794419    0.925604    0.656321         303         139         854
         0.8    0.847936    0.727744    0.783256     0.91552    0.647916         315         151         842
        0.85    0.812689    0.697494    0.750698    0.902907    0.640643         350         186         807
         0.9    0.678751    0.582541    0.626977    0.849212    0.575473         483         319         674
        0.95    0.347432    0.298185     0.32093    0.721745    0.466617         812         648         345
        Avg.    0.789829    0.677874    0.729581    0.910802    0.646791          -1          -1          -1
Time 700869
NMS Threshold: 0.03
         IoU       Prec.        Rec.          F1   ang. err.  a. e. std.      F. Neg      F. Pos      T. Pos
         0.5    0.803433    0.808989    0.806202    0.960853    0.712606         221         229         936
        0.55    0.802575    0.808124     0.80534    0.958885    0.710441         222         230         935
         0.6    0.800858    0.806396    0.803618    0.954385    0.695435         224         232         933
        0.65    0.797425    0.802939    0.800172    0.943764    0.673249         228         236         929
         0.7    0.791416    0.796889    0.794143    0.938503    0.670024         235         243         922
        0.75    0.787124    0.792567    0.789836    0.936903    0.666833         240         248         917
         0.8    0.775107    0.780467    0.777778    0.928261    0.659857         254         262         903
        0.85    0.739914     0.74503    0.742463    0.918278    0.655282         295         303         862
         0.9      0.6103     0.61452    0.612403     0.85807    0.577875         446         454         711
        0.95    0.302146    0.304235    0.303187    0.729566    0.473063         805         813         352
        Avg.     0.72103    0.726016    0.723514    0.926693    0.667359          -1          -1          -1
Time 701586
NMS Threshold: 0.035
         IoU       Prec.        Rec.          F1   ang. err.  a. e. std.      F. Neg      F. Pos      T. Pos
         0.5    0.730428    0.854797    0.787734    0.964842    0.797226         168         365         989
        0.55     0.72969    0.853933    0.786937    0.962984    0.795485         169         366         988
         0.6    0.727474     0.85134    0.784548    0.957623    0.782647         172         369         985
        0.65    0.723043    0.846154    0.779769    0.937505     0.72487         178         375         979
         0.7    0.717134    0.839239    0.773397    0.923288    0.663615         186         383         971
        0.75    0.713442    0.834918    0.769415     0.92169    0.660488         191         388         966
         0.8    0.703102    0.822818    0.758264    0.913269     0.65352         205         402         952
        0.85    0.670606    0.784788    0.723218    0.903375     0.64838         249         446         908
         0.9     0.55096    0.644771    0.594186    0.846877    0.573133         411         608         746
        0.95    0.269572    0.315471    0.290721    0.724903    0.471674         792         989         365
        Avg.    0.653545    0.764823    0.704819    0.919839    0.701838          -1          -1          -1
Time 703160
NMS Threshold: 0.04
         IoU       Prec.        Rec.          F1   ang. err.  a. e. std.      F. Neg      F. Pos      T. Pos
         0.5    0.689843    0.874676    0.771341    0.961263    0.792247         145         455        1012
        0.55    0.689162    0.873812    0.770579    0.959444    0.790523         146         456        1011
         0.6    0.685072    0.868626    0.766006    0.954793    0.778463         152         462        1005
        0.65      0.6803    0.862576    0.760671    0.934407    0.721526         159         469         998
         0.7    0.673483    0.853933    0.753049    0.920686    0.660944         169         479         988
        0.75    0.670075    0.849611    0.749238    0.919103    0.657838         174         484         983
         0.8     0.65985    0.836646    0.737805    0.911169    0.651126         189         499         968
        0.85    0.628494    0.796889    0.702744    0.902204    0.646061         235         545         922
         0.9    0.516019    0.654278    0.576982    0.846238     0.57236         400         710         757
        0.95    0.248807    0.315471    0.278201    0.724903    0.471674         792        1102         365
        Avg.     0.61411    0.778652    0.686662    0.917644    0.698861          -1          -1          -1
Time 705710
NMS Threshold: 0.045
         IoU       Prec.        Rec.          F1   ang. err.  a. e. std.      F. Neg      F. Pos      T. Pos
         0.5    0.652174    0.894555    0.754373    0.960438    0.789731         122         552        1035
        0.55    0.650914    0.892826    0.752915    0.959248    0.788188         124         554        1033
         0.6    0.647133     0.88764    0.748542    0.954696    0.776339         130         560        1027
        0.65    0.641462    0.879862    0.741983    0.934159    0.720996         139         569        1018
         0.7    0.635161    0.871219    0.734694    0.920708    0.661615         149         579        1008
        0.75     0.63138    0.866033    0.730321    0.918947    0.658873         155         585        1002
         0.8    0.621298    0.852204    0.718659    0.911506    0.652556         171         601         986
        0.85    0.590422    0.809853    0.682945    0.903479    0.646736         220         650         937
         0.9    0.484562     0.66465    0.560496    0.845724     0.57293         388         818         769
        0.95    0.233144    0.319793    0.269679    0.730404     0.47719         787        1217         370
        Avg.    0.578765    0.793863    0.669461    0.917929    0.698599          -1          -1          -1
Time 706572
NMS Threshold: 0.05
         IoU       Prec.        Rec.          F1   ang. err.  a. e. std.      F. Neg      F. Pos      T. Pos
         0.5     0.60862    0.903198    0.727209    0.965208     0.79434         112         672        1045
        0.55     0.60629    0.899741    0.724426    0.962081     0.79209         116         676        1041
         0.6    0.601631    0.892826    0.718859    0.953992    0.776715         124         684        1033
        0.65    0.596389    0.885048    0.712596     0.93357    0.721723         133         693        1024
         0.7    0.589983     0.87554    0.704941    0.918651    0.661278         144         704        1013
        0.75    0.586488    0.870354    0.700765    0.916886    0.658541         150         710        1007
         0.8    0.577169    0.856525    0.689631     0.90945    0.652225         166         726         991
        0.85    0.547467    0.812446    0.654141      0.9028    0.646296         217         777         940
         0.9    0.449039    0.666379    0.536534    0.845241    0.572921         386         946         771
        0.95    0.215492    0.319793    0.257481    0.730404     0.47719         787        1347         370
        Avg.    0.537857    0.798185    0.642658    0.917958    0.699882          -1          -1          -1
Time 709325
NMS Threshold: 0.055
         IoU       Prec.        Rec.          F1   ang. err.  a. e. std.      F. Neg      F. Pos      T. Pos
         0.5    0.574973    0.921348     0.70807    0.972452    0.799865          91         788        1066
        0.55    0.572816    0.917891    0.705413    0.969414    0.797724          95         792        1062
         0.6    0.568501    0.910977      0.7001    0.961542    0.782885         103         800        1054
        0.65    0.562028    0.900605    0.692129    0.939982    0.726409         115         812        1042
         0.7    0.553398    0.886776    0.681501    0.920975    0.661148         131         828        1026
        0.75    0.549083    0.879862    0.676187    0.918354    0.658503         139         836        1018
         0.8    0.539914    0.865169    0.664895    0.910618    0.652472         156         853        1001
        0.85    0.511866    0.820225    0.630355    0.902367    0.644766         208         905         949
         0.9    0.419094    0.671564    0.516108    0.843796    0.571314         380        1077         777
        0.95    0.201187    0.322385    0.247758    0.730383    0.475909         784        1481         373
        Avg.    0.505286     0.80968    0.622252    0.921736    0.702896          -1          -1          -1
Time 711137
NMS Threshold: 0.06
         IoU       Prec.        Rec.          F1   ang. err.  a. e. std.      F. Neg      F. Pos      T. Pos
         0.5    0.545271     0.93172    0.687939    0.976859    0.803658          79         899        1078
        0.55    0.543247    0.928263    0.685386    0.973871    0.801581          83         903        1074
         0.6    0.539201    0.921348    0.680281    0.966121    0.787058          91         911        1066
        0.65    0.532119    0.909248    0.671347    0.942944    0.730558         105         925        1052
         0.7    0.523015    0.893691     0.65986    0.922811    0.666257         123         943        1034
        0.75    0.518462    0.885912    0.654116    0.920893    0.663678         132         952        1025
         0.8    0.509863    0.871219    0.643267    0.913254    0.657855         149         969        1008
        0.85    0.482549    0.824546    0.608807    0.901953    0.643975         203        1023         954
         0.9    0.395043    0.675022    0.498405     0.84374    0.571053         376        1196         781
        0.95     0.18867    0.322385    0.238034    0.730383    0.475909         784        1604         373
        Avg.    0.477744    0.816335    0.602744    0.924444    0.706709          -1          -1          -1
Time 715207
NMS Threshold: 0.065
         IoU       Prec.        Rec.          F1   ang. err.  a. e. std.      F. Neg      F. Pos      T. Pos
         0.5    0.513183    0.942092    0.664432     1.02159      1.1738          67        1034        1090
        0.55    0.511299    0.938634    0.661993      1.0188     1.17366          71        1038        1086
         0.6    0.507062    0.930856    0.656507    0.992377    0.984495          80        1047        1077
        0.65    0.500471    0.918755    0.647973    0.969786    0.943502          94        1061        1063
         0.7    0.490584    0.900605    0.635172    0.928603     0.66919         115        1082        1042
        0.75    0.486347    0.892826    0.629686    0.926751    0.666684         124        1091        1033
         0.8    0.478343    0.878133    0.619323    0.919269    0.661052         141        1108        1016
        0.85    0.451977    0.829732    0.585187    0.906121    0.645807         197        1164         960
         0.9    0.369586    0.678479    0.478513    0.847206    0.573808         372        1339         785
        0.95    0.176554    0.324114    0.228589    0.730922    0.474714         782        1749         375
        Avg.     0.44854    0.823423    0.580738    0.943378    0.865936          -1          -1          -1
Time 717892
NMS Threshold: 0.07
         IoU       Prec.        Rec.          F1   ang. err.  a. e. std.      F. Neg      F. Pos      T. Pos
         0.5     0.46843    0.949006    0.627249     1.10825     2.67408          59        1246        1098
        0.55    0.466724    0.945549    0.624964      1.1058     2.67804          63        1250        1094
         0.6    0.462031    0.936041     0.61868     1.00567     1.01354          74        1261        1083
        0.65    0.456058    0.923941    0.610683    0.983382      0.9747          88        1275        1069
         0.7    0.446246    0.904062    0.597544    0.938281    0.707036         111        1298        1046
        0.75    0.441553    0.894555     0.59126    0.926953    0.667244         122        1309        1035
         0.8      0.4343    0.879862    0.581548    0.919491     0.66164         139        1326        1018
        0.85     0.41041    0.831461    0.549557    0.906382    0.646481         195        1382         962
         0.9    0.335324    0.679343    0.449015    0.846288    0.574019         371        1558         786
        0.95     0.16041    0.324978    0.214796    0.729314    0.475104         781        1968         376
        Avg.    0.408148     0.82688     0.54653     0.96741       1.449          -1          -1          -1
Time 718774
NMS Threshold: 0.075
         IoU       Prec.        Rec.          F1   ang. err.  a. e. std.      F. Neg      F. Pos      T. Pos
         0.5    0.426754    0.956785    0.590243      1.0676     1.31881          50        1487        1107
        0.55    0.424827    0.952463    0.587577     1.06279      1.3178          55        1492        1102
         0.6    0.420586    0.942956    0.581712     1.02125     1.05535          66        1503        1091
        0.65    0.415189    0.930856    0.574247    0.999325     1.01929          80        1517        1077
         0.7    0.405937    0.910112     0.56145    0.953481    0.770735         104        1541        1053
        0.75    0.401311    0.899741    0.555052    0.933521    0.677935         116        1553        1041
         0.8    0.394757    0.885048    0.545988    0.926211    0.672703         133        1570        1024
        0.85    0.372783    0.835782    0.515596     0.90973    0.648087         190        1627         967
         0.9    0.303778    0.681072    0.420155    0.846452     0.57341         369        1806         788
        0.95    0.145721    0.326707    0.201546    0.730275    0.474309         779        2216         378
        Avg.    0.371164    0.832152    0.513356    0.964944    0.942646          -1          -1          -1
Time 720947
NMS Threshold: 0.08
         IoU       Prec.        Rec.          F1   ang. err.  a. e. std.      F. Neg      F. Pos      T. Pos
         0.5     0.38649    0.959378    0.551005     1.06855     1.31722          47        1762        1110
        0.55    0.384401    0.954192    0.548027     1.06376      1.3168          53        1768        1104
         0.6    0.380571    0.944685    0.542566      1.0223     1.05468          64        1779        1093
        0.65    0.375696    0.932584    0.535617     1.00044     1.01867          78        1793        1079
         0.7     0.36734    0.911841    0.523703    0.954704    0.770515         102        1817        1055
        0.75    0.363162    0.901469    0.517746    0.934795    0.677909         114        1829        1043
         0.8    0.357242    0.886776    0.509308    0.927521    0.672701         131        1846        1026
        0.85    0.337396    0.837511    0.481013    0.911151    0.648172         188        1903         969
         0.9    0.274373    0.681072    0.391164    0.846452     0.57341         369        2084         788
        0.95    0.131616    0.326707     0.18764    0.730275    0.474309         779        2494         378
        Avg.    0.335829    0.833621    0.478779    0.966006    0.942168          -1          -1          -1
Time 721661
NMS Threshold: 0.085
         IoU       Prec.        Rec.          F1   ang. err.  a. e. std.      F. Neg      F. Pos      T. Pos
         0.5    0.358793    0.966292    0.523286     1.07118     1.32169          39        1998        1118
        0.55    0.356226    0.959378    0.519541     1.06692     1.32232          47        2006        1110
         0.6    0.352696     0.94987    0.514393     1.02572     1.06336          58        2017        1099
        0.65    0.347882    0.936906    0.507372     1.00423      1.0285          73        2032        1084
         0.7     0.34018    0.916162    0.496139    0.958804    0.785321          97        2056        1060
        0.75    0.336008    0.904927    0.490054    0.934117    0.677319         110        2069        1047
         0.8    0.330231    0.889369    0.481629    0.926527    0.672351         128        2087        1029
        0.85    0.311938    0.840104     0.45495     0.91015    0.647839         185        2144         972
         0.9    0.253209    0.681936    0.369296    0.846739    0.573103         368        2327         789
        0.95    0.121309    0.326707    0.176925    0.730275    0.474309         779        2738         378
        Avg.    0.310847    0.837165    0.453358    0.967814    0.947828          -1          -1          -1
Time 722959
NMS Threshold: 0.09
         IoU       Prec.        Rec.          F1   ang. err.  a. e. std.      F. Neg      F. Pos      T. Pos
         0.5    0.333929    0.969749     0.49679     1.07492      1.3241          35        2238        1122
        0.55    0.331548    0.962835    0.493248     1.07071     1.32475          43        2246        1114
         0.6    0.328274    0.953328    0.488377      1.0297     1.06761          54        2257        1103
        0.65     0.32381    0.940363    0.481736     1.00834     1.03317          69        2272        1088
         0.7    0.316667     0.91962    0.471109    0.963176    0.792854          93        2296        1064
        0.75    0.312202    0.906655    0.464468    0.933503    0.677161         108        2311        1049
         0.8    0.306845    0.891098    0.456498    0.925917    0.672192         126        2329        1031
        0.85    0.289881    0.841832     0.43126    0.909538    0.647699         183        2386         974
         0.9    0.235119      0.6828     0.34979    0.845818    0.573325         367        2570         790
        0.95    0.112798    0.327571     0.16781    0.728662    0.474719         778        2981         379
        Avg.    0.289107    0.839585    0.430108    0.969796    0.950742          -1          -1          -1
Time 724227
NMS Threshold: 0.095
         IoU       Prec.        Rec.          F1   ang. err.  a. e. std.      F. Neg      F. Pos      T. Pos
         0.5    0.315391    0.972342    0.476291     1.07564     1.32452          32        2442        1125
        0.55    0.313148    0.965428    0.472904     1.07145     1.32518          40        2450        1117
         0.6    0.310064     0.95592    0.468247     1.03055     1.06895          51        2461        1106
        0.65    0.305859    0.942956    0.461897     1.00927     1.03469          66        2476        1091
         0.7    0.299131    0.922213    0.451736    0.964252    0.795711          90        2500        1067
        0.75    0.294926    0.909248    0.445385    0.934679    0.680956         105        2515        1052
         0.8    0.289599    0.892826    0.437341    0.924762    0.672117         124        2534        1033
        0.85    0.273619    0.843561    0.413209    0.908348    0.647637         181        2591         976
         0.9    0.221755    0.683665    0.334886    0.844899    0.573544         366        2776         791
        0.95    0.106532    0.328436    0.160881    0.727058    0.475121         777        3187         380
        Avg.    0.273003    0.841659    0.412278    0.970053    0.951922          -1          -1          -1
Time 726350
NMS Threshold: 0.1
         IoU       Prec.        Rec.          F1   ang. err.  a. e. std.      F. Neg      F. Pos      T. Pos
         0.5    0.299441    0.972342    0.457875     1.07564     1.32452          32        2632        1125
        0.55    0.297312    0.965428    0.454619     1.07145     1.32518          40        2640        1117
         0.6    0.294384     0.95592    0.450142     1.03055     1.06895          51        2651        1106
        0.65    0.290391    0.942956    0.444037     1.00927     1.03469          66        2666        1091
         0.7    0.284003    0.922213    0.434269    0.964252    0.795711          90        2690        1067
        0.75    0.280011    0.909248    0.428164    0.934679    0.680956         105        2705        1052
         0.8    0.274953    0.892826    0.420431    0.924762    0.672117         124        2724        1033
        0.85    0.259782    0.843561    0.397232    0.908348    0.647637         181        2781         976
         0.9     0.21054    0.683665    0.321937    0.844899    0.573544         366        2966         791
        0.95    0.101145    0.328436     0.15466    0.727058    0.475121         777        3377         380
        Avg.    0.259196    0.841659    0.396337    0.970053    0.951922          -1          -1          -1
Time 728531
