imagesource:GoogleEarth
gsd:0.132628795229
282.0 420.0 733.0 420.0 733.0 874.0 282.0 874.0 roundabout 0
969.0 1407.0 959.0 1417.0 939.0 1400.0 948.0 1387.0 small-vehicle 0
1024.0 1464.0 1017.0 1473.0 994.0 1452.0 1001.0 1442.0 small-vehicle 0
710.0 1448.0 701.0 1439.0 725.0 1416.0 730.0 1422.0 small-vehicle 0
738.0 1418.0 726.0 1409.0 746.0 1389.0 758.0 1401.0 small-vehicle 0
775.0 1356.0 785.0 1365.0 767.0 1390.0 753.0 1381.0 small-vehicle 0
718.0 1340.0 708.0 1334.0 731.0 1312.0 741.0 1321.0 small-vehicle 0
691.0 1365.0 683.0 1359.0 706.0 1337.0 713.0 1345.0 small-vehicle 0
665.0 1399.0 656.0 1391.0 673.0 1369.0 683.0 1377.0 small-vehicle 0
634.0 1426.0 624.0 1420.0 646.0 1393.0 657.0 1406.0 small-vehicle 0
606.0 1456.0 598.0 1446.0 617.0 1428.0 626.0 1437.0 small-vehicle 0
472.0 921.0 469.0 934.0 435.0 924.0 438.0 913.0 small-vehicle 0
492.0 911.0 481.0 921.0 459.0 902.0 464.0 890.0 small-vehicle 0
420.0 904.0 414.0 917.0 389.0 907.0 393.0 895.0 small-vehicle 0
388.0 913.0 384.0 925.0 356.0 911.0 364.0 900.0 small-vehicle 0
383.0 891.0 378.0 902.0 353.0 887.0 361.0 877.0 small-vehicle 0
351.0 896.0 347.0 904.0 320.0 890.0 326.0 880.0 small-vehicle 0
993.0 1434.0 987.0 1443.0 968.0 1425.0 976.0 1416.0 small-vehicle 0
944.0 1384.0 934.0 1395.0 910.0 1374.0 922.0 1363.0 small-vehicle 0
1065.0 128.0 1055.0 121.0 1071.0 103.0 1082.0 112.0 small-vehicle 1
911.0 1354.0 905.0 1363.0 883.0 1342.0 893.0 1333.0 small-vehicle 0
779.0 1125.0 768.0 1134.0 747.0 1115.0 756.0 1102.0 small-vehicle 0
816.0 1167.0 808.0 1173.0 787.0 1153.0 794.0 1142.0 small-vehicle 0
840.0 1189.0 834.0 1197.0 810.0 1177.0 817.0 1170.0 small-vehicle 0
871.0 1217.0 860.0 1228.0 844.0 1206.0 853.0 1195.0 small-vehicle 0
781.0 1228.0 771.0 1237.0 752.0 1215.0 761.0 1206.0 small-vehicle 0
784.0 1272.0 770.0 1272.0 770.0 1243.0 784.0 1242.0 small-vehicle 0
903.0 1246.0 895.0 1259.0 865.0 1236.0 878.0 1224.0 small-vehicle 0
935.0 1281.0 926.0 1290.0 907.0 1268.0 913.0 1259.0 small-vehicle 0
965.0 1308.0 957.0 1316.0 933.0 1296.0 944.0 1285.0 small-vehicle 0
986.0 1329.0 979.0 1340.0 960.0 1322.0 965.0 1311.0 small-vehicle 0
1011.0 1355.0 1002.0 1365.0 979.0 1344.0 990.0 1333.0 small-vehicle 0
1035.0 1379.0 1029.0 1389.0 1006.0 1367.0 1018.0 1353.0 small-vehicle 0
1064.0 1404.0 1056.0 1416.0 1034.0 1393.0 1042.0 1383.0 small-vehicle 0
1071.0 1427.0 1084.0 1419.0 1098.0 1442.0 1090.0 1450.0 small-vehicle 0
882.0 1327.0 879.0 1337.0 855.0 1324.0 860.0 1312.0 small-vehicle 0
350.0 872.0 343.0 882.0 315.0 864.0 325.0 852.0 small-vehicle 0
320.0 876.0 312.0 884.0 291.0 868.0 298.0 858.0 small-vehicle 0
42.0 943.0 48.0 955.0 20.0 965.0 20.0 951.0 small-vehicle 0
174.0 875.0 182.0 890.0 153.0 902.0 146.0 893.0 small-vehicle 0
203.0 221.0 214.0 215.0 223.0 240.0 216.0 246.0 small-vehicle 0
207.0 208.0 197.0 213.0 187.0 188.0 196.0 178.0 small-vehicle 0
195.0 171.0 184.0 177.0 170.0 152.0 179.0 144.0 small-vehicle 0
180.0 137.0 169.0 143.0 156.0 118.0 167.0 111.0 small-vehicle 0
133.0 71.0 145.0 64.0 160.0 99.0 149.0 104.0 small-vehicle 0
116.0 35.0 130.0 29.0 143.0 59.0 131.0 66.0 small-vehicle 0
313.0 282.0 324.0 275.0 334.0 296.0 322.0 301.0 small-vehicle 0
297.0 250.0 309.0 242.0 324.0 273.0 312.0 278.0 small-vehicle 0
279.0 208.0 292.0 202.0 304.0 232.0 291.0 239.0 small-vehicle 0
260.0 169.0 274.0 163.0 286.0 194.0 273.0 201.0 small-vehicle 0
247.0 133.0 257.0 127.0 270.0 154.0 258.0 163.0 small-vehicle 0
228.0 96.0 239.0 91.0 250.0 117.0 238.0 123.0 small-vehicle 0
212.0 62.0 224.0 57.0 238.0 84.0 226.0 93.0 small-vehicle 0
196.0 25.0 209.0 20.0 220.0 47.0 207.0 53.0 small-vehicle 0
76.0 1376.0 98.0 1433.0 237.0 1374.0 214.0 1317.0 swimming-pool 0
238.0 271.0 230.0 276.0 216.0 254.0 224.0 247.0 small-vehicle 0
234.0 284.0 245.0 278.0 254.0 301.0 242.0 308.0 small-vehicle 0
348.0 348.0 357.0 339.0 378.0 354.0 371.0 363.0 small-vehicle 0
294.0 390.0 284.0 395.0 272.0 371.0 283.0 365.0 small-vehicle 0
284.0 823.0 287.0 836.0 255.0 843.0 251.0 829.0 small-vehicle 0
125.0 771.0 119.0 760.0 141.0 750.0 146.0 760.0 small-vehicle 0
92.0 784.0 87.0 772.0 115.0 760.0 120.0 769.0 small-vehicle 0
55.0 801.0 49.0 790.0 78.0 776.0 81.0 789.0 small-vehicle 0
48.0 825.0 40.0 813.0 70.0 803.0 73.0 814.0 small-vehicle 0
300.0 421.0 288.0 419.0 286.0 395.0 297.0 392.0 small-vehicle 0
687.0 397.0 683.0 385.0 709.0 374.0 716.0 388.0 small-vehicle 0
403.0 369.0 397.0 358.0 429.0 347.0 433.0 359.0 small-vehicle 0
620.0 371.0 626.0 360.0 649.0 372.0 644.0 382.0 small-vehicle 0
587.0 357.0 591.0 349.0 617.0 359.0 612.0 370.0 small-vehicle 0
556.0 353.0 559.0 344.0 582.0 348.0 582.0 359.0 small-vehicle 0
512.0 349.0 514.0 339.0 536.0 341.0 538.0 352.0 small-vehicle 0
471.0 350.0 471.0 337.0 501.0 335.0 503.0 349.0 small-vehicle 0
439.0 358.0 436.0 347.0 460.0 343.0 463.0 351.0 small-vehicle 0
750.0 1101.0 738.0 1108.0 721.0 1090.0 732.0 1080.0 small-vehicle 0
724.0 1078.0 716.0 1084.0 697.0 1068.0 705.0 1058.0 small-vehicle 0
698.0 1049.0 688.0 1055.0 669.0 1036.0 678.0 1026.0 small-vehicle 0
925.0 253.0 937.0 262.0 918.0 282.0 906.0 274.0 small-vehicle 0
609.0 933.0 629.0 934.0 628.0 975.0 609.0 972.0 small-vehicle 1
198.0 753.0 181.0 743.0 205.0 708.0 220.0 721.0 small-vehicle 1
215.0 662.0 198.0 663.0 199.0 628.0 216.0 632.0 small-vehicle 1
131.0 25.0 112.0 34.0 100.0 5.0 117.0 1.0 small-vehicle 1
1118.0 76.0 1106.0 69.0 1128.0 48.0 1138.0 56.0 small-vehicle 0
1088.0 108.0 1077.0 101.0 1100.0 78.0 1110.0 84.0 small-vehicle 0
1043.0 157.0 1030.0 148.0 1053.0 121.0 1063.0 132.0 small-vehicle 0
1018.0 80.0 1008.0 71.0 1029.0 49.0 1038.0 57.0 small-vehicle 0
997.0 105.0 984.0 94.0 1002.0 77.0 1013.0 84.0 small-vehicle 0
965.0 136.0 953.0 128.0 977.0 104.0 988.0 112.0 small-vehicle 0
1009.0 190.0 997.0 182.0 1019.0 160.0 1027.0 170.0 small-vehicle 0
937.0 162.0 927.0 156.0 945.0 136.0 954.0 144.0 small-vehicle 0
983.0 196.0 994.0 206.0 975.0 225.0 964.0 217.0 small-vehicle 0
909.0 193.0 900.0 185.0 919.0 167.0 929.0 174.0 small-vehicle 0
880.0 222.0 874.0 214.0 895.0 194.0 902.0 203.0 small-vehicle 0
613.0 972.0 630.0 966.0 644.0 996.0 628.0 1004.0 small-vehicle 1
428.0 926.0 419.0 942.0 389.0 929.0 395.0 913.0 small-vehicle 1
470.0 937.0 460.0 958.0 427.0 944.0 435.0 923.0 small-vehicle 1
647.0 1091.0 632.0 1107.0 608.0 1081.0 625.0 1065.0 small-vehicle 1
1045.0 54.0 1032.0 45.0 1056.0 20.0 1068.0 32.0 small-vehicle 1
579.0 1477.0 569.0 1465.0 593.0 1448.0 603.0 1460.0 small-vehicle 1
278.0 853.0 281.0 870.0 245.0 878.0 240.0 863.0 small-vehicle 1
1102.0 1016.0 1119.0 999.0 1143.0 1026.0 1129.0 1041.0 small-vehicle 1
1079.0 989.0 1095.0 972.0 1117.0 997.0 1102.0 1014.0 small-vehicle 1
688.0 1444.0 701.0 1457.0 678.0 1479.0 665.0 1465.0 small-vehicle 1
674.0 1113.0 656.0 1129.0 635.0 1109.0 653.0 1093.0 small-vehicle 1
506.0 952.0 495.0 969.0 464.0 952.0 476.0 933.0 small-vehicle 1
700.0 1142.0 686.0 1157.0 663.0 1133.0 678.0 1119.0 small-vehicle 1
730.0 1168.0 713.0 1183.0 693.0 1159.0 708.0 1144.0 small-vehicle 1
756.0 1195.0 741.0 1212.0 715.0 1185.0 730.0 1170.0 small-vehicle 1
591.0 1032.0 572.0 1045.0 548.0 1015.0 566.0 1000.0 small-vehicle 1
560.0 1001.0 542.0 1014.0 519.0 987.0 539.0 973.0 small-vehicle 1
533.0 976.0 515.0 992.0 493.0 966.0 509.0 954.0 small-vehicle 1
944.0 255.0 937.0 250.0 953.0 228.0 962.0 238.0 small-vehicle 0
855.0 252.0 842.0 243.0 866.0 218.0 873.0 229.0 small-vehicle 0
663.0 890.0 670.0 904.0 641.0 923.0 630.0 907.0 small-vehicle 0
900.0 283.0 909.0 293.0 888.0 315.0 878.0 303.0 small-vehicle 0
1039.0 854.0 1046.0 842.0 1071.0 866.0 1062.0 875.0 small-vehicle 0
1068.0 877.0 1076.0 870.0 1095.0 889.0 1087.0 898.0 small-vehicle 0
1052.0 960.0 1063.0 948.0 1086.0 975.0 1076.0 987.0 small-vehicle 0
1028.0 939.0 1040.0 927.0 1056.0 945.0 1047.0 959.0 small-vehicle 0
994.0 906.0 1002.0 895.0 1023.0 916.0 1016.0 926.0 small-vehicle 0
968.0 879.0 978.0 867.0 998.0 888.0 991.0 898.0 small-vehicle 0
938.0 849.0 947.0 839.0 971.0 861.0 960.0 871.0 small-vehicle 0
903.0 816.0 914.0 806.0 941.0 831.0 929.0 841.0 small-vehicle 0
849.0 762.0 858.0 751.0 880.0 775.0 870.0 783.0 small-vehicle 0
810.0 759.0 810.0 744.0 840.0 745.0 839.0 761.0 small-vehicle 0
790.0 752.0 800.0 760.0 785.0 781.0 773.0 775.0 small-vehicle 0
766.0 787.0 778.0 794.0 760.0 822.0 748.0 817.0 small-vehicle 0
747.0 820.0 756.0 826.0 737.0 852.0 725.0 841.0 small-vehicle 0
723.0 847.0 732.0 857.0 710.0 877.0 699.0 868.0 small-vehicle 0
694.0 875.0 702.0 887.0 679.0 900.0 671.0 892.0 small-vehicle 0
1009.0 824.0 1019.0 814.0 1043.0 838.0 1034.0 849.0 small-vehicle 0
980.0 797.0 991.0 786.0 1014.0 808.0 1004.0 818.0 small-vehicle 0
952.0 766.0 960.0 757.0 981.0 778.0 972.0 788.0 small-vehicle 0
790.0 368.0 799.0 376.0 781.0 395.0 769.0 386.0 small-vehicle 0
875.0 308.0 882.0 318.0 863.0 341.0 851.0 333.0 small-vehicle 0
836.0 367.0 825.0 359.0 845.0 338.0 851.0 348.0 small-vehicle 0
817.0 288.0 807.0 280.0 829.0 256.0 838.0 266.0 small-vehicle 0
789.0 313.0 779.0 305.0 801.0 282.0 813.0 292.0 small-vehicle 0
760.0 345.0 751.0 338.0 773.0 311.0 783.0 321.0 small-vehicle 0
819.0 365.0 827.0 374.0 811.0 396.0 798.0 386.0 small-vehicle 0
759.0 430.0 771.0 433.0 760.0 463.0 747.0 459.0 small-vehicle 0
852.0 672.0 862.0 661.0 886.0 682.0 875.0 693.0 small-vehicle 0
749.0 473.0 760.0 466.0 773.0 493.0 763.0 498.0 small-vehicle 0
765.0 502.0 776.0 498.0 789.0 523.0 777.0 528.0 small-vehicle 0
779.0 536.0 793.0 530.0 803.0 564.0 789.0 568.0 small-vehicle 0
795.0 572.0 806.0 569.0 812.0 599.0 801.0 602.0 small-vehicle 0
803.0 611.0 813.0 604.0 829.0 630.0 818.0 636.0 small-vehicle 0
825.0 644.0 835.0 634.0 854.0 657.0 845.0 666.0 small-vehicle 0
853.0 400.0 905.0 346.0 928.0 365.0 874.0 419.0 swimming-pool 0
