imagesource:GoogleEarth
gsd:0.132599419033
336.0 379.0 555.0 379.0 555.0 601.0 336.0 601.0 roundabout 0
737.0 328.0 743.0 335.0 725.0 352.0 715.0 346.0 small-vehicle 0
704.0 826.0 712.0 821.0 731.0 854.0 721.0 860.0 small-vehicle 0
775.0 973.0 787.0 965.0 803.0 994.0 790.0 999.0 small-vehicle 0
701.0 1042.0 685.0 1034.0 694.0 1007.0 707.0 1011.0 small-vehicle 0
711.0 1064.0 699.0 1061.0 707.0 1028.0 721.0 1034.0 small-vehicle 0
737.0 1113.0 724.0 1109.0 734.0 1080.0 747.0 1082.0 small-vehicle 0
805.0 1026.0 817.0 1019.0 831.0 1048.0 823.0 1052.0 small-vehicle 0
663.0 362.0 672.0 369.0 656.0 391.0 643.0 386.0 small-vehicle 0
649.0 728.0 659.0 722.0 673.0 748.0 665.0 756.0 small-vehicle 0
627.0 426.0 640.0 429.0 630.0 455.0 616.0 451.0 small-vehicle 0
881.0 234.0 878.0 245.0 903.0 252.0 907.0 239.0 small-vehicle 0
99.0 1127.0 110.0 1120.0 125.0 1150.0 114.0 1155.0 small-vehicle 1
81.0 1070.0 71.0 1076.0 56.0 1047.0 65.0 1042.0 small-vehicle 1
143.0 903.0 137.0 912.0 115.0 891.0 123.0 883.0 small-vehicle 1
849.0 848.0 854.0 856.0 834.0 870.0 828.0 861.0 small-vehicle 0
805.0 875.0 808.0 881.0 788.0 896.0 780.0 886.0 small-vehicle 0
671.0 768.0 682.0 761.0 697.0 788.0 687.0 794.0 small-vehicle 0
265.0 782.0 262.0 792.0 234.0 784.0 237.0 773.0 small-vehicle 1
185.0 855.0 181.0 864.0 155.0 852.0 160.0 841.0 small-vehicle 0
215.0 11.0 189.0 67.0 235.0 129.0 307.0 65.0 swimming-pool 0
334.0 519.0 318.0 521.0 316.0 489.0 331.0 486.0 small-vehicle 0
526.0 625.0 532.0 638.0 496.0 657.0 490.0 644.0 small-vehicle 0
573.0 533.0 587.0 533.0 586.0 560.0 573.0 561.0 small-vehicle 0
304.0 756.0 299.0 765.0 271.0 759.0 273.0 745.0 small-vehicle 0
286.0 776.0 279.0 787.0 255.0 772.0 259.0 762.0 small-vehicle 0
169.0 870.0 164.0 880.0 143.0 867.0 148.0 855.0 small-vehicle 0
637.0 922.0 625.0 916.0 637.0 890.0 647.0 895.0 small-vehicle 0
109.0 1063.0 117.0 1057.0 134.0 1081.0 122.0 1087.0 small-vehicle 0
125.0 1097.0 134.0 1091.0 148.0 1112.0 137.0 1118.0 small-vehicle 0
559.0 769.0 541.0 764.0 552.0 735.0 567.0 740.0 small-vehicle 0
592.0 831.0 579.0 831.0 589.0 800.0 600.0 802.0 small-vehicle 0
600.0 859.0 589.0 850.0 603.0 825.0 612.0 829.0 small-vehicle 0
626.0 903.0 611.0 899.0 622.0 867.0 636.0 874.0 small-vehicle 0
825.0 1061.0 836.0 1056.0 850.0 1082.0 839.0 1088.0 small-vehicle 1
256.0 797.0 251.0 808.0 223.0 798.0 227.0 787.0 small-vehicle 1
799.0 173.0 790.0 165.0 808.0 148.0 818.0 156.0 small-vehicle 1
251.0 138.0 253.0 133.0 266.0 137.0 265.0 143.0 small-vehicle 1
283.0 149.0 288.0 146.0 294.0 159.0 289.0 162.0 small-vehicle 1
275.0 164.0 278.0 161.0 285.0 170.0 282.0 173.0 small-vehicle 1
267.0 166.0 271.0 163.0 279.0 174.0 275.0 177.0 small-vehicle 1
261.0 172.0 265.0 169.0 272.0 179.0 268.0 183.0 small-vehicle 1
251.0 171.0 255.0 168.0 263.0 179.0 258.0 182.0 small-vehicle 1
241.0 170.0 246.0 169.0 249.0 183.0 244.0 184.0 small-vehicle 1
249.0 146.0 251.0 141.0 266.0 147.0 263.0 152.0 small-vehicle 1
293.0 145.0 295.0 140.0 305.0 146.0 303.0 150.0 small-vehicle 1
248.0 152.0 250.0 148.0 264.0 155.0 261.0 159.0 small-vehicle 1
228.0 177.0 232.0 174.0 241.0 185.0 237.0 189.0 small-vehicle 1
225.0 162.0 229.0 157.0 240.0 167.0 236.0 172.0 small-vehicle 1
221.0 167.0 224.0 164.0 234.0 171.0 232.0 175.0 small-vehicle 1
209.0 168.0 214.0 166.0 219.0 179.0 214.0 180.0 small-vehicle 1
204.0 154.0 206.0 148.0 220.0 156.0 218.0 161.0 small-vehicle 1
279.0 132.0 281.0 129.0 291.0 136.0 289.0 139.0 small-vehicle 1
293.0 133.0 296.0 129.0 306.0 136.0 304.0 140.0 small-vehicle 1
239.0 813.0 231.0 825.0 204.0 810.0 209.0 799.0 small-vehicle 1
347.0 80.0 345.0 83.0 332.0 75.0 334.0 72.0 small-vehicle 1
223.0 827.0 219.0 839.0 190.0 826.0 195.0 813.0 small-vehicle 1
828.0 531.0 837.0 524.0 853.0 551.0 844.0 558.0 small-vehicle 1
107.0 401.0 94.0 408.0 77.0 379.0 90.0 373.0 small-vehicle 1
65.0 404.0 51.0 408.0 40.0 374.0 53.0 370.0 small-vehicle 1
371.0 56.0 366.0 53.0 372.0 38.0 377.0 41.0 small-vehicle 1
350.0 62.0 355.0 64.0 350.0 79.0 345.0 77.0 small-vehicle 1
350.0 89.0 348.0 94.0 335.0 85.0 337.0 81.0 small-vehicle 1
302.0 115.0 307.0 118.0 299.0 127.0 295.0 123.0 small-vehicle 1
345.0 95.0 343.0 100.0 328.0 91.0 331.0 87.0 small-vehicle 1
323.0 98.0 325.0 93.0 338.0 100.0 335.0 105.0 small-vehicle 1
314.0 103.0 317.0 98.0 330.0 105.0 327.0 109.0 small-vehicle 1
310.0 110.0 313.0 106.0 325.0 113.0 323.0 117.0 small-vehicle 1
310.0 117.0 311.0 113.0 323.0 117.0 321.0 122.0 small-vehicle 1
307.0 126.0 310.0 120.0 322.0 125.0 320.0 130.0 small-vehicle 1
105.0 389.0 121.0 384.0 128.0 415.0 115.0 419.0 small-vehicle 0
