imagesource:GoogleEarth
gsd:0.416863727568
923.0 975.0 925.0 968.0 936.0 973.0 936.0 979.0 small-vehicle 1
991.0 1044.0 995.0 1043.0 999.0 1053.0 996.0 1055.0 small-vehicle 1
942.0 986.0 939.0 991.0 926.0 987.0 929.0 981.0 small-vehicle 1
925.0 998.0 927.0 993.0 937.0 995.0 936.0 1001.0 small-vehicle 1
1047.0 1016.0 1051.0 1012.0 1057.0 1024.0 1052.0 1027.0 small-vehicle 1
1026.0 982.0 1031.0 980.0 1036.0 990.0 1032.0 992.0 small-vehicle 1
1019.0 985.0 1025.0 983.0 1029.0 992.0 1024.0 995.0 small-vehicle 1
1009.0 991.0 1015.0 988.0 1020.0 1000.0 1013.0 1001.0 small-vehicle 1
999.0 997.0 1004.0 994.0 1009.0 1005.0 1003.0 1007.0 small-vehicle 1
988.0 1000.0 993.0 998.0 998.0 1008.0 993.0 1011.0 small-vehicle 1
1025.0 1024.0 1029.0 1022.0 1035.0 1033.0 1031.0 1036.0 small-vehicle 1
1013.0 1031.0 1018.0 1028.0 1022.0 1038.0 1016.0 1040.0 small-vehicle 1
1006.0 1035.0 1011.0 1033.0 1016.0 1042.0 1011.0 1044.0 small-vehicle 1
998.0 1040.0 1004.0 1039.0 1008.0 1049.0 1003.0 1051.0 small-vehicle 1
870.0 546.0 811.0 523.0 836.0 461.0 896.0 482.0 baseball-diamond 0
629.0 744.0 671.0 640.0 573.0 601.0 533.0 697.0 baseball-diamond 0
946.0 863.0 952.0 860.0 957.0 871.0 953.0 874.0 small-vehicle 1
942.0 941.0 947.0 938.0 954.0 951.0 948.0 953.0 large-vehicle 1
