imagesource:GoogleEarth
gsd:1.18253905815
2002.0 1540.0 2006.0 1546.0 1994.0 1557.0 1990.0 1552.0 ship 1
1920.0 1587.0 1930.0 1591.0 1924.0 1612.0 1914.0 1609.0 ship 1
2364.0 1201.0 2374.0 1202.0 2371.0 1223.0 2361.0 1221.0 tennis-court 0
2350.0 1197.0 2361.0 1199.0 2358.0 1221.0 2347.0 1219.0 tennis-court 0
1681.0 1726.0 1659.0 1727.0 1715.0 1339.0 1733.0 1339.0 harbor 0
1885.0 138.0 1903.0 138.0 1853.0 515.0 1835.0 512.0 harbor 0
1767.0 1120.0 1798.0 1124.0 1771.0 1314.0 1739.0 1308.0 ship 0
1722.0 1337.0 1692.0 1333.0 1723.0 1114.0 1759.0 1122.0 ship 0
1806.0 738.0 1776.0 732.0 1798.0 575.0 1832.0 581.0 ship 0
1852.0 519.0 1884.0 524.0 1852.0 743.0 1817.0 739.0 ship 0
