imagesource:GoogleEarth
gsd:0.230923706539
1120.0 1081.0 1123.0 1088.0 1104.0 1100.0 1099.0 1091.0 ship 1
757.0 964.0 770.0 981.0 739.0 1008.0 727.0 995.0 ship 0
644.0 921.0 660.0 904.0 705.0 954.0 683.0 972.0 ship 0
615.0 945.0 637.0 926.0 681.0 977.0 656.0 995.0 ship 0
587.0 970.0 610.0 950.0 653.0 999.0 626.0 1019.0 ship 0
807.0 1023.0 832.0 1049.0 613.0 1225.0 594.0 1199.0 ship 1
963.0 1186.0 958.0 1193.0 640.0 813.0 648.0 806.0 harbor 0
299.0 729.0 295.0 723.0 463.0 583.0 469.0 589.0 harbor 0
559.0 784.0 596.0 829.0 483.0 922.0 449.0 880.0 ship 1
316.0 917.0 327.0 933.0 296.0 959.0 286.0 943.0 ship 1
358.0 867.0 377.0 890.0 332.0 928.0 312.0 902.0 ship 1
406.0 821.0 429.0 844.0 385.0 883.0 365.0 859.0 ship 1
583.0 716.0 606.0 743.0 306.0 997.0 283.0 974.0 harbor 1
469.0 674.0 481.0 691.0 435.0 728.0 423.0 712.0 ship 1
369.0 763.0 383.0 779.0 339.0 815.0 327.0 799.0 ship 1
304.0 725.0 319.0 741.0 250.0 801.0 235.0 783.0 ship 1
335.0 788.0 325.0 774.0 500.0 621.0 510.0 635.0 harbor 0
312.0 721.0 320.0 719.0 324.0 738.0 316.0 738.0 ship 0
807.0 1383.0 828.0 1366.0 1013.0 1584.0 984.0 1607.0 ship 1
868.0 1349.0 1029.0 1544.0 999.0 1566.0 837.0 1373.0 ship 0
898.0 1325.0 1060.0 1519.0 1029.0 1542.0 870.0 1346.0 ship 1
924.0 1296.0 1087.0 1487.0 1060.0 1512.0 897.0 1318.0 ship 1
950.0 1264.0 1039.0 1369.0 1012.0 1391.0 923.0 1283.0 ship 1
955.0 1268.0 980.0 1247.0 1161.0 1458.0 1135.0 1483.0 ship 1
1329.0 1435.0 1342.0 1421.0 1391.0 1470.0 1376.0 1486.0 ship 0
1369.0 1239.0 1385.0 1250.0 1350.0 1296.0 1336.0 1284.0 ship 0
1398.0 1267.0 1412.0 1276.0 1376.0 1320.0 1364.0 1309.0 ship 1
1361.0 1403.0 1373.0 1390.0 1412.0 1428.0 1399.0 1443.0 ship 1
1364.0 1330.0 1370.0 1321.0 1409.0 1349.0 1400.0 1360.0 ship 0
669.0 906.0 690.0 884.0 730.0 930.0 708.0 950.0 ship 0
721.0 993.0 739.0 1014.0 688.0 1057.0 671.0 1039.0 ship 1
1349.0 1418.0 1356.0 1410.0 1382.0 1436.0 1371.0 1444.0 ship 0
888.0 1121.0 907.0 1145.0 855.0 1185.0 839.0 1163.0 ship 1
623.0 575.0 628.0 581.0 616.0 589.0 612.0 584.0 small-vehicle 1
613.0 564.0 617.0 570.0 608.0 580.0 602.0 574.0 small-vehicle 1
599.0 552.0 603.0 558.0 593.0 565.0 590.0 560.0 small-vehicle 1
593.0 543.0 597.0 548.0 587.0 557.0 583.0 552.0 small-vehicle 1
586.0 535.0 591.0 542.0 583.0 550.0 578.0 544.0 small-vehicle 1
567.0 528.0 572.0 536.0 560.0 544.0 555.0 537.0 small-vehicle 1
560.0 520.0 566.0 526.0 554.0 535.0 550.0 528.0 small-vehicle 1
553.0 508.0 557.0 515.0 547.0 523.0 543.0 516.0 small-vehicle 1
546.0 500.0 551.0 506.0 541.0 514.0 536.0 509.0 small-vehicle 1
538.0 492.0 542.0 497.0 532.0 508.0 528.0 503.0 small-vehicle 1
526.0 481.0 531.0 487.0 520.0 495.0 516.0 488.0 small-vehicle 1
520.0 470.0 526.0 476.0 514.0 486.0 509.0 479.0 small-vehicle 1
1431.0 1285.0 1391.0 1337.0 1143.0 1121.0 1180.0 1068.0 harbor 0
1412.0 1419.0 1355.0 1480.0 1060.0 1205.0 1111.0 1151.0 harbor 0
222.0 722.0 180.0 670.0 392.0 499.0 437.0 550.0 harbor 0
828.0 1263.0 850.0 1290.0 740.0 1376.0 721.0 1350.0 ship 1
934.0 1172.0 959.0 1201.0 851.0 1287.0 830.0 1261.0 ship 1
543.0 920.0 552.0 934.0 476.0 988.0 466.0 972.0 ship 1
645.0 831.0 660.0 846.0 556.0 933.0 541.0 915.0 harbor 1
732.0 937.0 752.0 961.0 517.0 1158.0 498.0 1135.0 harbor 1
859.0 1083.0 881.0 1108.0 670.0 1290.0 644.0 1263.0 ship 1
835.0 1055.0 857.0 1079.0 646.0 1262.0 624.0 1236.0 ship 1
408.0 528.0 412.0 523.0 424.0 537.0 417.0 542.0 ship 0
352.0 560.0 356.0 561.0 357.0 570.0 352.0 570.0 ship 1
1326.0 1470.0 1319.0 1477.0 1307.0 1463.0 1313.0 1454.0 ship 0
1122.0 1161.0 1115.0 1152.0 1132.0 1132.0 1139.0 1138.0 ship 0
910.0 1148.0 930.0 1170.0 869.0 1225.0 848.0 1199.0 ship 0
1446.0 1348.0 1433.0 1362.0 1392.0 1329.0 1401.0 1315.0 ship 0
1351.0 1475.0 1341.0 1486.0 1284.0 1423.0 1294.0 1413.0 ship 0
1475.0 981.0 1468.0 971.0 1505.0 941.0 1513.0 949.0 large-vehicle 0
1030.0 1127.0 1037.0 1124.0 1047.0 1141.0 1040.0 1145.0 ship 0
1018.0 1133.0 1024.0 1129.0 1038.0 1151.0 1028.0 1155.0 ship 0
998.0 1178.0 991.0 1180.0 979.0 1155.0 985.0 1152.0 ship 0
971.0 1178.0 961.0 1185.0 929.0 1146.0 938.0 1138.0 ship 0
442.0 884.0 454.0 898.0 354.0 988.0 342.0 973.0 ship 0
643.0 790.0 634.0 797.0 599.0 758.0 608.0 748.0 ship 0
540.0 670.0 544.0 671.0 538.0 688.0 530.0 683.0 ship 0
529.0 679.0 525.0 675.0 538.0 665.0 541.0 670.0 ship 0
529.0 679.0 533.0 682.0 521.0 695.0 516.0 691.0 ship 0
514.0 693.0 509.0 688.0 523.0 676.0 527.0 680.0 ship 0
514.0 694.0 518.0 698.0 505.0 710.0 500.0 705.0 ship 0
509.0 689.0 514.0 693.0 500.0 705.0 495.0 700.0 ship 0
476.0 620.0 486.0 628.0 427.0 682.0 418.0 672.0 ship 0
234.0 746.0 207.0 769.0 143.0 684.0 169.0 663.0 ship 0
464.0 594.0 478.0 611.0 344.0 725.0 329.0 708.0 ship 0
450.0 575.0 456.0 583.0 413.0 621.0 405.0 613.0 ship 0
370.0 551.0 378.0 544.0 394.0 561.0 385.0 569.0 ship 0
359.0 559.0 363.0 555.0 376.0 570.0 371.0 573.0 ship 0
338.0 578.0 345.0 571.0 360.0 589.0 353.0 595.0 ship 0
361.0 604.0 352.0 614.0 327.0 589.0 335.0 581.0 ship 0
315.0 596.0 322.0 589.0 349.0 615.0 341.0 623.0 ship 0
304.0 604.0 310.0 599.0 333.0 620.0 325.0 626.0 harbor 0
322.0 632.0 314.0 640.0 295.0 616.0 301.0 607.0 ship 0
282.0 625.0 289.0 617.0 307.0 640.0 299.0 645.0 ship 0
270.0 633.0 276.0 626.0 298.0 650.0 290.0 657.0 ship 1
259.0 643.0 266.0 636.0 290.0 662.0 283.0 670.0 ship 0
277.0 676.0 269.0 681.0 247.0 654.0 253.0 648.0 ship 0
246.0 720.0 236.0 730.0 208.0 694.0 218.0 685.0 ship 1
1003.0 1159.0 997.0 1161.0 991.0 1147.0 997.0 1144.0 ship 0
1044.0 1121.0 1051.0 1118.0 1061.0 1135.0 1054.0 1139.0 ship 0
1288.0 1329.0 1298.0 1335.0 1267.0 1371.0 1258.0 1361.0 ship 1
1073.0 1132.0 1065.0 1136.0 1053.0 1113.0 1060.0 1111.0 ship 0
1276.0 1310.0 1286.0 1317.0 1251.0 1353.0 1243.0 1343.0 ship 0
1227.0 1330.0 1216.0 1318.0 1249.0 1282.0 1262.0 1294.0 ship 1
1232.0 1271.0 1242.0 1280.0 1212.0 1314.0 1203.0 1306.0 ship 0
1200.0 1305.0 1191.0 1297.0 1218.0 1265.0 1226.0 1274.0 ship 0
1184.0 1291.0 1178.0 1284.0 1205.0 1253.0 1214.0 1260.0 ship 0
1064.0 1216.0 1075.0 1203.0 1152.0 1273.0 1141.0 1285.0 ship 0
1163.0 1269.0 1154.0 1261.0 1186.0 1227.0 1197.0 1235.0 ship 0
1151.0 1199.0 1159.0 1206.0 1127.0 1238.0 1119.0 1229.0 ship 0
1138.0 1189.0 1146.0 1197.0 1117.0 1222.0 1111.0 1213.0 ship 0
1121.0 1187.0 1126.0 1194.0 1105.0 1213.0 1099.0 1208.0 ship 0
1101.0 1199.0 1095.0 1192.0 1115.0 1173.0 1122.0 1181.0 ship 0
1092.0 1189.0 1085.0 1182.0 1103.0 1161.0 1110.0 1168.0 ship 0
1343.0 1211.0 1356.0 1220.0 1320.0 1268.0 1309.0 1258.0 ship 0
1299.0 1233.0 1322.0 1201.0 1314.0 1195.0 1289.0 1225.0 ship 0
1297.0 1181.0 1305.0 1185.0 1290.0 1210.0 1282.0 1206.0 ship 0
1288.0 1173.0 1295.0 1177.0 1278.0 1202.0 1271.0 1194.0 ship 0
1251.0 1145.0 1258.0 1150.0 1241.0 1173.0 1233.0 1167.0 ship 0
1252.0 1188.0 1243.0 1182.0 1262.0 1156.0 1269.0 1161.0 ship 0
1208.0 1148.0 1200.0 1141.0 1216.0 1118.0 1224.0 1122.0 ship 0
1181.0 1109.0 1173.0 1104.0 1184.0 1090.0 1191.0 1093.0 ship 0
1168.0 1124.0 1161.0 1121.0 1172.0 1105.0 1177.0 1109.0 ship 0
1121.0 1075.0 1124.0 1067.0 1138.0 1071.0 1136.0 1080.0 ship 1
1110.0 1103.0 1108.0 1098.0 1125.0 1088.0 1129.0 1095.0 ship 0
1100.0 1090.0 1095.0 1083.0 1113.0 1073.0 1118.0 1080.0 ship 0
1085.0 1095.0 1088.0 1090.0 1100.0 1101.0 1095.0 1105.0 ship 0
1074.0 1096.0 1081.0 1093.0 1090.0 1111.0 1083.0 1114.0 ship 0
1065.0 1109.0 1072.0 1105.0 1078.0 1119.0 1072.0 1121.0 ship 0
630.0 581.0 636.0 588.0 625.0 597.0 621.0 591.0 small-vehicle 1
638.0 589.0 644.0 596.0 631.0 607.0 626.0 600.0 small-vehicle 1
576.0 690.0 583.0 682.0 606.0 709.0 597.0 716.0 ship 0
1310.0 989.0 1303.0 991.0 1300.0 973.0 1307.0 970.0 small-vehicle 1
1313.0 1019.0 1303.0 1019.0 1300.0 994.0 1309.0 993.0 large-vehicle 0
1322.0 1005.0 1314.0 1006.0 1313.0 987.0 1320.0 985.0 small-vehicle 1
1329.0 969.0 1321.0 970.0 1320.0 952.0 1327.0 952.0 small-vehicle 1
1341.0 961.0 1333.0 961.0 1332.0 943.0 1339.0 943.0 small-vehicle 1
1334.0 998.0 1326.0 998.0 1325.0 976.0 1332.0 976.0 small-vehicle 1
1343.0 986.0 1334.0 987.0 1334.0 968.0 1342.0 968.0 small-vehicle 1
1359.0 969.0 1352.0 969.0 1350.0 951.0 1357.0 950.0 small-vehicle 1
1377.0 954.0 1369.0 955.0 1367.0 936.0 1374.0 934.0 small-vehicle 1
1343.0 927.0 1352.0 924.0 1356.0 945.0 1347.0 946.0 small-vehicle 1
1364.0 928.0 1356.0 928.0 1355.0 907.0 1363.0 906.0 small-vehicle 1
1367.0 899.0 1376.0 899.0 1376.0 920.0 1368.0 920.0 small-vehicle 0
1395.0 906.0 1386.0 906.0 1382.0 886.0 1391.0 885.0 small-vehicle 1
1406.0 905.0 1399.0 905.0 1397.0 885.0 1403.0 884.0 small-vehicle 1
1396.0 939.0 1387.0 940.0 1383.0 918.0 1391.0 917.0 small-vehicle 1
1408.0 926.0 1401.0 928.0 1398.0 911.0 1404.0 910.0 small-vehicle 1
1445.0 897.0 1440.0 891.0 1454.0 877.0 1460.0 882.0 small-vehicle 1
1201.0 1003.0 1207.0 1008.0 1194.0 1023.0 1189.0 1017.0 small-vehicle 1
1582.0 960.0 1587.0 955.0 1600.0 968.0 1595.0 974.0 small-vehicle 1
1599.0 976.0 1604.0 971.0 1620.0 984.0 1613.0 991.0 small-vehicle 1
1621.0 894.0 1629.0 902.0 1614.0 915.0 1607.0 908.0 small-vehicle 1
1544.0 921.0 1549.0 916.0 1561.0 929.0 1555.0 934.0 small-vehicle 1
1547.0 914.0 1542.0 919.0 1527.0 906.0 1532.0 901.0 small-vehicle 1
1512.0 887.0 1517.0 881.0 1530.0 894.0 1523.0 899.0 small-vehicle 1
1463.0 833.0 1469.0 829.0 1482.0 843.0 1476.0 848.0 small-vehicle 1
1417.0 783.0 1421.0 779.0 1433.0 791.0 1429.0 795.0 small-vehicle 1
1360.0 572.0 1355.0 575.0 1344.0 560.0 1348.0 556.0 small-vehicle 1
1369.0 559.0 1364.0 563.0 1352.0 550.0 1358.0 546.0 small-vehicle 1
1320.0 981.0 1313.0 982.0 1310.0 964.0 1316.0 962.0 small-vehicle 1
1298.0 996.0 1290.0 996.0 1289.0 975.0 1297.0 975.0 small-vehicle 1
572.0 632.0 578.0 627.0 591.0 642.0 585.0 647.0 small-vehicle 1
1272.0 978.0 1282.0 976.0 1285.0 997.0 1276.0 999.0 small-vehicle 1
1486.0 996.0 1479.0 988.0 1517.0 955.0 1524.0 963.0 large-vehicle 0
1496.0 1008.0 1488.0 1000.0 1528.0 966.0 1534.0 974.0 large-vehicle 0
1505.0 1020.0 1499.0 1011.0 1540.0 978.0 1548.0 986.0 large-vehicle 0
1517.0 1036.0 1511.0 1027.0 1551.0 990.0 1558.0 1000.0 large-vehicle 0
1532.0 1155.0 1543.0 1151.0 1568.0 1193.0 1557.0 1199.0 large-vehicle 0
1543.0 1140.0 1553.0 1135.0 1576.0 1182.0 1567.0 1187.0 large-vehicle 0
1555.0 1132.0 1565.0 1126.0 1590.0 1173.0 1581.0 1178.0 large-vehicle 0
1567.0 1119.0 1577.0 1114.0 1601.0 1162.0 1592.0 1167.0 large-vehicle 0
1575.0 1105.0 1587.0 1099.0 1611.0 1145.0 1600.0 1151.0 large-vehicle 0
1601.0 1085.0 1612.0 1080.0 1636.0 1128.0 1625.0 1133.0 large-vehicle 0
1408.0 1291.0 1413.0 1286.0 1426.0 1294.0 1421.0 1300.0 ship 0
1464.0 1220.0 1474.0 1214.0 1507.0 1263.0 1496.0 1271.0 large-vehicle 0
1467.0 1234.0 1460.0 1240.0 1447.0 1225.0 1453.0 1219.0 small-vehicle 1
1383.0 1153.0 1388.0 1149.0 1397.0 1165.0 1391.0 1168.0 small-vehicle 1
1397.0 1132.0 1401.0 1127.0 1416.0 1141.0 1411.0 1146.0 small-vehicle 1
1415.0 1130.0 1419.0 1124.0 1432.0 1133.0 1428.0 1138.0 small-vehicle 1
1426.0 1119.0 1430.0 1112.0 1448.0 1124.0 1443.0 1131.0 small-vehicle 1
1439.0 1110.0 1443.0 1104.0 1459.0 1114.0 1455.0 1121.0 small-vehicle 1
1448.0 1100.0 1452.0 1094.0 1468.0 1106.0 1465.0 1112.0 small-vehicle 1
1479.0 1089.0 1474.0 1097.0 1451.0 1081.0 1455.0 1074.0 large-vehicle 0
1484.0 1079.0 1480.0 1086.0 1458.0 1072.0 1463.0 1065.0 large-vehicle 0
1530.0 1048.0 1536.0 1044.0 1550.0 1058.0 1544.0 1065.0 small-vehicle 1
1538.0 1039.0 1545.0 1033.0 1561.0 1051.0 1553.0 1056.0 small-vehicle 1
1576.0 1034.0 1570.0 1038.0 1548.0 1013.0 1554.0 1008.0 large-vehicle 0
1547.0 1030.0 1551.0 1024.0 1565.0 1038.0 1560.0 1044.0 small-vehicle 1
1565.0 1013.0 1570.0 1007.0 1583.0 1022.0 1579.0 1027.0 small-vehicle 1
1291.0 1006.0 1298.0 1006.0 1299.0 1022.0 1292.0 1023.0 small-vehicle 1
1396.0 536.0 1391.0 539.0 1382.0 527.0 1386.0 523.0 small-vehicle 1
1405.0 527.0 1402.0 532.0 1391.0 521.0 1394.0 516.0 small-vehicle 1
1453.0 503.0 1447.0 508.0 1438.0 495.0 1443.0 490.0 small-vehicle 1
1493.0 466.0 1487.0 471.0 1474.0 458.0 1479.0 453.0 small-vehicle 1
1095.0 682.0 1101.0 676.0 1120.0 697.0 1115.0 704.0 small-vehicle 1
1151.0 644.0 1156.0 639.0 1169.0 653.0 1164.0 658.0 small-vehicle 1
1161.0 635.0 1165.0 629.0 1180.0 645.0 1175.0 650.0 small-vehicle 1
1248.0 567.0 1253.0 561.0 1265.0 576.0 1259.0 580.0 small-vehicle 1
1261.0 137.0 1254.0 132.0 1264.0 120.0 1271.0 126.0 small-vehicle 1
1083.0 169.0 1089.0 164.0 1103.0 180.0 1098.0 186.0 small-vehicle 1
826.0 524.0 820.0 516.0 835.0 502.0 842.0 510.0 small-vehicle 1
845.0 505.0 840.0 499.0 850.0 490.0 855.0 494.0 small-vehicle 1
860.0 494.0 854.0 486.0 871.0 471.0 877.0 478.0 small-vehicle 1
876.0 515.0 882.0 521.0 867.0 532.0 863.0 526.0 small-vehicle 1
892.0 500.0 898.0 507.0 885.0 517.0 880.0 512.0 small-vehicle 1
920.0 477.0 926.0 483.0 912.0 497.0 906.0 490.0 small-vehicle 1
954.0 448.0 958.0 454.0 945.0 466.0 939.0 460.0 small-vehicle 1
977.0 428.0 981.0 434.0 970.0 445.0 965.0 440.0 small-vehicle 1
997.0 408.0 1002.0 415.0 986.0 431.0 981.0 423.0 small-vehicle 1
1197.0 232.0 1204.0 239.0 1190.0 252.0 1184.0 246.0 small-vehicle 1
626.0 665.0 631.0 671.0 619.0 682.0 614.0 676.0 small-vehicle 1
699.0 609.0 695.0 599.0 712.0 592.0 716.0 602.0 small-vehicle 1
876.0 827.0 884.0 836.0 864.0 854.0 856.0 845.0 large-vehicle 0
788.0 849.0 783.0 839.0 806.0 829.0 810.0 838.0 small-vehicle 1
496.0 406.0 503.0 399.0 527.0 423.0 521.0 431.0 ship 0
541.0 450.0 534.0 458.0 507.0 435.0 515.0 427.0 large-vehicle 0
439.0 480.0 433.0 472.0 450.0 459.0 456.0 467.0 ship 0
435.0 497.0 428.0 502.0 416.0 490.0 421.0 484.0 small-vehicle 1
472.0 574.0 472.0 566.0 488.0 563.0 489.0 571.0 small-vehicle 1
481.0 586.0 480.0 578.0 496.0 574.0 497.0 582.0 small-vehicle 1
576.0 640.0 570.0 646.0 550.0 623.0 558.0 616.0 large-vehicle 0
1266.0 649.0 1260.0 656.0 1249.0 642.0 1255.0 637.0 small-vehicle 1
1167.0 741.0 1161.0 744.0 1149.0 731.0 1155.0 726.0 small-vehicle 1
1150.0 752.0 1145.0 758.0 1132.0 744.0 1137.0 739.0 small-vehicle 1
1397.0 466.0 1390.0 459.0 1413.0 438.0 1418.0 444.0 large-vehicle 0
1602.0 617.0 1608.0 609.0 1623.0 624.0 1617.0 630.0 small-vehicle 1
1430.0 766.0 1434.0 761.0 1446.0 773.0 1441.0 777.0 small-vehicle 1
1351.0 56.0 1346.0 50.0 1360.0 37.0 1366.0 43.0 small-vehicle 1
1438.0 15.0 1446.0 21.0 1430.0 37.0 1424.0 30.0 small-vehicle 1
1414.0 41.0 1419.0 47.0 1405.0 59.0 1401.0 55.0 small-vehicle 1
1379.0 83.0 1374.0 76.0 1387.0 63.0 1392.0 70.0 small-vehicle 1
1360.0 98.0 1354.0 93.0 1366.0 83.0 1370.0 88.0 small-vehicle 1
1378.0 34.0 1372.0 27.0 1382.0 18.0 1388.0 23.0 small-vehicle 1
1488.0 197.0 1498.0 191.0 1509.0 209.0 1501.0 217.0 small-vehicle 1
1293.0 146.0 1299.0 153.0 1286.0 165.0 1280.0 160.0 small-vehicle 1
1341.0 104.0 1345.0 109.0 1334.0 121.0 1328.0 114.0 small-vehicle 1
1404.0 202.0 1408.0 211.0 1390.0 220.0 1384.0 211.0 small-vehicle 1
1038.0 854.0 1033.0 858.0 1023.0 843.0 1027.0 839.0 small-vehicle 1
993.0 784.0 997.0 778.0 1012.0 791.0 1007.0 798.0 small-vehicle 1
1048.0 846.0 1043.0 850.0 1034.0 839.0 1039.0 834.0 small-vehicle 1
1058.0 839.0 1054.0 844.0 1042.0 832.0 1046.0 828.0 small-vehicle 1
1069.0 831.0 1065.0 836.0 1054.0 822.0 1058.0 818.0 small-vehicle 1
1078.0 825.0 1073.0 828.0 1063.0 815.0 1067.0 811.0 small-vehicle 1
1092.0 809.0 1087.0 811.0 1082.0 798.0 1086.0 795.0 small-vehicle 1
1115.0 783.0 1110.0 786.0 1104.0 775.0 1108.0 772.0 small-vehicle 1
935.0 777.0 928.0 771.0 941.0 758.0 947.0 765.0 small-vehicle 1
937.0 829.0 941.0 824.0 954.0 839.0 949.0 843.0 small-vehicle 1
968.0 834.0 961.0 838.0 950.0 822.0 956.0 819.0 small-vehicle 1
960.0 819.0 964.0 814.0 977.0 826.0 973.0 831.0 small-vehicle 1
968.0 809.0 972.0 804.0 986.0 817.0 982.0 822.0 small-vehicle 1
985.0 795.0 990.0 791.0 1002.0 804.0 998.0 809.0 small-vehicle 1
264.0 685.0 242.0 658.0 231.0 667.0 255.0 692.0 ship 0
