imagesource:GoogleEarth
gsd:0.229280290603
490.0 912.0 487.0 901.0 510.0 896.0 513.0 907.0 small-vehicle 1
327.0 785.0 329.0 792.0 313.0 800.0 309.0 792.0 small-vehicle 0
344.0 907.0 339.0 899.0 358.0 887.0 361.0 894.0 small-vehicle 0
377.0 940.0 380.0 948.0 361.0 957.0 357.0 948.0 small-vehicle 0
382.0 954.0 385.0 962.0 368.0 968.0 365.0 960.0 small-vehicle 0
453.0 1012.0 450.0 1006.0 468.0 996.0 472.0 1004.0 small-vehicle 0
477.0 1003.0 473.0 996.0 489.0 985.0 494.0 992.0 small-vehicle 0
497.0 992.0 492.0 984.0 508.0 972.0 515.0 979.0 small-vehicle 0
584.0 910.0 589.0 916.0 575.0 931.0 569.0 925.0 small-vehicle 0
514.0 862.0 522.0 860.0 529.0 879.0 521.0 881.0 small-vehicle 0
502.0 835.0 510.0 832.0 517.0 847.0 509.0 851.0 small-vehicle 0
450.0 772.0 452.0 780.0 431.0 787.0 428.0 778.0 small-vehicle 0
476.0 781.0 473.0 772.0 490.0 765.0 493.0 772.0 small-vehicle 0
407.0 705.0 402.0 697.0 420.0 686.0 425.0 693.0 small-vehicle 0
401.0 690.0 399.0 684.0 413.0 677.0 416.0 683.0 small-vehicle 0
440.0 676.0 436.0 665.0 454.0 659.0 458.0 668.0 small-vehicle 0
464.0 683.0 467.0 691.0 451.0 699.0 447.0 691.0 small-vehicle 0
558.0 695.0 550.0 698.0 543.0 678.0 552.0 675.0 small-vehicle 0
526.0 627.0 534.0 623.0 542.0 643.0 535.0 647.0 small-vehicle 0
383.0 515.0 430.0 502.0 460.0 601.0 412.0 616.0 tennis-court 0
444.0 497.0 493.0 484.0 524.0 583.0 474.0 598.0 tennis-court 0
342.0 358.0 389.0 345.0 418.0 445.0 372.0 460.0 tennis-court 0
404.0 339.0 452.0 326.0 483.0 426.0 435.0 440.0 tennis-court 0
482.0 316.0 530.0 302.0 561.0 401.0 512.0 417.0 tennis-court 0
434.0 81.0 434.0 91.0 415.0 92.0 415.0 82.0 small-vehicle 0
426.0 99.0 424.0 107.0 444.0 109.0 446.0 100.0 small-vehicle 0
414.0 109.0 413.0 118.0 434.0 118.0 434.0 110.0 small-vehicle 0
373.0 831.0 366.0 834.0 359.0 817.0 367.0 813.0 small-vehicle 0
295.0 540.0 342.0 525.0 374.0 625.0 328.0 640.0 tennis-court 0
776.0 739.0 779.0 749.0 763.0 755.0 760.0 744.0 small-vehicle 1
234.0 559.0 282.0 544.0 314.0 644.0 266.0 660.0 tennis-court 0
78.0 18.0 71.0 18.0 65.0 2.0 71.0 1.0 small-vehicle 0
111.0 132.0 110.0 123.0 129.0 122.0 129.0 132.0 small-vehicle 0
213.0 104.0 213.0 98.0 229.0 97.0 230.0 105.0 small-vehicle 0
218.0 139.0 219.0 129.0 238.0 129.0 238.0 138.0 small-vehicle 0
252.0 94.0 252.0 103.0 273.0 101.0 273.0 92.0 small-vehicle 0
270.0 126.0 271.0 135.0 250.0 136.0 248.0 127.0 large-vehicle 0
315.0 89.0 315.0 99.0 293.0 100.0 291.0 92.0 large-vehicle 0
318.0 90.0 318.0 98.0 339.0 97.0 339.0 88.0 small-vehicle 0
341.0 88.0 341.0 97.0 360.0 96.0 360.0 87.0 small-vehicle 0
358.0 119.0 358.0 128.0 337.0 131.0 337.0 122.0 small-vehicle 0
281.0 133.0 281.0 125.0 300.0 124.0 300.0 132.0 small-vehicle 0
258.0 58.0 264.0 53.0 275.0 67.0 267.0 71.0 small-vehicle 0
293.0 51.0 301.0 55.0 292.0 73.0 284.0 68.0 small-vehicle 0
375.0 46.0 384.0 45.0 384.0 67.0 375.0 68.0 small-vehicle 0
395.0 44.0 403.0 43.0 403.0 65.0 395.0 64.0 small-vehicle 0
368.0 146.0 376.0 145.0 375.0 161.0 368.0 161.0 small-vehicle 0
393.0 149.0 399.0 149.0 400.0 161.0 393.0 161.0 small-vehicle 1
155.0 154.0 154.0 145.0 174.0 144.0 175.0 153.0 small-vehicle 0
174.0 155.0 174.0 163.0 156.0 164.0 155.0 156.0 small-vehicle 0
99.0 180.0 99.0 171.0 115.0 169.0 116.0 178.0 small-vehicle 0
95.0 162.0 96.0 171.0 115.0 168.0 114.0 159.0 small-vehicle 0
95.0 151.0 96.0 160.0 114.0 158.0 114.0 149.0 small-vehicle 0
172.0 253.0 180.0 252.0 185.0 272.0 176.0 274.0 small-vehicle 0
189.0 407.0 237.0 393.0 267.0 492.0 219.0 506.0 tennis-court 0
250.0 388.0 298.0 374.0 328.0 474.0 279.0 489.0 tennis-court 0
501.0 89.0 501.0 96.0 485.0 98.0 484.0 90.0 small-vehicle 0
494.0 76.0 495.0 85.0 514.0 84.0 512.0 74.0 small-vehicle 0
518.0 84.0 518.0 76.0 536.0 72.0 537.0 82.0 small-vehicle 0
470.0 39.0 479.0 38.0 481.0 57.0 472.0 57.0 small-vehicle 0
721.0 551.0 723.0 559.0 706.0 567.0 702.0 558.0 small-vehicle 0
710.0 611.0 701.0 614.0 696.0 597.0 704.0 593.0 small-vehicle 0
657.0 547.0 665.0 544.0 670.0 562.0 662.0 565.0 small-vehicle 0
730.0 656.0 727.0 646.0 747.0 640.0 749.0 650.0 small-vehicle 0
786.0 724.0 788.0 732.0 770.0 740.0 766.0 731.0 small-vehicle 0
722.0 735.0 731.0 734.0 734.0 753.0 727.0 755.0 small-vehicle 0
710.0 720.0 717.0 714.0 728.0 729.0 720.0 735.0 small-vehicle 0
584.0 760.0 593.0 758.0 600.0 776.0 590.0 781.0 small-vehicle 0
783.0 768.0 782.0 762.0 796.0 757.0 798.0 763.0 small-vehicle 1
687.0 839.0 682.0 831.0 694.0 821.0 700.0 825.0 small-vehicle 0
672.0 851.0 666.0 844.0 680.0 832.0 685.0 838.0 small-vehicle 0
649.0 868.0 644.0 862.0 660.0 847.0 666.0 853.0 small-vehicle 0
723.0 883.0 715.0 887.0 707.0 871.0 715.0 867.0 small-vehicle 0
673.0 911.0 665.0 913.0 658.0 899.0 669.0 895.0 small-vehicle 0
641.0 864.0 646.0 871.0 632.0 882.0 626.0 876.0 small-vehicle 0
621.0 879.0 628.0 886.0 613.0 898.0 607.0 893.0 small-vehicle 0
601.0 896.0 607.0 902.0 592.0 915.0 586.0 908.0 small-vehicle 0
588.0 79.0 588.0 71.0 606.0 69.0 605.0 78.0 small-vehicle 0
640.0 509.0 643.0 516.0 627.0 523.0 624.0 517.0 small-vehicle 1
193.0 57.0 200.0 57.0 202.0 78.0 194.0 79.0 small-vehicle 1
78.0 45.0 85.0 43.0 92.0 61.0 84.0 63.0 small-vehicle 1
448.0 144.0 455.0 143.0 457.0 159.0 450.0 159.0 small-vehicle 1
517.0 135.0 524.0 134.0 526.0 151.0 519.0 152.0 small-vehicle 1
649.0 303.0 656.0 298.0 665.0 311.0 658.0 316.0 small-vehicle 1
796.0 734.0 798.0 743.0 779.0 748.0 777.0 740.0 small-vehicle 1
650.0 531.0 652.0 539.0 636.0 545.0 633.0 536.0 small-vehicle 0
689.0 466.0 697.0 471.0 687.0 492.0 679.0 489.0 small-vehicle 0
537.0 455.0 639.0 424.0 652.0 466.0 550.0 501.0 tennis-court 0
786.0 114.0 795.0 114.0 793.0 133.0 785.0 133.0 small-vehicle 0
545.0 38.0 554.0 38.0 557.0 59.0 548.0 60.0 small-vehicle 0
567.0 81.0 566.0 71.0 584.0 69.0 586.0 78.0 small-vehicle 0
722.0 63.0 721.0 72.0 701.0 73.0 701.0 63.0 small-vehicle 0
751.0 60.0 751.0 69.0 728.0 71.0 728.0 60.0 small-vehicle 0
755.0 58.0 755.0 67.0 774.0 65.0 773.0 56.0 small-vehicle 0
799.0 54.0 799.0 63.0 819.0 61.0 819.0 53.0 small-vehicle 0
794.0 46.0 787.0 46.0 784.0 34.0 793.0 34.0 small-vehicle 1
717.0 90.0 716.0 98.0 698.0 98.0 698.0 91.0 small-vehicle 0
678.0 93.0 677.0 101.0 657.0 102.0 657.0 91.0 small-vehicle 0
720.0 98.0 720.0 89.0 740.0 88.0 740.0 97.0 small-vehicle 0
747.0 97.0 747.0 86.0 765.0 86.0 765.0 96.0 small-vehicle 0
840.0 81.0 840.0 89.0 823.0 91.0 823.0 82.0 small-vehicle 0
803.0 347.0 811.0 347.0 812.0 370.0 803.0 370.0 small-vehicle 0
610.0 155.0 618.0 155.0 619.0 177.0 612.0 177.0 small-vehicle 0
623.0 206.0 615.0 207.0 612.0 185.0 622.0 184.0 large-vehicle 0
630.0 224.0 622.0 228.0 617.0 208.0 625.0 206.0 small-vehicle 0
627.0 243.0 634.0 240.0 641.0 259.0 633.0 261.0 small-vehicle 0
647.0 281.0 640.0 285.0 633.0 268.0 642.0 264.0 small-vehicle 0
641.0 286.0 648.0 283.0 655.0 296.0 647.0 300.0 small-vehicle 1
544.0 297.0 596.0 283.0 624.0 383.0 576.0 398.0 tennis-court 0
662.0 320.0 669.0 314.0 682.0 332.0 676.0 336.0 small-vehicle 0
712.0 346.0 709.0 353.0 692.0 345.0 696.0 336.0 small-vehicle 0
753.0 337.0 760.0 341.0 751.0 360.0 744.0 356.0 small-vehicle 0
744.0 334.0 751.0 337.0 741.0 354.0 734.0 350.0 small-vehicle 0
72.0 21.0 77.0 20.0 82.0 34.0 76.0 36.0 small-vehicle 1
