imagesource:GoogleEarth
gsd:null
1338.0 1140.0 1339.0 1147.0 1319.0 1147.0 1318.0 1141.0 small-vehicle 1
743.0 1163.0 751.0 1161.0 751.0 1180.0 743.0 1180.0 small-vehicle 1
352.0 31.0 354.0 23.0 370.0 29.0 368.0 37.0 small-vehicle 0
351.0 8.0 354.0 1.0 371.0 10.0 368.0 17.0 small-vehicle 1
200.0 767.0 199.0 758.0 216.0 759.0 217.0 767.0 small-vehicle 1
191.0 795.0 190.0 788.0 207.0 788.0 207.0 797.0 small-vehicle 1
893.0 1241.0 902.0 1239.0 904.0 1260.0 897.0 1262.0 small-vehicle 1
873.0 1242.0 879.0 1241.0 881.0 1259.0 875.0 1260.0 small-vehicle 1
812.0 1254.0 819.0 1252.0 820.0 1271.0 813.0 1271.0 small-vehicle 1
800.0 1256.0 807.0 1254.0 807.0 1271.0 801.0 1273.0 small-vehicle 1
817.0 1194.0 818.0 1189.0 836.0 1190.0 838.0 1196.0 small-vehicle 1
785.0 1197.0 784.0 1190.0 804.0 1189.0 804.0 1197.0 small-vehicle 0
758.0 1196.0 757.0 1188.0 775.0 1190.0 775.0 1195.0 small-vehicle 0
721.0 1160.0 730.0 1159.0 730.0 1178.0 724.0 1179.0 small-vehicle 1
1512.0 989.0 1504.0 989.0 1503.0 970.0 1510.0 969.0 small-vehicle 1
708.0 1159.0 715.0 1159.0 716.0 1178.0 708.0 1179.0 small-vehicle 1
690.0 1162.0 696.0 1161.0 698.0 1178.0 692.0 1179.0 small-vehicle 1
595.0 1156.0 604.0 1156.0 604.0 1173.0 596.0 1174.0 small-vehicle 1
585.0 1158.0 593.0 1158.0 594.0 1174.0 586.0 1175.0 small-vehicle 1
561.0 1163.0 568.0 1163.0 568.0 1179.0 561.0 1181.0 small-vehicle 1
546.0 1163.0 554.0 1162.0 557.0 1181.0 547.0 1181.0 small-vehicle 1
367.0 1201.0 367.0 1192.0 390.0 1194.0 389.0 1203.0 large-vehicle 0
229.0 1245.0 235.0 1244.0 236.0 1264.0 229.0 1264.0 small-vehicle 1
222.0 1265.0 215.0 1263.0 218.0 1245.0 226.0 1246.0 small-vehicle 1
164.0 1229.0 164.0 1236.0 142.0 1236.0 142.0 1230.0 small-vehicle 1
174.0 1247.0 182.0 1247.0 182.0 1263.0 176.0 1264.0 small-vehicle 1
350.0 50.0 353.0 43.0 371.0 53.0 368.0 58.0 small-vehicle 0
350.0 61.0 352.0 55.0 366.0 62.0 364.0 68.0 small-vehicle 0
353.0 74.0 356.0 68.0 371.0 76.0 368.0 82.0 small-vehicle 0
351.0 103.0 354.0 98.0 370.0 106.0 367.0 111.0 small-vehicle 0
569.0 114.0 576.0 113.0 576.0 129.0 569.0 130.0 small-vehicle 1
500.0 169.0 509.0 168.0 511.0 184.0 503.0 185.0 small-vehicle 1
514.0 169.0 520.0 169.0 521.0 184.0 514.0 184.0 small-vehicle 1
525.0 169.0 532.0 168.0 532.0 182.0 526.0 183.0 small-vehicle 1
535.0 169.0 541.0 168.0 543.0 183.0 537.0 183.0 small-vehicle 1
545.0 166.0 553.0 166.0 554.0 181.0 546.0 181.0 small-vehicle 1
545.0 187.0 552.0 188.0 554.0 205.0 546.0 204.0 small-vehicle 1
534.0 188.0 542.0 188.0 542.0 203.0 534.0 203.0 small-vehicle 1
523.0 188.0 530.0 187.0 531.0 203.0 524.0 203.0 small-vehicle 1
511.0 188.0 520.0 188.0 520.0 202.0 512.0 203.0 small-vehicle 1
502.0 187.0 508.0 187.0 509.0 202.0 502.0 203.0 small-vehicle 1
568.0 249.0 562.0 250.0 561.0 233.0 567.0 232.0 small-vehicle 1
546.0 249.0 539.0 248.0 537.0 230.0 544.0 230.0 small-vehicle 1
528.0 233.0 533.0 232.0 534.0 250.0 528.0 250.0 small-vehicle 1
522.0 250.0 518.0 250.0 517.0 233.0 522.0 233.0 small-vehicle 1
514.0 249.0 507.0 249.0 507.0 231.0 513.0 230.0 small-vehicle 1
505.0 250.0 498.0 251.0 497.0 234.0 503.0 233.0 small-vehicle 1
492.0 249.0 487.0 249.0 486.0 235.0 492.0 236.0 small-vehicle 1
373.0 248.0 367.0 247.0 366.0 233.0 372.0 233.0 small-vehicle 1
363.0 249.0 356.0 250.0 355.0 236.0 361.0 235.0 small-vehicle 1
353.0 168.0 355.0 160.0 373.0 171.0 370.0 176.0 small-vehicle 0
353.0 135.0 356.0 128.0 370.0 137.0 367.0 143.0 small-vehicle 0
352.0 117.0 356.0 109.0 372.0 117.0 369.0 123.0 small-vehicle 0
83.0 1249.0 89.0 1249.0 90.0 1266.0 83.0 1266.0 small-vehicle 1
134.0 1166.0 141.0 1167.0 143.0 1182.0 136.0 1184.0 small-vehicle 1
26.0 1170.0 34.0 1170.0 34.0 1184.0 28.0 1185.0 small-vehicle 1
296.0 654.0 316.0 655.0 317.0 692.0 294.0 692.0 swimming-pool 0
6.0 1065.0 48.0 1045.0 60.0 1065.0 14.0 1087.0 swimming-pool 0
203.0 1054.0 257.0 1053.0 256.0 1071.0 199.0 1072.0 swimming-pool 0
368.0 1086.0 410.0 1085.0 411.0 1102.0 366.0 1102.0 swimming-pool 0
579.0 1080.0 638.0 1081.0 636.0 1102.0 577.0 1103.0 swimming-pool 0
795.0 1078.0 842.0 1080.0 841.0 1101.0 794.0 1100.0 swimming-pool 0
944.0 1078.0 1004.0 1077.0 1002.0 1106.0 940.0 1104.0 swimming-pool 0
1418.0 1132.0 1444.0 1129.0 1444.0 1176.0 1416.0 1174.0 swimming-pool 0
1331.0 555.0 1377.0 554.0 1379.0 585.0 1330.0 582.0 swimming-pool 0
1392.0 299.0 1445.0 301.0 1446.0 324.0 1391.0 323.0 swimming-pool 0
1325.0 300.0 1375.0 299.0 1374.0 320.0 1322.0 318.0 swimming-pool 0
1385.0 261.0 1436.0 262.0 1436.0 289.0 1386.0 288.0 swimming-pool 0
1322.0 272.0 1366.0 271.0 1366.0 289.0 1321.0 289.0 swimming-pool 0
1045.0 274.0 1106.0 274.0 1107.0 365.0 1045.0 367.0 basketball-court 0
922.0 273.0 985.0 274.0 985.0 365.0 923.0 366.0 basketball-court 0
848.0 277.0 909.0 275.0 909.0 368.0 847.0 368.0 basketball-court 0
369.0 507.0 603.0 505.0 607.0 833.0 372.0 834.0 soccer-ball-field 0
701.0 277.0 745.0 278.0 746.0 357.0 701.0 357.0 tennis-court 0
628.0 278.0 671.0 277.0 673.0 358.0 628.0 357.0 tennis-court 0
554.0 279.0 597.0 278.0 598.0 358.0 555.0 357.0 tennis-court 0
480.0 280.0 524.0 280.0 524.0 357.0 481.0 357.0 tennis-court 0
408.0 281.0 453.0 280.0 453.0 359.0 407.0 359.0 tennis-court 0
333.0 281.0 378.0 280.0 379.0 360.0 334.0 360.0 tennis-court 0
322.0 383.0 650.0 380.0 647.0 985.0 328.0 984.0 ground-track-field 0
285.0 837.0 314.0 838.0 318.0 880.0 281.0 880.0 swimming-pool 0
2.0 725.0 25.0 725.0 25.0 760.0 1.0 761.0 swimming-pool 0
39.0 1169.0 46.0 1169.0 46.0 1185.0 40.0 1185.0 small-vehicle 1
289.0 477.0 312.0 475.0 311.0 508.0 285.0 506.0 swimming-pool 0
175.0 999.0 181.0 997.0 187.0 1011.0 181.0 1013.0 small-vehicle 1
167.0 1004.0 172.0 1001.0 177.0 1015.0 171.0 1017.0 small-vehicle 1
4.0 970.0 4.0 964.0 20.0 964.0 20.0 970.0 small-vehicle 1
199.0 907.0 200.0 899.0 215.0 900.0 215.0 907.0 small-vehicle 1
173.0 807.0 180.0 808.0 180.0 823.0 173.0 824.0 small-vehicle 1
140.0 851.0 132.0 851.0 133.0 834.0 141.0 834.0 small-vehicle 1
92.0 795.0 93.0 789.0 112.0 789.0 112.0 796.0 small-vehicle 1
10.0 676.0 11.0 669.0 27.0 669.0 28.0 676.0 small-vehicle 1
168.0 675.0 176.0 675.0 178.0 693.0 170.0 695.0 small-vehicle 1
194.0 541.0 192.0 533.0 210.0 528.0 213.0 536.0 small-vehicle 1
195.0 552.0 196.0 544.0 212.0 544.0 213.0 552.0 small-vehicle 1
169.0 586.0 175.0 585.0 175.0 604.0 169.0 604.0 small-vehicle 1
52.0 421.0 53.0 412.0 84.0 415.0 82.0 423.0 large-vehicle 0
25.0 419.0 24.0 412.0 44.0 411.0 43.0 419.0 small-vehicle 1
223.0 233.0 223.0 240.0 208.0 240.0 207.0 233.0 small-vehicle 1
68.0 115.0 74.0 114.0 75.0 134.0 67.0 133.0 small-vehicle 1
52.0 112.0 59.0 112.0 58.0 131.0 52.0 131.0 small-vehicle 0
679.0 1013.0 677.0 881.0 831.0 882.0 836.0 1008.0 baseball-diamond 0
1466.0 508.0 1497.0 510.0 1497.0 533.0 1461.0 535.0 swimming-pool 0
505.0 1084.0 527.0 1084.0 527.0 1098.0 503.0 1097.0 swimming-pool 0
452.0 1085.0 495.0 1083.0 497.0 1101.0 452.0 1101.0 swimming-pool 0
1524.0 1077.0 1535.0 1076.0 1536.0 1101.0 1522.0 1099.0 swimming-pool 1
1.0 272.0 33.0 276.0 32.0 303.0 1.0 303.0 swimming-pool 1
556.0 115.0 562.0 114.0 563.0 128.0 556.0 128.0 small-vehicle 1
545.0 116.0 551.0 115.0 552.0 132.0 547.0 132.0 small-vehicle 1
534.0 114.0 541.0 114.0 542.0 131.0 535.0 132.0 small-vehicle 1
1371.0 899.0 1379.0 899.0 1379.0 915.0 1371.0 914.0 small-vehicle 1
1365.0 727.0 1359.0 727.0 1358.0 712.0 1364.0 712.0 small-vehicle 1
1377.0 727.0 1370.0 727.0 1369.0 711.0 1375.0 711.0 small-vehicle 1
1441.0 744.0 1436.0 744.0 1436.0 726.0 1442.0 726.0 small-vehicle 1
1453.0 743.0 1447.0 743.0 1448.0 727.0 1454.0 728.0 small-vehicle 1
1475.0 695.0 1476.0 701.0 1458.0 702.0 1456.0 696.0 small-vehicle 1
1445.0 672.0 1444.0 666.0 1464.0 664.0 1465.0 671.0 small-vehicle 1
1422.0 670.0 1422.0 664.0 1439.0 666.0 1439.0 672.0 small-vehicle 1
1376.0 673.0 1376.0 666.0 1396.0 667.0 1396.0 673.0 small-vehicle 1
1353.0 636.0 1360.0 634.0 1363.0 653.0 1355.0 654.0 small-vehicle 1
1365.0 634.0 1375.0 634.0 1375.0 653.0 1366.0 652.0 small-vehicle 1
1345.0 436.0 1346.0 441.0 1329.0 442.0 1328.0 436.0 small-vehicle 1
1390.0 435.0 1389.0 443.0 1370.0 443.0 1369.0 435.0 small-vehicle 1
1460.0 436.0 1461.0 441.0 1443.0 444.0 1442.0 437.0 small-vehicle 1
1485.0 433.0 1485.0 439.0 1468.0 442.0 1466.0 435.0 small-vehicle 1
1346.0 380.0 1353.0 380.0 1354.0 399.0 1347.0 399.0 small-vehicle 1
1357.0 379.0 1365.0 379.0 1366.0 395.0 1359.0 395.0 small-vehicle 1
1368.0 379.0 1374.0 378.0 1375.0 394.0 1369.0 394.0 small-vehicle 1
1371.0 414.0 1371.0 408.0 1388.0 408.0 1389.0 415.0 small-vehicle 1
1423.0 414.0 1422.0 406.0 1442.0 408.0 1442.0 414.0 small-vehicle 1
1509.0 375.0 1515.0 374.0 1516.0 391.0 1511.0 391.0 small-vehicle 1
1497.0 376.0 1504.0 375.0 1507.0 393.0 1499.0 393.0 small-vehicle 1
1350.0 156.0 1349.0 149.0 1367.0 148.0 1367.0 155.0 small-vehicle 1
1379.0 156.0 1379.0 149.0 1397.0 149.0 1398.0 156.0 small-vehicle 1
1404.0 897.0 1413.0 897.0 1413.0 914.0 1406.0 915.0 small-vehicle 1
1360.0 897.0 1370.0 897.0 1369.0 915.0 1362.0 915.0 small-vehicle 1
1092.0 53.0 1097.0 59.0 1079.0 68.0 1074.0 62.0 small-vehicle 1
1424.0 929.0 1422.0 923.0 1440.0 923.0 1441.0 930.0 small-vehicle 1
1516.0 469.0 1507.0 468.0 1507.0 452.0 1514.0 451.0 small-vehicle 1
1499.0 195.0 1506.0 195.0 1507.0 211.0 1499.0 211.0 small-vehicle 1
1393.0 378.0 1403.0 378.0 1402.0 396.0 1393.0 396.0 small-vehicle 1
303.0 1165.0 309.0 1165.0 309.0 1182.0 301.0 1182.0 small-vehicle 1
302.0 932.0 320.0 933.0 321.0 969.0 295.0 964.0 swimming-pool 0
163.0 260.0 170.0 259.0 173.0 278.0 164.0 278.0 small-vehicle 1
1059.0 291.0 1093.0 290.0 1095.0 349.0 1058.0 349.0 tennis-court 0
936.0 291.0 972.0 290.0 975.0 350.0 937.0 351.0 tennis-court 0
862.0 292.0 898.0 292.0 898.0 352.0 861.0 353.0 tennis-court 0
1120.0 273.0 1185.0 272.0 1186.0 367.0 1122.0 364.0 basketball-court 0
774.0 284.0 783.0 283.0 783.0 304.0 774.0 304.0 small-vehicle 1
1418.0 103.0 1426.0 103.0 1426.0 119.0 1419.0 118.0 small-vehicle 1
1428.0 102.0 1435.0 101.0 1436.0 119.0 1429.0 119.0 small-vehicle 1
1080.0 1254.0 1074.0 1254.0 1074.0 1239.0 1079.0 1238.0 small-vehicle 1
1142.0 1253.0 1135.0 1253.0 1135.0 1238.0 1142.0 1237.0 small-vehicle 1
1216.0 1219.0 1216.0 1228.0 1197.0 1229.0 1196.0 1220.0 small-vehicle 1
1374.0 1233.0 1373.0 1239.0 1355.0 1239.0 1353.0 1233.0 small-vehicle 1
1338.0 1211.0 1338.0 1204.0 1361.0 1204.0 1362.0 1211.0 small-vehicle 1
1459.0 1208.0 1460.0 1201.0 1477.0 1202.0 1477.0 1209.0 small-vehicle 1
1523.0 1173.0 1530.0 1173.0 1531.0 1191.0 1526.0 1191.0 small-vehicle 1
1360.0 967.0 1367.0 967.0 1368.0 986.0 1361.0 985.0 small-vehicle 1
1373.0 970.0 1380.0 970.0 1381.0 985.0 1373.0 985.0 small-vehicle 1
1440.0 982.0 1448.0 982.0 1449.0 1002.0 1441.0 1001.0 small-vehicle 1
1500.0 122.0 1506.0 122.0 1507.0 137.0 1500.0 137.0 small-vehicle 1
1296.0 61.0 1298.0 53.0 1316.0 59.0 1313.0 66.0 small-vehicle 1
520.0 116.0 529.0 114.0 530.0 133.0 523.0 134.0 small-vehicle 1
670.0 124.0 676.0 124.0 678.0 143.0 670.0 144.0 small-vehicle 1
421.0 183.0 425.0 190.0 410.0 198.0 406.0 192.0 small-vehicle 1
420.0 174.0 425.0 178.0 410.0 187.0 406.0 183.0 small-vehicle 1
419.0 163.0 423.0 168.0 410.0 178.0 406.0 172.0 small-vehicle 1
420.0 150.0 425.0 157.0 412.0 164.0 408.0 158.0 small-vehicle 1
424.0 139.0 427.0 144.0 411.0 152.0 409.0 148.0 small-vehicle 1
420.0 131.0 424.0 136.0 408.0 145.0 405.0 140.0 small-vehicle 1
420.0 119.0 423.0 125.0 408.0 134.0 405.0 128.0 small-vehicle 1
420.0 109.0 423.0 115.0 407.0 123.0 404.0 117.0 small-vehicle 1
417.0 97.0 421.0 103.0 407.0 113.0 403.0 107.0 small-vehicle 1
420.0 76.0 423.0 82.0 410.0 90.0 405.0 84.0 small-vehicle 1
422.0 65.0 424.0 71.0 407.0 79.0 405.0 74.0 small-vehicle 0
422.0 43.0 423.0 49.0 408.0 56.0 405.0 50.0 small-vehicle 1
422.0 33.0 424.0 39.0 409.0 46.0 406.0 41.0 small-vehicle 1
418.0 24.0 423.0 28.0 408.0 37.0 404.0 31.0 small-vehicle 1
420.0 15.0 422.0 19.0 406.0 29.0 404.0 23.0 small-vehicle 0
432.0 19.0 434.0 13.0 449.0 20.0 446.0 25.0 small-vehicle 1
431.0 28.0 434.0 23.0 448.0 30.0 446.0 36.0 small-vehicle 1
435.0 51.0 437.0 45.0 453.0 54.0 451.0 60.0 small-vehicle 1
431.0 133.0 434.0 127.0 448.0 136.0 446.0 142.0 small-vehicle 1
438.0 147.0 442.0 142.0 455.0 151.0 451.0 156.0 small-vehicle 1
434.0 158.0 437.0 151.0 453.0 156.0 451.0 163.0 small-vehicle 1
439.0 167.0 442.0 162.0 455.0 169.0 453.0 175.0 small-vehicle 1
436.0 178.0 438.0 172.0 452.0 179.0 449.0 184.0 small-vehicle 1
658.0 125.0 665.0 124.0 665.0 142.0 658.0 142.0 small-vehicle 1
681.0 127.0 687.0 126.0 688.0 143.0 681.0 143.0 small-vehicle 1
1282.0 273.0 1290.0 273.0 1292.0 291.0 1282.0 291.0 small-vehicle 1
802.0 1223.0 802.0 1229.0 785.0 1231.0 783.0 1225.0 small-vehicle 1
1284.0 322.0 1291.0 321.0 1292.0 337.0 1286.0 338.0 small-vehicle 1
1245.0 405.0 1254.0 405.0 1254.0 422.0 1246.0 422.0 small-vehicle 1
1247.0 426.0 1254.0 425.0 1255.0 441.0 1247.0 442.0 small-vehicle 1
1248.0 445.0 1254.0 445.0 1254.0 464.0 1247.0 464.0 small-vehicle 1
1255.0 522.0 1249.0 522.0 1247.0 503.0 1254.0 502.0 small-vehicle 1
1256.0 544.0 1249.0 544.0 1248.0 528.0 1254.0 528.0 small-vehicle 1
1256.0 580.0 1248.0 580.0 1249.0 562.0 1255.0 563.0 small-vehicle 1
1270.0 496.0 1262.0 496.0 1260.0 474.0 1269.0 474.0 small-vehicle 1
1287.0 520.0 1295.0 520.0 1295.0 536.0 1289.0 536.0 small-vehicle 0
1288.0 541.0 1295.0 540.0 1295.0 557.0 1288.0 557.0 small-vehicle 0
1288.0 564.0 1295.0 564.0 1295.0 581.0 1289.0 582.0 small-vehicle 1
1287.0 591.0 1295.0 590.0 1297.0 611.0 1289.0 612.0 small-vehicle 1
1256.0 671.0 1249.0 670.0 1251.0 653.0 1257.0 653.0 small-vehicle 1
1256.0 1076.0 1261.0 1075.0 1264.0 1093.0 1257.0 1095.0 small-vehicle 1
1282.0 1137.0 1291.0 1137.0 1291.0 1155.0 1283.0 1156.0 small-vehicle 1
1295.0 1164.0 1303.0 1163.0 1305.0 1181.0 1297.0 1181.0 small-vehicle 1
1185.0 1156.0 1192.0 1155.0 1193.0 1171.0 1186.0 1171.0 small-vehicle 1
1174.0 1153.0 1180.0 1152.0 1181.0 1168.0 1175.0 1169.0 small-vehicle 1
1154.0 1241.0 1147.0 1242.0 1145.0 1221.0 1153.0 1221.0 small-vehicle 1
1165.0 1253.0 1158.0 1254.0 1155.0 1237.0 1161.0 1237.0 small-vehicle 1
1131.0 1218.0 1130.0 1227.0 1110.0 1226.0 1109.0 1218.0 small-vehicle 1
1061.0 1220.0 1061.0 1226.0 1042.0 1227.0 1040.0 1220.0 small-vehicle 1
967.0 1222.0 967.0 1228.0 945.0 1228.0 945.0 1222.0 small-vehicle 1
693.0 415.0 865.0 412.0 862.0 557.0 688.0 560.0 baseball-diamond 0
