imagesource:GoogleEarth
gsd:1.09795935169
490.0 39.0 503.0 39.0 503.0 46.0 490.0 46.0 swimming-pool 1
255.0 408.0 266.0 409.0 266.0 415.0 255.0 414.0 swimming-pool 1
271.0 538.0 283.0 539.0 283.0 545.0 271.0 543.0 swimming-pool 1
367.0 538.0 376.0 537.0 375.0 548.0 365.0 548.0 swimming-pool 1
376.0 472.0 400.0 465.0 402.0 475.0 378.0 481.0 swimming-pool 0
391.0 481.0 401.0 481.0 401.0 487.0 390.0 488.0 swimming-pool 1
313.0 469.0 324.0 469.0 324.0 475.0 313.0 475.0 swimming-pool 1
340.0 471.0 350.0 471.0 350.0 476.0 340.0 475.0 swimming-pool 1
394.0 491.0 401.0 491.0 401.0 499.0 392.0 498.0 swimming-pool 1
99.0 608.0 107.0 602.0 111.0 608.0 102.0 613.0 swimming-pool 1
176.0 700.0 185.0 700.0 184.0 711.0 174.0 710.0 swimming-pool 1
80.0 798.0 88.0 798.0 88.0 804.0 80.0 804.0 swimming-pool 1
99.0 799.0 112.0 799.0 111.0 805.0 99.0 805.0 swimming-pool 1
98.0 780.0 105.0 780.0 105.0 788.0 98.0 787.0 swimming-pool 1
365.0 749.0 373.0 749.0 372.0 762.0 364.0 762.0 swimming-pool 1
490.0 655.0 503.0 656.0 503.0 663.0 488.0 661.0 swimming-pool 1
177.0 518.0 185.0 518.0 185.0 529.0 176.0 528.0 swimming-pool 1
113.0 483.0 119.0 483.0 118.0 494.0 112.0 494.0 swimming-pool 1
491.0 606.0 505.0 607.0 505.0 613.0 490.0 612.0 swimming-pool 1
550.0 543.0 521.0 542.0 522.0 513.0 551.0 513.0 baseball-diamond 0
294.0 258.0 295.0 231.0 266.0 230.0 266.0 260.0 baseball-diamond 0
323.0 260.0 323.0 221.0 361.0 223.0 361.0 260.0 baseball-diamond 0
427.0 293.0 428.0 254.0 464.0 255.0 466.0 294.0 baseball-diamond 0
556.0 366.0 519.0 368.0 518.0 324.0 556.0 323.0 baseball-diamond 0
325.0 292.0 357.0 297.0 357.0 328.0 321.0 325.0 baseball-diamond 0
399.0 370.0 371.0 368.0 373.0 339.0 401.0 340.0 baseball-diamond 0
418.0 370.0 492.0 375.0 488.0 534.0 411.0 530.0 ground-track-field 0
119.0 359.0 129.0 359.0 128.0 369.0 119.0 367.0 swimming-pool 1
176.0 145.0 189.0 145.0 188.0 152.0 175.0 152.0 swimming-pool 1
176.0 157.0 188.0 157.0 188.0 162.0 176.0 163.0 swimming-pool 1
99.0 132.0 114.0 133.0 113.0 145.0 98.0 145.0 swimming-pool 0
171.0 253.0 184.0 255.0 183.0 263.0 171.0 263.0 swimming-pool 1
91.0 266.0 100.0 266.0 100.0 277.0 91.0 276.0 swimming-pool 1
177.0 288.0 191.0 288.0 191.0 295.0 176.0 296.0 swimming-pool 1
426.0 667.0 438.0 667.0 437.0 675.0 425.0 673.0 swimming-pool 1
415.0 617.0 431.0 618.0 430.0 624.0 414.0 624.0 swimming-pool 0
363.0 778.0 369.0 778.0 369.0 785.0 361.0 786.0 swimming-pool 1
418.0 555.0 428.0 555.0 427.0 578.0 416.0 577.0 tennis-court 0
625.0 28.0 633.0 28.0 633.0 42.0 624.0 42.0 swimming-pool 1
470.0 40.0 484.0 40.0 483.0 45.0 470.0 44.0 swimming-pool 1
582.0 42.0 590.0 43.0 589.0 51.0 581.0 51.0 swimming-pool 1
606.0 387.0 628.0 389.0 626.0 408.0 602.0 406.0 swimming-pool 0
394.0 412.0 402.0 412.0 403.0 418.0 395.0 417.0 swimming-pool 1
402.0 555.0 412.0 555.0 412.0 577.0 402.0 576.0 tennis-court 0
433.0 557.0 445.0 558.0 444.0 578.0 433.0 577.0 tennis-court 0
624.0 63.0 632.0 62.0 630.0 105.0 624.0 105.0 swimming-pool 0
572.0 175.0 587.0 175.0 587.0 182.0 571.0 182.0 swimming-pool 0
608.0 176.0 620.0 177.0 620.0 183.0 607.0 183.0 swimming-pool 1
698.0 46.0 702.0 46.0 702.0 55.0 696.0 55.0 swimming-pool 1
693.0 154.0 699.0 155.0 700.0 162.0 694.0 162.0 swimming-pool 1
112.0 584.0 115.0 584.0 115.0 591.0 111.0 591.0 swimming-pool 1
112.0 516.0 118.0 515.0 117.0 526.0 111.0 525.0 swimming-pool 1
634.0 95.0 638.0 95.0 638.0 107.0 633.0 105.0 swimming-pool 1
502.0 173.0 517.0 172.0 516.0 181.0 500.0 180.0 swimming-pool 0
546.0 618.0 552.0 618.0 551.0 630.0 544.0 629.0 swimming-pool 1
442.0 792.0 448.0 792.0 449.0 799.0 443.0 799.0 swimming-pool 1
593.0 575.0 599.0 576.0 600.0 588.0 592.0 588.0 swimming-pool 1
640.0 620.0 647.0 621.0 646.0 635.0 641.0 633.0 swimming-pool 1
690.0 578.0 696.0 580.0 696.0 590.0 690.0 590.0 swimming-pool 1
567.0 771.0 572.0 770.0 571.0 802.0 566.0 800.0 swimming-pool 0
458.0 836.0 469.0 837.0 469.0 841.0 457.0 840.0 swimming-pool 1
451.0 843.0 465.0 842.0 465.0 848.0 451.0 849.0 swimming-pool 1
445.0 834.0 454.0 834.0 455.0 838.0 446.0 839.0 swimming-pool 1
535.0 174.0 546.0 174.0 545.0 180.0 534.0 180.0 swimming-pool 1
562.0 831.0 570.0 833.0 563.0 854.0 554.0 851.0 swimming-pool 0
36.0 784.0 44.0 782.0 45.0 790.0 38.0 793.0 swimming-pool 1
182.0 338.0 194.0 338.0 194.0 346.0 180.0 347.0 swimming-pool 1
73.0 197.0 78.0 198.0 77.0 209.0 71.0 208.0 swimming-pool 1
472.0 108.0 485.0 108.0 482.0 119.0 472.0 116.0 swimming-pool 1
471.0 170.0 480.0 171.0 480.0 178.0 468.0 177.0 swimming-pool 1
297.0 180.0 273.0 181.0 272.0 157.0 296.0 156.0 baseball-diamond 0
