imagesource:GoogleEarth
gsd:0.514015305079
534.0 298.0 536.0 292.0 546.0 297.0 543.0 302.0 small-vehicle 1
179.0 218.0 183.0 219.0 179.0 227.0 175.0 226.0 small-vehicle 1
189.0 395.0 193.0 393.0 197.0 400.0 193.0 402.0 small-vehicle 1
469.0 422.0 471.0 425.0 466.0 432.0 463.0 430.0 small-vehicle 1
484.0 425.0 487.0 427.0 482.0 434.0 480.0 432.0 small-vehicle 1
477.0 433.0 480.0 436.0 475.0 442.0 472.0 440.0 small-vehicle 1
430.0 445.0 431.0 443.0 439.0 448.0 437.0 450.0 small-vehicle 1
437.0 458.0 438.0 461.0 433.0 468.0 431.0 466.0 small-vehicle 1
423.0 493.0 426.0 495.0 419.0 503.0 416.0 501.0 small-vehicle 1
326.0 515.0 329.0 512.0 334.0 518.0 331.0 521.0 small-vehicle 1
373.0 523.0 375.0 526.0 369.0 531.0 367.0 529.0 small-vehicle 1
368.0 532.0 371.0 537.0 366.0 541.0 363.0 538.0 small-vehicle 1
205.0 489.0 210.0 492.0 205.0 501.0 201.0 499.0 small-vehicle 1
201.0 502.0 205.0 504.0 200.0 510.0 198.0 510.0 small-vehicle 1
191.0 546.0 195.0 547.0 191.0 556.0 187.0 555.0 small-vehicle 1
181.0 535.0 183.0 535.0 181.0 545.0 177.0 545.0 small-vehicle 1
21.0 285.0 24.0 283.0 28.0 292.0 25.0 295.0 small-vehicle 1
48.0 267.0 51.0 264.0 57.0 274.0 54.0 276.0 small-vehicle 1
580.0 266.0 583.0 268.0 579.0 276.0 576.0 275.0 small-vehicle 1
174.0 361.0 177.0 359.0 181.0 367.0 177.0 368.0 small-vehicle 1
611.0 446.0 607.0 444.0 612.0 436.0 615.0 438.0 small-vehicle 1
524.0 293.0 525.0 288.0 534.0 292.0 532.0 296.0 small-vehicle 1
491.0 403.0 495.0 406.0 489.0 413.0 486.0 411.0 small-vehicle 1
508.0 173.0 527.0 182.0 504.0 223.0 486.0 212.0 tennis-court 0
74.0 66.0 77.0 62.0 83.0 72.0 80.0 76.0 small-vehicle 1
102.0 124.0 106.0 120.0 112.0 131.0 109.0 133.0 small-vehicle 1
133.0 194.0 137.0 191.0 140.0 202.0 136.0 204.0 small-vehicle 1
102.0 197.0 106.0 195.0 109.0 203.0 107.0 206.0 small-vehicle 1
381.0 20.0 384.0 21.0 382.0 31.0 378.0 30.0 small-vehicle 1
367.0 52.0 372.0 54.0 366.0 64.0 362.0 62.0 small-vehicle 1
357.0 73.0 360.0 74.0 355.0 82.0 353.0 81.0 small-vehicle 1
349.0 86.0 354.0 89.0 349.0 98.0 345.0 95.0 small-vehicle 1
299.0 170.0 302.0 173.0 298.0 180.0 294.0 179.0 small-vehicle 1
283.0 193.0 286.0 195.0 280.0 204.0 277.0 201.0 small-vehicle 1
257.0 228.0 259.0 230.0 253.0 238.0 250.0 236.0 small-vehicle 1
217.0 277.0 218.0 280.0 211.0 286.0 209.0 284.0 small-vehicle 1
601.0 231.0 605.0 232.0 601.0 240.0 598.0 238.0 small-vehicle 1
548.0 317.0 550.0 319.0 545.0 326.0 543.0 324.0 small-vehicle 1
546.0 344.0 549.0 347.0 544.0 353.0 541.0 351.0 small-vehicle 1
523.0 355.0 525.0 358.0 518.0 364.0 516.0 362.0 small-vehicle 1
523.0 277.0 526.0 274.0 534.0 278.0 532.0 283.0 small-vehicle 1
626.0 212.0 631.0 214.0 625.0 223.0 621.0 222.0 small-vehicle 1
216.0 24.0 219.0 26.0 213.0 34.0 210.0 32.0 small-vehicle 1
201.0 48.0 204.0 50.0 199.0 58.0 196.0 57.0 small-vehicle 1
633.0 168.0 637.0 171.0 631.0 183.0 627.0 181.0 small-vehicle 1
644.0 142.0 648.0 144.0 643.0 154.0 639.0 152.0 small-vehicle 1
654.0 125.0 657.0 126.0 653.0 136.0 649.0 134.0 small-vehicle 1
666.0 130.0 670.0 132.0 665.0 143.0 662.0 140.0 small-vehicle 1
608.0 246.0 612.0 249.0 606.0 257.0 603.0 255.0 small-vehicle 1
666.0 345.0 669.0 347.0 664.0 357.0 660.0 355.0 small-vehicle 1
655.0 393.0 659.0 396.0 654.0 404.0 650.0 403.0 small-vehicle 1
643.0 412.0 647.0 414.0 642.0 421.0 639.0 420.0 small-vehicle 1
635.0 427.0 638.0 429.0 633.0 437.0 630.0 434.0 small-vehicle 1
652.0 599.0 654.0 602.0 649.0 608.0 647.0 606.0 small-vehicle 1
652.0 598.0 652.0 593.0 661.0 595.0 660.0 600.0 small-vehicle 1
184.0 509.0 189.0 510.0 187.0 520.0 183.0 519.0 small-vehicle 1
195.0 405.0 198.0 402.0 204.0 409.0 201.0 412.0 small-vehicle 1
203.0 415.0 205.0 412.0 211.0 420.0 208.0 422.0 small-vehicle 1
321.0 135.0 325.0 137.0 321.0 146.0 318.0 144.0 small-vehicle 1
328.0 122.0 332.0 124.0 328.0 133.0 324.0 131.0 small-vehicle 1
55.0 94.0 58.0 92.0 64.0 100.0 61.0 103.0 small-vehicle 1
634.0 197.0 637.0 200.0 633.0 209.0 629.0 207.0 small-vehicle 1
220.0 40.0 223.0 42.0 218.0 49.0 216.0 47.0 small-vehicle 1
172.0 113.0 175.0 116.0 170.0 123.0 167.0 121.0 small-vehicle 1
407.0 490.0 409.0 493.0 402.0 499.0 399.0 497.0 small-vehicle 1
182.0 79.0 184.0 82.0 180.0 88.0 177.0 86.0 small-vehicle 1
185.0 94.0 189.0 96.0 184.0 105.0 181.0 103.0 small-vehicle 1
150.0 142.0 153.0 145.0 147.0 151.0 145.0 149.0 small-vehicle 1
164.0 124.0 167.0 126.0 161.0 133.0 157.0 131.0 small-vehicle 1
168.0 351.0 172.0 349.0 175.0 357.0 172.0 359.0 small-vehicle 1
177.0 371.0 181.0 368.0 185.0 375.0 182.0 377.0 small-vehicle 1
424.0 471.0 427.0 473.0 421.0 481.0 418.0 479.0 small-vehicle 1
453.0 461.0 455.0 463.0 449.0 469.0 447.0 468.0 small-vehicle 1
179.0 103.0 182.0 105.0 178.0 112.0 176.0 110.0 small-vehicle 1
465.0 447.0 468.0 450.0 462.0 456.0 459.0 453.0 small-vehicle 1
172.0 555.0 175.0 558.0 170.0 568.0 165.0 565.0 small-vehicle 1
171.0 583.0 174.0 586.0 165.0 595.0 163.0 591.0 small-vehicle 1
508.0 373.0 511.0 376.0 504.0 385.0 501.0 383.0 small-vehicle 1
637.0 397.0 640.0 399.0 635.0 409.0 630.0 407.0 small-vehicle 1
636.0 309.0 637.0 304.0 647.0 307.0 646.0 311.0 small-vehicle 1
618.0 306.0 618.0 301.0 627.0 303.0 627.0 307.0 small-vehicle 1
449.0 301.0 409.0 363.0 343.0 319.0 383.0 258.0 baseball-diamond 0
