imagesource:GoogleEarth
gsd:null
1277.0 1650.0 1284.0 1652.0 1281.0 1664.0 1275.0 1662.0 small-vehicle 1
1644.0 995.0 1650.0 955.0 1715.0 964.0 1703.0 1012.0 helicopter 0
916.0 686.0 798.0 649.0 831.0 529.0 946.0 551.0 plane 0
1464.0 1133.0 1440.0 1230.0 1321.0 1200.0 1348.0 1098.0 plane 0
545.0 160.0 549.0 161.0 544.0 173.0 540.0 172.0 small-vehicle 1
593.0 161.0 600.0 164.0 594.0 177.0 590.0 175.0 small-vehicle 1
570.0 161.0 573.0 161.0 568.0 174.0 565.0 173.0 small-vehicle 1
628.0 71.0 633.0 71.0 631.0 82.0 627.0 81.0 small-vehicle 1
644.0 145.0 648.0 148.0 643.0 155.0 640.0 154.0 small-vehicle 1
680.0 150.0 686.0 150.0 682.0 165.0 678.0 165.0 small-vehicle 1
704.0 156.0 709.0 158.0 702.0 169.0 699.0 166.0 small-vehicle 1
752.0 172.0 754.0 177.0 740.0 181.0 739.0 176.0 small-vehicle 1
851.0 226.0 852.0 219.0 865.0 221.0 864.0 226.0 small-vehicle 1
883.0 284.0 878.0 283.0 879.0 269.0 884.0 267.0 small-vehicle 1
893.0 284.0 887.0 285.0 888.0 272.0 892.0 271.0 small-vehicle 1
935.0 296.0 930.0 295.0 932.0 282.0 935.0 281.0 small-vehicle 1
235.0 238.0 236.0 233.0 245.0 237.0 245.0 240.0 small-vehicle 1
249.0 224.0 250.0 219.0 262.0 220.0 261.0 226.0 small-vehicle 1
451.0 295.0 452.0 289.0 465.0 291.0 464.0 296.0 small-vehicle 1
43.0 497.0 46.0 498.0 44.0 508.0 40.0 509.0 small-vehicle 1
31.0 508.0 36.0 510.0 31.0 521.0 25.0 518.0 small-vehicle 1
151.0 496.0 155.0 490.0 163.0 496.0 162.0 502.0 small-vehicle 1
193.0 501.0 188.0 500.0 189.0 487.0 193.0 485.0 small-vehicle 1
183.0 498.0 177.0 498.0 178.0 485.0 183.0 485.0 small-vehicle 1
165.0 516.0 164.0 521.0 151.0 517.0 152.0 512.0 small-vehicle 1
168.0 526.0 165.0 531.0 153.0 526.0 154.0 521.0 small-vehicle 1
163.0 537.0 161.0 542.0 150.0 540.0 149.0 534.0 small-vehicle 1
145.0 570.0 145.0 575.0 132.0 578.0 131.0 574.0 small-vehicle 1
219.0 563.0 217.0 569.0 201.0 562.0 202.0 558.0 small-vehicle 1
214.0 570.0 212.0 575.0 200.0 570.0 199.0 565.0 small-vehicle 1
211.0 579.0 208.0 585.0 196.0 580.0 196.0 576.0 small-vehicle 1
820.0 513.0 800.0 610.0 658.0 578.0 687.0 478.0 plane 0
1636.0 1028.0 1638.0 987.0 1692.0 995.0 1681.0 1037.0 helicopter 0
194.0 612.0 193.0 608.0 208.0 607.0 208.0 612.0 small-vehicle 1
1612.0 1122.0 1622.0 1074.0 1688.0 1082.0 1680.0 1134.0 helicopter 0
1009.0 406.0 987.0 494.0 879.0 479.0 893.0 380.0 plane 0
1021.0 500.0 998.0 590.0 877.0 568.0 895.0 477.0 plane 0
1011.0 735.0 884.0 710.0 909.0 591.0 1034.0 595.0 plane 0
829.0 591.0 820.0 676.0 695.0 650.0 710.0 569.0 plane 0
780.0 645.0 752.0 774.0 609.0 744.0 634.0 631.0 plane 0
863.0 847.0 754.0 824.0 779.0 697.0 883.0 708.0 plane 0
746.0 752.0 724.0 895.0 576.0 863.0 602.0 734.0 plane 0
761.0 985.0 728.0 1110.0 577.0 1078.0 597.0 963.0 plane 0
1406.0 1283.0 1390.0 1345.0 1318.0 1328.0 1332.0 1263.0 plane 0
1420.0 1230.0 1405.0 1291.0 1341.0 1272.0 1355.0 1214.0 plane 0
1470.0 1064.0 1459.0 1138.0 1373.0 1111.0 1384.0 1050.0 plane 0
1515.0 924.0 1495.0 1022.0 1380.0 995.0 1402.0 899.0 plane 0
1517.0 864.0 1501.0 933.0 1429.0 917.0 1444.0 853.0 plane 0
1511.0 746.0 1501.0 805.0 1433.0 793.0 1445.0 732.0 plane 0
1530.0 676.0 1517.0 746.0 1456.0 731.0 1470.0 672.0 plane 0
1665.0 678.0 1689.0 625.0 1734.0 644.0 1707.0 698.0 plane 0
1701.0 679.0 1720.0 578.0 1807.0 598.0 1778.0 702.0 plane 0
1758.0 730.0 1782.0 631.0 1872.0 652.0 1845.0 752.0 plane 0
1658.0 728.0 1703.0 639.0 1818.0 710.0 1761.0 782.0 plane 0
1675.0 795.0 1675.0 730.0 1753.0 731.0 1752.0 792.0 plane 0
1706.0 839.0 1706.0 790.0 1828.0 778.0 1831.0 841.0 plane 0
1657.0 932.0 1683.0 837.0 1794.0 861.0 1766.0 962.0 plane 0
1625.0 1089.0 1640.0 995.0 1752.0 1014.0 1732.0 1116.0 plane 0
1483.0 1035.0 1470.0 1086.0 1409.0 1069.0 1420.0 1018.0 helicopter 0
1497.0 1000.0 1488.0 1046.0 1436.0 1029.0 1447.0 989.0 helicopter 0
1592.0 1267.0 1596.0 1228.0 1645.0 1236.0 1637.0 1280.0 helicopter 0
1602.0 1239.0 1607.0 1202.0 1657.0 1214.0 1650.0 1250.0 helicopter 0
1608.0 1208.0 1615.0 1175.0 1663.0 1185.0 1657.0 1217.0 helicopter 0
1613.0 1175.0 1622.0 1133.0 1678.0 1145.0 1671.0 1185.0 helicopter 0
207.0 588.0 204.0 594.0 193.0 587.0 194.0 583.0 small-vehicle 1
366.0 785.0 370.0 786.0 366.0 798.0 362.0 798.0 small-vehicle 1
1294.0 1651.0 1301.0 1652.0 1299.0 1666.0 1293.0 1665.0 small-vehicle 1
142.0 1517.0 148.0 1520.0 140.0 1532.0 137.0 1530.0 small-vehicle 1
201.0 1675.0 199.0 1682.0 182.0 1676.0 183.0 1671.0 small-vehicle 1
413.0 1640.0 413.0 1633.0 425.0 1635.0 426.0 1640.0 small-vehicle 1
478.0 1649.0 479.0 1643.0 495.0 1648.0 493.0 1653.0 small-vehicle 1
273.0 1581.0 273.0 1576.0 287.0 1578.0 287.0 1583.0 small-vehicle 1
341.0 1530.0 336.0 1528.0 345.0 1516.0 348.0 1518.0 small-vehicle 1
507.0 1553.0 509.0 1548.0 523.0 1549.0 521.0 1556.0 small-vehicle 1
642.0 1710.0 648.0 1711.0 643.0 1728.0 636.0 1725.0 small-vehicle 1
700.0 1724.0 707.0 1727.0 701.0 1740.0 694.0 1738.0 small-vehicle 1
637.0 1749.0 644.0 1752.0 636.0 1765.0 631.0 1763.0 small-vehicle 1
666.0 195.0 665.0 186.0 687.0 184.0 687.0 193.0 small-vehicle 1
962.0 217.0 967.0 219.0 961.0 234.0 956.0 230.0 small-vehicle 1
990.0 293.0 995.0 295.0 991.0 308.0 985.0 306.0 small-vehicle 1
944.0 285.0 950.0 287.0 947.0 299.0 941.0 297.0 small-vehicle 1
920.0 241.0 908.0 244.0 904.0 221.0 911.0 219.0 large-vehicle 1
935.0 234.0 925.0 230.0 930.0 210.0 940.0 211.0 large-vehicle 1
998.0 245.0 989.0 242.0 995.0 221.0 1004.0 223.0 large-vehicle 1
1011.0 248.0 1003.0 245.0 1009.0 223.0 1018.0 226.0 large-vehicle 1
1032.0 256.0 1023.0 252.0 1029.0 231.0 1038.0 234.0 large-vehicle 1
1288.0 1651.0 1293.0 1651.0 1291.0 1663.0 1286.0 1661.0 small-vehicle 1
1151.0 1608.0 1157.0 1608.0 1153.0 1621.0 1149.0 1621.0 small-vehicle 1
1161.0 1609.0 1167.0 1611.0 1162.0 1625.0 1157.0 1623.0 small-vehicle 1
1174.0 1611.0 1178.0 1612.0 1174.0 1628.0 1167.0 1625.0 small-vehicle 1
577.0 164.0 579.0 160.0 587.0 162.0 586.0 166.0 small-vehicle 1
574.0 170.0 576.0 166.0 584.0 168.0 583.0 172.0 small-vehicle 1
1070.0 1641.0 1072.0 1636.0 1084.0 1640.0 1083.0 1644.0 small-vehicle 1
1060.0 1613.0 1058.0 1618.0 1047.0 1614.0 1048.0 1610.0 small-vehicle 1
1043.0 1609.0 1042.0 1615.0 1028.0 1610.0 1029.0 1605.0 small-vehicle 1
1025.0 1606.0 1024.0 1612.0 1011.0 1611.0 1011.0 1605.0 small-vehicle 1
1008.0 1604.0 1009.0 1610.0 996.0 1611.0 996.0 1605.0 small-vehicle 1
147.0 1495.0 155.0 1494.0 150.0 1511.0 145.0 1510.0 small-vehicle 1
105.0 1549.0 105.0 1543.0 116.0 1545.0 117.0 1549.0 small-vehicle 1
348.0 827.0 353.0 831.0 343.0 843.0 339.0 839.0 small-vehicle 1
62.0 1571.0 66.0 1574.0 63.0 1584.0 57.0 1584.0 small-vehicle 1
292.0 861.0 292.0 855.0 308.0 861.0 306.0 866.0 small-vehicle 1
316.0 876.0 318.0 872.0 325.0 882.0 321.0 886.0 small-vehicle 1
322.0 888.0 328.0 886.0 329.0 899.0 322.0 899.0 small-vehicle 1
322.0 904.0 328.0 905.0 327.0 915.0 322.0 915.0 small-vehicle 1
306.0 930.0 306.0 924.0 320.0 927.0 321.0 933.0 small-vehicle 1
302.0 935.0 304.0 930.0 317.0 934.0 314.0 939.0 small-vehicle 1
298.0 946.0 298.0 941.0 311.0 942.0 311.0 949.0 small-vehicle 1
294.0 951.0 297.0 945.0 307.0 951.0 305.0 956.0 small-vehicle 1
291.0 960.0 293.0 955.0 304.0 959.0 301.0 964.0 small-vehicle 1
298.0 983.0 303.0 985.0 300.0 999.0 296.0 999.0 small-vehicle 1
276.0 996.0 277.0 992.0 292.0 994.0 291.0 1001.0 small-vehicle 1
273.0 1012.0 274.0 1006.0 290.0 1009.0 290.0 1014.0 small-vehicle 1
267.0 1026.0 268.0 1020.0 281.0 1025.0 281.0 1030.0 small-vehicle 1
265.0 1036.0 265.0 1029.0 279.0 1032.0 277.0 1038.0 small-vehicle 1
262.0 1042.0 264.0 1037.0 278.0 1040.0 277.0 1046.0 small-vehicle 1
247.0 1097.0 248.0 1092.0 263.0 1096.0 260.0 1102.0 small-vehicle 1
247.0 1087.0 249.0 1081.0 264.0 1085.0 263.0 1089.0 small-vehicle 1
224.0 1175.0 227.0 1169.0 243.0 1173.0 242.0 1180.0 small-vehicle 1
47.0 1314.0 42.0 1314.0 45.0 1301.0 50.0 1301.0 small-vehicle 1
109.0 1269.0 110.0 1263.0 123.0 1267.0 122.0 1272.0 small-vehicle 1
88.0 1265.0 89.0 1259.0 102.0 1261.0 101.0 1268.0 small-vehicle 1
196.0 1303.0 202.0 1302.0 203.0 1314.0 197.0 1315.0 small-vehicle 1
197.0 1318.0 203.0 1318.0 202.0 1331.0 195.0 1330.0 small-vehicle 1
17.0 1553.0 23.0 1556.0 18.0 1566.0 12.0 1565.0 small-vehicle 1
23.0 1551.0 25.0 1546.0 37.0 1549.0 34.0 1555.0 small-vehicle 1
24.0 1559.0 30.0 1559.0 26.0 1572.0 19.0 1571.0 small-vehicle 1
38.0 1559.0 44.0 1560.0 41.0 1572.0 37.0 1571.0 small-vehicle 1
44.0 1566.0 49.0 1567.0 49.0 1578.0 43.0 1577.0 small-vehicle 1
52.0 1570.0 56.0 1570.0 56.0 1582.0 51.0 1581.0 small-vehicle 1
873.0 373.0 843.0 478.0 702.0 447.0 725.0 340.0 plane 0
