imagesource:GoogleEarth
gsd:0.138197476886
742.0 258.0 732.0 268.0 707.0 234.0 717.0 225.0 small-vehicle 1
925.0 485.0 914.0 492.0 882.0 451.0 891.0 444.0 large-vehicle 0
481.0 724.0 461.0 706.0 499.0 664.0 517.0 682.0 large-vehicle 0
640.0 249.0 657.0 236.0 689.0 276.0 672.0 288.0 large-vehicle 0
573.0 330.0 530.0 278.0 571.0 242.0 619.0 296.0 plane 0
632.0 405.0 580.0 336.0 630.0 299.0 686.0 362.0 plane 0
698.0 520.0 687.0 449.0 744.0 440.0 754.0 511.0 plane 0
731.0 541.0 790.0 501.0 822.0 537.0 765.0 582.0 plane 0
563.0 550.0 646.0 581.0 621.0 658.0 535.0 626.0 plane 0
493.0 535.0 564.0 538.0 559.0 600.0 489.0 596.0 plane 0
393.0 479.0 493.0 458.0 514.0 553.0 419.0 576.0 plane 0
131.0 310.0 203.0 410.0 120.0 476.0 41.0 376.0 plane 0
324.0 183.0 401.0 115.0 479.0 210.0 406.0 275.0 plane 0
