imagesource:GoogleEarth
gsd:0.139595726182
4118.0 3662.0 4068.0 3721.0 4024.0 3678.0 4079.0 3621.0 plane 0
598.0 2651.0 586.0 2638.0 612.0 2615.0 624.0 2627.0 small-vehicle 0
578.0 2646.0 590.0 2659.0 562.0 2688.0 551.0 2674.0 small-vehicle 0
541.0 2588.0 532.0 2577.0 556.0 2553.0 566.0 2564.0 small-vehicle 0
637.0 2463.0 626.0 2450.0 647.0 2429.0 658.0 2440.0 small-vehicle 0
756.0 2388.0 770.0 2404.0 745.0 2425.0 732.0 2409.0 small-vehicle 0
644.0 2494.0 654.0 2508.0 628.0 2529.0 618.0 2515.0 small-vehicle 0
517.0 2588.0 528.0 2600.0 505.0 2619.0 495.0 2608.0 small-vehicle 0
636.0 3182.0 652.0 3181.0 651.0 3218.0 636.0 3217.0 small-vehicle 0
4040.0 3730.0 3990.0 3784.0 3946.0 3744.0 4002.0 3692.0 plane 0
680.0 3181.0 695.0 3181.0 695.0 3215.0 680.0 3215.0 small-vehicle 0
725.0 3184.0 741.0 3185.0 738.0 3219.0 722.0 3218.0 small-vehicle 0
906.0 3184.0 921.0 3184.0 919.0 3219.0 905.0 3218.0 small-vehicle 0
516.0 2386.0 503.0 2398.0 472.0 2365.0 486.0 2352.0 large-vehicle 0
312.0 2524.0 325.0 2511.0 348.0 2538.0 336.0 2548.0 small-vehicle 0
598.0 2599.0 609.0 2614.0 582.0 2637.0 570.0 2625.0 small-vehicle 0
569.0 2621.0 558.0 2607.0 586.0 2582.0 597.0 2595.0 small-vehicle 0
299.0 2538.0 311.0 2527.0 334.0 2553.0 322.0 2562.0 small-vehicle 0
398.0 2491.0 386.0 2506.0 362.0 2484.0 373.0 2470.0 small-vehicle 0
468.0 2429.0 456.0 2439.0 436.0 2417.0 447.0 2406.0 small-vehicle 0
2721.0 2507.0 2746.0 2604.0 2671.0 2630.0 2643.0 2533.0 plane 0
3140.0 2559.0 3104.0 2600.0 3072.0 2569.0 3105.0 2527.0 plane 0
3053.0 2505.0 3112.0 2460.0 3150.0 2510.0 3090.0 2554.0 plane 0
2829.0 2492.0 2781.0 2430.0 2825.0 2395.0 2875.0 2458.0 plane 0
2855.0 2601.0 2806.0 2529.0 2898.0 2464.0 2952.0 2531.0 plane 0
4517.0 3484.0 4514.0 3373.0 4595.0 3371.0 4601.0 3483.0 plane 0
4546.0 3640.0 4556.0 3482.0 4665.0 3494.0 4653.0 3655.0 plane 0
3667.0 4390.0 3631.0 4327.0 3673.0 4305.0 3708.0 4369.0 plane 0
3706.0 4110.0 3727.0 4188.0 3660.0 4206.0 3632.0 4130.0 plane 0
3670.0 4213.0 3761.0 4220.0 3755.0 4287.0 3668.0 4280.0 plane 0
3765.0 4149.0 3854.0 4143.0 3867.0 4275.0 3776.0 4281.0 plane 0
4168.0 4164.0 4166.0 4234.0 4111.0 4228.0 4113.0 4158.0 plane 0
4174.0 4066.0 4169.0 4137.0 4111.0 4132.0 4117.0 4058.0 plane 0
545.0 2620.0 556.0 2629.0 537.0 2653.0 525.0 2644.0 small-vehicle 0
558.0 2634.0 572.0 2647.0 549.0 2671.0 537.0 2659.0 small-vehicle 0
359.0 2796.0 373.0 2810.0 345.0 2840.0 332.0 2828.0 small-vehicle 0
2708.0 2817.0 2720.0 2832.0 2690.0 2860.0 2678.0 2846.0 small-vehicle 0
2243.0 3357.0 2239.0 3375.0 2196.0 3364.0 2200.0 3347.0 small-vehicle 0
2174.0 3400.0 2163.0 3414.0 2135.0 3389.0 2147.0 3376.0 small-vehicle 0
2392.0 3103.0 2381.0 3116.0 2359.0 3091.0 2371.0 3078.0 small-vehicle 0
2070.0 2150.0 2078.0 2135.0 2109.0 2156.0 2100.0 2169.0 small-vehicle 0
2188.0 2219.0 2194.0 2237.0 2164.0 2250.0 2156.0 2234.0 small-vehicle 0
2188.0 2146.0 2198.0 2162.0 2167.0 2180.0 2157.0 2165.0 small-vehicle 0
2188.0 2079.0 2193.0 2096.0 2159.0 2106.0 2154.0 2089.0 small-vehicle 0
2522.0 1898.0 2521.0 1878.0 2562.0 1875.0 2561.0 1895.0 small-vehicle 0
2602.0 1822.0 2610.0 1807.0 2640.0 1826.0 2631.0 1842.0 small-vehicle 0
2556.0 1854.0 2559.0 1837.0 2594.0 1843.0 2592.0 1861.0 small-vehicle 0
2676.0 2036.0 2665.0 2047.0 2642.0 2019.0 2655.0 2008.0 small-vehicle 0
2609.0 2006.0 2597.0 1993.0 2623.0 1965.0 2635.0 1979.0 small-vehicle 0
2526.0 1984.0 2539.0 1972.0 2567.0 2000.0 2552.0 2011.0 small-vehicle 0
2527.0 1971.0 2514.0 1986.0 2490.0 1963.0 2503.0 1949.0 small-vehicle 0
1271.0 2381.0 1285.0 2368.0 1314.0 2404.0 1300.0 2417.0 small-vehicle 0
675.0 2932.0 678.0 2886.0 775.0 2889.0 773.0 2935.0 swimming-pool 0
1190.0 2596.0 1179.0 2580.0 1208.0 2556.0 1219.0 2570.0 small-vehicle 0
1159.0 2561.0 1148.0 2548.0 1176.0 2522.0 1188.0 2537.0 small-vehicle 0
1128.0 2529.0 1116.0 2516.0 1143.0 2489.0 1155.0 2501.0 small-vehicle 0
772.0 2404.0 784.0 2415.0 761.0 2441.0 749.0 2430.0 small-vehicle 0
679.0 2512.0 668.0 2496.0 696.0 2472.0 708.0 2485.0 small-vehicle 0
635.0 2469.0 645.0 2481.0 622.0 2504.0 611.0 2492.0 small-vehicle 0
605.0 2444.0 616.0 2456.0 586.0 2485.0 575.0 2474.0 small-vehicle 0
616.0 2454.0 629.0 2469.0 604.0 2495.0 592.0 2485.0 small-vehicle 0
731.0 2355.0 741.0 2368.0 718.0 2388.0 706.0 2377.0 small-vehicle 0
715.0 2339.0 725.0 2351.0 699.0 2377.0 688.0 2366.0 small-vehicle 0
602.0 2208.0 590.0 2224.0 564.0 2201.0 576.0 2186.0 small-vehicle 0
549.0 2253.0 555.0 2236.0 591.0 2250.0 584.0 2268.0 small-vehicle 0
416.0 2477.0 404.0 2491.0 381.0 2466.0 392.0 2455.0 small-vehicle 0
554.0 2602.0 543.0 2588.0 572.0 2566.0 583.0 2580.0 small-vehicle 0
4171.0 3965.0 4168.0 4043.0 4117.0 4041.0 4121.0 3960.0 plane 0
4042.0 3108.0 4102.0 3062.0 4135.0 3102.0 4076.0 3151.0 plane 0
2154.0 3480.0 2143.0 3493.0 2118.0 3465.0 2130.0 3451.0 small-vehicle 0
959.0 1777.0 895.0 1831.0 858.0 1783.0 918.0 1732.0 plane 0
1184.0 1426.0 1246.0 1373.0 1288.0 1426.0 1224.0 1476.0 plane 0
1104.0 1501.0 1164.0 1448.0 1208.0 1496.0 1149.0 1551.0 plane 0
1027.0 1580.0 1081.0 1521.0 1129.0 1570.0 1074.0 1627.0 plane 0
948.0 1651.0 1007.0 1594.0 1053.0 1644.0 999.0 1696.0 plane 0
1037.0 1705.0 979.0 1760.0 939.0 1717.0 996.0 1658.0 plane 0
875.0 1728.0 931.0 1667.0 974.0 1717.0 915.0 1773.0 plane 0
1115.0 1938.0 1062.0 1993.0 1015.0 1953.0 1072.0 1892.0 plane 0
3959.0 3173.0 4033.0 3111.0 4084.0 3169.0 4015.0 3233.0 plane 0
1191.0 1866.0 1140.0 1921.0 1088.0 1879.0 1147.0 1819.0 plane 0
1266.0 2100.0 1212.0 2146.0 1171.0 2104.0 1227.0 2056.0 plane 0
1183.0 2041.0 1238.0 1994.0 1275.0 2035.0 1223.0 2080.0 plane 0
1338.0 2025.0 1289.0 2074.0 1248.0 2036.0 1302.0 1986.0 plane 0
1263.0 1967.0 1316.0 1917.0 1354.0 1961.0 1303.0 2008.0 plane 0
1418.0 1951.0 1371.0 2001.0 1331.0 1963.0 1378.0 1911.0 plane 0
1346.0 1414.0 1285.0 1462.0 1250.0 1424.0 1311.0 1368.0 plane 0
1583.0 1498.0 1519.0 1553.0 1473.0 1510.0 1539.0 1452.0 plane 0
1159.0 1060.0 1106.0 1118.0 1063.0 1078.0 1118.0 1023.0 plane 0
1088.0 1135.0 1028.0 1187.0 988.0 1146.0 1051.0 1090.0 plane 0
1009.0 1205.0 953.0 1263.0 908.0 1224.0 964.0 1160.0 plane 0
934.0 1286.0 870.0 1337.0 829.0 1290.0 896.0 1241.0 plane 0
854.0 1357.0 800.0 1409.0 755.0 1366.0 812.0 1315.0 plane 0
618.0 1579.0 566.0 1628.0 527.0 1593.0 582.0 1541.0 plane 0
540.0 1657.0 486.0 1708.0 444.0 1658.0 500.0 1609.0 plane 0
465.0 1726.0 413.0 1774.0 372.0 1736.0 423.0 1684.0 plane 0
382.0 1798.0 335.0 1850.0 292.0 1813.0 345.0 1760.0 plane 0
316.0 1869.0 254.0 1927.0 211.0 1882.0 276.0 1821.0 plane 0
229.0 671.0 302.0 754.0 233.0 811.0 162.0 726.0 plane 0
350.0 834.0 395.0 894.0 344.0 939.0 294.0 878.0 plane 0
279.0 763.0 340.0 828.0 294.0 871.0 229.0 804.0 plane 0
444.0 482.0 522.0 564.0 448.0 633.0 364.0 547.0 plane 0
549.0 352.0 478.0 419.0 427.0 370.0 498.0 302.0 plane 0
1338.0 1891.0 1392.0 1844.0 1429.0 1880.0 1381.0 1929.0 plane 0
1494.0 1875.0 1450.0 1928.0 1406.0 1892.0 1450.0 1837.0 plane 0
1416.0 1815.0 1470.0 1770.0 1504.0 1813.0 1453.0 1858.0 plane 0
3470.0 2654.0 3421.0 2697.0 3383.0 2657.0 3431.0 2612.0 plane 0
3884.0 3234.0 3956.0 3178.0 4008.0 3239.0 3942.0 3298.0 plane 0
3821.0 3322.0 3884.0 3264.0 3926.0 3307.0 3863.0 3368.0 plane 0
3668.0 3384.0 3726.0 3336.0 3766.0 3383.0 3704.0 3432.0 plane 0
3732.0 3189.0 3678.0 3246.0 3636.0 3204.0 3691.0 3151.0 plane 0
3634.0 3111.0 3700.0 3067.0 3729.0 3117.0 3669.0 3159.0 plane 0
3815.0 3118.0 3757.0 3171.0 3718.0 3128.0 3777.0 3073.0 plane 0
3727.0 3048.0 3779.0 3002.0 3815.0 3042.0 3763.0 3088.0 plane 0
3802.0 2964.0 3857.0 2918.0 3896.0 2965.0 3842.0 3013.0 plane 0
3975.0 2965.0 3924.0 3018.0 3884.0 2981.0 3936.0 2927.0 plane 0
3451.0 2897.0 3510.0 2854.0 3541.0 2897.0 3485.0 2941.0 plane 0
3632.0 2897.0 3573.0 2952.0 3527.0 2908.0 3591.0 2855.0 plane 0
3542.0 2837.0 3587.0 2786.0 3629.0 2823.0 3586.0 2873.0 plane 0
3596.0 2786.0 3651.0 2727.0 3692.0 2767.0 3636.0 2827.0 plane 0
3286.0 2652.0 3351.0 2592.0 3406.0 2658.0 3343.0 2712.0 plane 0
3377.0 2582.0 3435.0 2526.0 3478.0 2573.0 3424.0 2624.0 plane 0
1348.0 1721.0 1291.0 1771.0 1251.0 1727.0 1307.0 1676.0 plane 0
3561.0 2574.0 3506.0 2630.0 3462.0 2589.0 3521.0 2527.0 plane 0
3455.0 2499.0 3514.0 2439.0 3563.0 2491.0 3501.0 2548.0 plane 0
2883.0 1780.0 2828.0 1837.0 2784.0 1794.0 2839.0 1741.0 plane 0
2853.0 2039.0 2919.0 1972.0 2980.0 2036.0 2912.0 2100.0 plane 0
2944.0 1968.0 3012.0 1912.0 3047.0 1958.0 2987.0 2015.0 plane 0
3102.0 2111.0 3148.0 2059.0 3185.0 2096.0 3138.0 2146.0 plane 0
1947.0 637.0 1868.0 605.0 1893.0 556.0 1967.0 587.0 plane 0
2008.0 1142.0 1992.0 1221.0 1929.0 1207.0 1950.0 1128.0 plane 0
1965.0 1273.0 1962.0 1357.0 1907.0 1354.0 1912.0 1270.0 plane 0
2196.0 2990.0 2109.0 3040.0 2065.0 2971.0 2152.0 2922.0 plane 0
1394.0 3017.0 1473.0 3020.0 1467.0 3191.0 1386.0 3190.0 tennis-court 0
1256.0 2282.0 1303.0 2231.0 1340.0 2264.0 1294.0 2319.0 plane 0
1332.0 2206.0 1383.0 2161.0 1416.0 2200.0 1366.0 2247.0 plane 0
1403.0 2136.0 1456.0 2086.0 1492.0 2121.0 1440.0 2174.0 plane 0
2193.0 3449.0 2179.0 3462.0 2147.0 3430.0 2161.0 3416.0 small-vehicle 0
2172.0 3464.0 2160.0 3475.0 2135.0 3448.0 2147.0 3435.0 small-vehicle 0
2563.0 3439.0 2572.0 3430.0 2594.0 3454.0 2586.0 3464.0 small-vehicle 1
2496.0 2991.0 2505.0 2981.0 2527.0 3003.0 2518.0 3015.0 small-vehicle 1
2867.0 4112.0 2860.0 4123.0 2836.0 4107.0 2840.0 4096.0 small-vehicle 1
2868.0 4091.0 2860.0 4101.0 2835.0 4084.0 2843.0 4072.0 small-vehicle 1
2868.0 4065.0 2863.0 4078.0 2833.0 4061.0 2839.0 4050.0 small-vehicle 1
2875.0 4033.0 2867.0 4046.0 2837.0 4024.0 2843.0 4014.0 small-vehicle 1
2260.0 3415.0 2269.0 3408.0 2289.0 3427.0 2280.0 3436.0 small-vehicle 1
2437.0 3038.0 2449.0 3028.0 2470.0 3047.0 2460.0 3059.0 small-vehicle 1
2564.0 2635.0 2574.0 2626.0 2595.0 2651.0 2586.0 2662.0 small-vehicle 1
2322.0 2136.0 2326.0 2123.0 2362.0 2139.0 2358.0 2151.0 small-vehicle 1
2438.0 2753.0 2448.0 2741.0 2468.0 2764.0 2458.0 2776.0 small-vehicle 1
2524.0 2359.0 2516.0 2348.0 2543.0 2316.0 2554.0 2324.0 small-vehicle 1
2504.0 2342.0 2495.0 2330.0 2524.0 2301.0 2534.0 2310.0 small-vehicle 1
2484.0 2319.0 2473.0 2310.0 2498.0 2281.0 2508.0 2288.0 small-vehicle 1
2618.0 2220.0 2628.0 2229.0 2598.0 2251.0 2589.0 2241.0 small-vehicle 1
2614.0 2178.0 2624.0 2188.0 2597.0 2217.0 2588.0 2207.0 small-vehicle 1
2863.0 4176.0 2862.0 4193.0 2823.0 4191.0 2822.0 4176.0 small-vehicle 1
2863.0 4200.0 2863.0 4214.0 2823.0 4214.0 2824.0 4198.0 small-vehicle 1
2830.0 4232.0 2829.0 4217.0 2861.0 4218.0 2862.0 4233.0 small-vehicle 1
2477.0 4401.0 2477.0 4388.0 2511.0 4390.0 2512.0 4404.0 small-vehicle 1
2014.0 4501.0 2012.0 4483.0 2053.0 4484.0 2052.0 4500.0 small-vehicle 1
2265.0 4128.0 2284.0 4130.0 2282.0 4171.0 2266.0 4170.0 small-vehicle 1
2202.0 3436.0 2192.0 3448.0 2164.0 3418.0 2174.0 3404.0 small-vehicle 1
2259.0 2385.0 2264.0 2373.0 2293.0 2389.0 2286.0 2401.0 small-vehicle 1
2275.0 2341.0 2278.0 2329.0 2311.0 2344.0 2307.0 2357.0 small-vehicle 1
2286.0 2323.0 2291.0 2313.0 2317.0 2325.0 2312.0 2338.0 small-vehicle 1
2293.0 2302.0 2298.0 2289.0 2333.0 2304.0 2327.0 2318.0 small-vehicle 1
2404.0 2087.0 2395.0 2098.0 2371.0 2072.0 2377.0 2061.0 small-vehicle 1
2356.0 2094.0 2367.0 2083.0 2387.0 2103.0 2378.0 2114.0 small-vehicle 1
2298.0 2278.0 2304.0 2266.0 2335.0 2280.0 2329.0 2294.0 small-vehicle 1
2309.0 2262.0 2313.0 2248.0 2344.0 2262.0 2338.0 2276.0 small-vehicle 1
2323.0 2217.0 2328.0 2201.0 2364.0 2213.0 2358.0 2228.0 small-vehicle 1
2330.0 2195.0 2333.0 2180.0 2367.0 2191.0 2363.0 2206.0 small-vehicle 1
2588.0 2137.0 2596.0 2148.0 2574.0 2171.0 2565.0 2159.0 small-vehicle 0
2454.0 2250.0 2449.0 2266.0 2418.0 2252.0 2422.0 2239.0 small-vehicle 0
2450.0 2275.0 2442.0 2287.0 2409.0 2271.0 2416.0 2259.0 small-vehicle 0
2398.0 2103.0 2409.0 2092.0 2431.0 2118.0 2420.0 2125.0 small-vehicle 1
635.0 2416.0 645.0 2426.0 626.0 2446.0 616.0 2435.0 small-vehicle 1
3957.0 4414.0 3971.0 4414.0 3970.0 4446.0 3954.0 4443.0 small-vehicle 1
3947.0 4313.0 3965.0 4313.0 3967.0 4345.0 3947.0 4346.0 small-vehicle 1
3180.0 4225.0 3194.0 4226.0 3193.0 4256.0 3178.0 4257.0 small-vehicle 1
2936.0 3156.0 2916.0 3156.0 2916.0 3121.0 2936.0 3120.0 small-vehicle 1
3050.0 2285.0 3037.0 2296.0 2999.0 2254.0 3011.0 2242.0 large-vehicle 0
3070.0 2265.0 3057.0 2277.0 3013.0 2231.0 3030.0 2217.0 large-vehicle 0
2417.0 2353.0 2411.0 2368.0 2375.0 2351.0 2382.0 2335.0 small-vehicle 1
2418.0 2331.0 2413.0 2343.0 2385.0 2332.0 2389.0 2318.0 small-vehicle 1
2423.0 2235.0 2429.0 2221.0 2460.0 2236.0 2454.0 2247.0 small-vehicle 1
2545.0 2154.0 2531.0 2167.0 2508.0 2139.0 2520.0 2129.0 small-vehicle 1
2449.0 2062.0 2456.0 2051.0 2485.0 2077.0 2470.0 2087.0 small-vehicle 1
2422.0 2066.0 2412.0 2077.0 2383.0 2051.0 2393.0 2039.0 small-vehicle 1
2366.0 2130.0 2377.0 2120.0 2400.0 2144.0 2388.0 2155.0 small-vehicle 1
2384.0 2119.0 2395.0 2109.0 2416.0 2132.0 2403.0 2142.0 small-vehicle 0
2438.0 2291.0 2434.0 2304.0 2406.0 2290.0 2411.0 2279.0 small-vehicle 0
2419.0 2090.0 2427.0 2080.0 2451.0 2104.0 2440.0 2113.0 small-vehicle 0
2465.0 2048.0 2475.0 2038.0 2499.0 2063.0 2489.0 2073.0 small-vehicle 0
2481.0 2027.0 2490.0 2019.0 2515.0 2044.0 2503.0 2053.0 small-vehicle 0
2515.0 1998.0 2524.0 1986.0 2544.0 2010.0 2535.0 2021.0 small-vehicle 0
2493.0 2013.0 2503.0 2004.0 2527.0 2028.0 2516.0 2039.0 small-vehicle 0
2447.0 2039.0 2434.0 2051.0 2414.0 2029.0 2423.0 2017.0 small-vehicle 0
2440.0 1994.0 2451.0 1984.0 2479.0 2011.0 2472.0 2022.0 small-vehicle 0
2498.0 2000.0 2486.0 2011.0 2462.0 1984.0 2472.0 1974.0 small-vehicle 0
2494.0 2157.0 2504.0 2147.0 2527.0 2173.0 2517.0 2181.0 small-vehicle 0
2480.0 2171.0 2489.0 2162.0 2511.0 2186.0 2502.0 2195.0 small-vehicle 0
2562.0 2141.0 2553.0 2149.0 2533.0 2126.0 2540.0 2118.0 small-vehicle 0
2574.0 2123.0 2564.0 2132.0 2540.0 2110.0 2549.0 2101.0 small-vehicle 0
2594.0 2107.0 2583.0 2118.0 2559.0 2095.0 2568.0 2083.0 small-vehicle 0
2575.0 2079.0 2585.0 2070.0 2605.0 2092.0 2595.0 2102.0 small-vehicle 0
2335.0 2173.0 2341.0 2157.0 2378.0 2171.0 2374.0 2183.0 small-vehicle 1
1953.0 1937.0 1961.0 1954.0 1923.0 1976.0 1915.0 1960.0 small-vehicle 1
2160.0 3686.0 2172.0 3699.0 2145.0 3724.0 2133.0 3712.0 small-vehicle 0
684.0 1820.0 696.0 1809.0 724.0 1841.0 716.0 1851.0 large-vehicle 0
3657.0 3375.0 3641.0 3361.0 3679.0 3325.0 3694.0 3339.0 small-vehicle 0
1775.0 2104.0 1768.0 2089.0 1796.0 2075.0 1804.0 2090.0 small-vehicle 0
1895.0 2064.0 1885.0 2081.0 1850.0 2058.0 1859.0 2041.0 small-vehicle 0
1856.0 2037.0 1865.0 2023.0 1898.0 2045.0 1889.0 2059.0 small-vehicle 0
1921.0 2061.0 1909.0 2048.0 1939.0 2025.0 1950.0 2039.0 small-vehicle 0
1923.0 2132.0 1913.0 2117.0 1945.0 2100.0 1953.0 2114.0 small-vehicle 0
651.0 2479.0 641.0 2468.0 663.0 2444.0 673.0 2453.0 small-vehicle 1
1051.0 2453.0 1039.0 2440.0 1065.0 2417.0 1076.0 2428.0 small-vehicle 1
677.0 2456.0 689.0 2468.0 667.0 2491.0 654.0 2482.0 small-vehicle 1
712.0 2488.0 721.0 2496.0 699.0 2517.0 690.0 2508.0 small-vehicle 1
661.0 2554.0 651.0 2547.0 670.0 2528.0 679.0 2536.0 small-vehicle 1
645.0 2547.0 634.0 2537.0 655.0 2518.0 664.0 2526.0 small-vehicle 1
490.0 2540.0 481.0 2531.0 502.0 2506.0 511.0 2514.0 small-vehicle 1
509.0 2557.0 501.0 2545.0 523.0 2526.0 532.0 2537.0 small-vehicle 1
3660.0 4108.0 3643.0 4106.0 3643.0 4068.0 3660.0 4069.0 small-vehicle 0
3630.0 4036.0 3630.0 4053.0 3594.0 4052.0 3594.0 4036.0 small-vehicle 0
3383.0 4037.0 3385.0 4020.0 3423.0 4020.0 3423.0 4038.0 small-vehicle 0
3146.0 4036.0 3139.0 4051.0 3106.0 4032.0 3115.0 4018.0 small-vehicle 0
3140.0 4023.0 3140.0 4005.0 3183.0 4008.0 3182.0 4025.0 small-vehicle 0
3165.0 3972.0 3176.0 3963.0 3196.0 3986.0 3185.0 3995.0 small-vehicle 0
3205.0 4027.0 3205.0 4044.0 3165.0 4045.0 3164.0 4025.0 ship 0
2837.0 3985.0 2838.0 3962.0 2904.0 3964.0 2902.0 3989.0 ship 0
2958.0 3938.0 2955.0 3959.0 2898.0 3956.0 2899.0 3934.0 ship 0
2050.0 4512.0 2049.0 4531.0 2001.0 4531.0 2001.0 4513.0 small-vehicle 0
2040.0 4413.0 2055.0 4426.0 2025.0 4460.0 2013.0 4447.0 small-vehicle 0
2211.0 3782.0 2198.0 3769.0 2222.0 3747.0 2233.0 3759.0 small-vehicle 0
2175.0 3701.0 2188.0 3713.0 2158.0 3742.0 2146.0 3728.0 small-vehicle 0
2190.0 3713.0 2201.0 3725.0 2174.0 3755.0 2160.0 3743.0 small-vehicle 0
2206.0 3731.0 2220.0 3746.0 2188.0 3773.0 2177.0 3757.0 small-vehicle 0
2634.0 3582.0 2646.0 3596.0 2622.0 3618.0 2609.0 3605.0 small-vehicle 0
2147.0 3669.0 2159.0 3680.0 2133.0 3707.0 2122.0 3695.0 small-vehicle 0
613.0 2664.0 604.0 2653.0 625.0 2630.0 633.0 2638.0 small-vehicle 1
626.0 2678.0 614.0 2666.0 635.0 2643.0 647.0 2653.0 small-vehicle 1
381.0 2717.0 368.0 2706.0 386.0 2683.0 397.0 2690.0 small-vehicle 1
600.0 3536.0 614.0 3533.0 613.0 3569.0 600.0 3569.0 small-vehicle 1
1136.0 2341.0 1145.0 2353.0 1126.0 2378.0 1116.0 2366.0 small-vehicle 1
1153.0 2364.0 1161.0 2374.0 1139.0 2393.0 1130.0 2384.0 small-vehicle 1
1145.0 2543.0 1132.0 2529.0 1155.0 2509.0 1164.0 2520.0 small-vehicle 1
1213.0 2796.0 1212.0 2782.0 1243.0 2784.0 1245.0 2800.0 small-vehicle 1
1208.0 2818.0 1210.0 2802.0 1243.0 2802.0 1243.0 2819.0 small-vehicle 1
1210.0 2865.0 1211.0 2848.0 1243.0 2848.0 1244.0 2864.0 small-vehicle 1
1207.0 2885.0 1208.0 2872.0 1244.0 2872.0 1244.0 2885.0 small-vehicle 1
1418.0 3557.0 1429.0 3556.0 1431.0 3590.0 1415.0 3590.0 small-vehicle 1
1350.0 3557.0 1363.0 3556.0 1362.0 3584.0 1349.0 3584.0 small-vehicle 1
1310.0 3554.0 1324.0 3552.0 1326.0 3591.0 1310.0 3590.0 small-vehicle 1
1290.0 3548.0 1304.0 3549.0 1304.0 3585.0 1290.0 3585.0 small-vehicle 1
1226.0 3548.0 1242.0 3549.0 1242.0 3586.0 1223.0 3586.0 small-vehicle 1
1116.0 3538.0 1130.0 3537.0 1136.0 3575.0 1119.0 3577.0 small-vehicle 1
580.0 3532.0 596.0 3533.0 594.0 3567.0 578.0 3568.0 small-vehicle 1
628.0 3535.0 640.0 3536.0 637.0 3569.0 622.0 3567.0 small-vehicle 1
488.0 2758.0 480.0 2745.0 504.0 2724.0 513.0 2735.0 small-vehicle 1
671.0 3537.0 685.0 3537.0 683.0 3571.0 667.0 3571.0 small-vehicle 1
693.0 3541.0 706.0 3541.0 706.0 3574.0 690.0 3572.0 small-vehicle 1
810.0 3540.0 825.0 3541.0 825.0 3573.0 810.0 3573.0 small-vehicle 1
859.0 3539.0 872.0 3539.0 876.0 3576.0 860.0 3574.0 small-vehicle 1
925.0 3186.0 941.0 3185.0 941.0 3216.0 928.0 3216.0 small-vehicle 1
884.0 3183.0 898.0 3183.0 899.0 3215.0 883.0 3216.0 small-vehicle 1
822.0 3182.0 838.0 3181.0 834.0 3213.0 820.0 3213.0 small-vehicle 1
770.0 3180.0 785.0 3181.0 783.0 3213.0 768.0 3213.0 small-vehicle 1
701.0 3182.0 713.0 3182.0 713.0 3208.0 699.0 3209.0 small-vehicle 1
659.0 3178.0 670.0 3176.0 672.0 3206.0 658.0 3208.0 small-vehicle 1
610.0 3175.0 625.0 3176.0 627.0 3205.0 613.0 3206.0 small-vehicle 1
594.0 3178.0 608.0 3178.0 611.0 3206.0 598.0 3210.0 small-vehicle 1
464.0 2864.0 474.0 2852.0 492.0 2871.0 482.0 2880.0 small-vehicle 1
477.0 2770.0 489.0 2780.0 468.0 2805.0 454.0 2796.0 small-vehicle 1
618.0 284.0 557.0 340.0 510.0 296.0 572.0 233.0 plane 0
