imagesource:GoogleEarth
gsd:0.135211631053
408.0 942.0 423.0 944.0 420.0 977.0 405.0 976.0 small-vehicle 1
836.0 1043.0 846.0 1048.0 837.0 1071.0 825.0 1068.0 small-vehicle 1
837.0 326.0 920.0 362.0 896.0 422.0 807.0 387.0 plane 0
739.0 416.0 649.0 389.0 673.0 319.0 761.0 345.0 plane 0
890.0 199.0 808.0 167.0 828.0 110.0 914.0 138.0 plane 0
984.0 236.0 904.0 197.0 936.0 145.0 1012.0 177.0 plane 0
1086.0 265.0 1007.0 234.0 1029.0 184.0 1109.0 216.0 plane 0
1269.0 340.0 1195.0 311.0 1215.0 261.0 1290.0 292.0 plane 0
1367.0 377.0 1290.0 345.0 1316.0 291.0 1389.0 326.0 plane 0
1459.0 409.0 1385.0 381.0 1411.0 328.0 1485.0 355.0 plane 0
1560.0 449.0 1484.0 422.0 1505.0 370.0 1581.0 397.0 plane 0
1650.0 481.0 1574.0 454.0 1596.0 402.0 1670.0 431.0 plane 0
1748.0 520.0 1668.0 497.0 1688.0 443.0 1766.0 467.0 plane 0
1839.0 558.0 1763.0 529.0 1786.0 474.0 1859.0 500.0 plane 0
1673.0 647.0 1710.0 572.0 1764.0 596.0 1731.0 677.0 plane 0
1616.0 621.0 1688.0 649.0 1670.0 700.0 1594.0 675.0 plane 0
1523.0 591.0 1597.0 617.0 1582.0 666.0 1505.0 640.0 plane 0
1430.0 552.0 1503.0 585.0 1484.0 634.0 1405.0 602.0 plane 0
1512.0 709.0 1433.0 679.0 1456.0 627.0 1533.0 657.0 plane 0
1605.0 744.0 1526.0 716.0 1548.0 665.0 1623.0 694.0 plane 0
1547.0 872.0 1623.0 906.0 1603.0 964.0 1520.0 931.0 plane 0
1442.0 831.0 1537.0 870.0 1511.0 933.0 1418.0 892.0 plane 0
1353.0 798.0 1436.0 826.0 1416.0 889.0 1330.0 859.0 plane 0
1166.0 731.0 1242.0 761.0 1222.0 818.0 1144.0 787.0 plane 0
316.0 678.0 298.0 756.0 241.0 741.0 262.0 663.0 plane 0
197.0 676.0 218.0 601.0 272.0 611.0 255.0 688.0 plane 0
360.0 485.0 347.0 554.0 291.0 544.0 306.0 475.0 plane 0
932.0 365.0 1011.0 408.0 984.0 462.0 902.0 421.0 plane 0
662.0 983.0 680.0 989.0 665.0 1026.0 649.0 1020.0 small-vehicle 0
685.0 985.0 667.0 979.0 683.0 942.0 701.0 948.0 small-vehicle 0
856.0 1041.0 835.0 1034.0 850.0 996.0 870.0 1003.0 small-vehicle 0
964.0 1079.0 947.0 1073.0 958.0 1043.0 974.0 1050.0 small-vehicle 0
987.0 1081.0 969.0 1081.0 979.0 1049.0 994.0 1054.0 small-vehicle 1
1011.0 1080.0 993.0 1080.0 1004.0 1048.0 1021.0 1053.0 small-vehicle 1
706.0 945.0 722.0 951.0 708.0 984.0 693.0 977.0 small-vehicle 1
643.0 970.0 659.0 977.0 645.0 1009.0 629.0 1003.0 small-vehicle 1
659.0 935.0 676.0 940.0 663.0 970.0 646.0 964.0 small-vehicle 1
597.0 950.0 615.0 957.0 604.0 992.0 586.0 986.0 small-vehicle 1
526.0 1015.0 550.0 1023.0 534.0 1080.0 509.0 1073.0 large-vehicle 0
516.0 726.0 511.0 748.0 465.0 734.0 471.0 712.0 large-vehicle 0
509.0 770.0 502.0 793.0 441.0 772.0 449.0 749.0 large-vehicle 0
876.0 1049.0 856.0 1041.0 869.0 1008.0 889.0 1015.0 small-vehicle 0
935.0 1033.0 953.0 1039.0 939.0 1075.0 922.0 1068.0 small-vehicle 0
729.0 995.0 714.0 989.0 726.0 954.0 741.0 960.0 small-vehicle 0
813.0 1032.0 831.0 1039.0 819.0 1069.0 801.0 1062.0 small-vehicle 0
812.0 984.0 827.0 989.0 815.0 1021.0 800.0 1016.0 small-vehicle 0
791.0 1027.0 808.0 1032.0 798.0 1061.0 782.0 1055.0 small-vehicle 0
835.0 1031.0 818.0 1025.0 830.0 992.0 848.0 998.0 small-vehicle 0
795.0 1019.0 777.0 1012.0 788.0 976.0 805.0 983.0 small-vehicle 0
638.0 927.0 652.0 933.0 641.0 958.0 628.0 954.0 small-vehicle 0
616.0 918.0 630.0 923.0 617.0 953.0 602.0 948.0 small-vehicle 0
624.0 962.0 639.0 967.0 625.0 999.0 610.0 994.0 small-vehicle 0
754.0 1008.0 770.0 1014.0 756.0 1048.0 741.0 1043.0 small-vehicle 0
766.0 967.0 781.0 972.0 769.0 1008.0 753.0 1003.0 small-vehicle 0
750.0 1002.0 734.0 995.0 746.0 964.0 762.0 969.0 small-vehicle 0
380.0 385.0 363.0 458.0 308.0 444.0 327.0 370.0 plane 0
