imagesource:GoogleEarth
gsd:0.140806581411
76.0 1.0 85.0 9.0 68.0 29.0 58.0 20.0 small-vehicle 1
62.0 879.0 73.0 896.0 40.0 919.0 29.0 902.0 small-vehicle 0
613.0 431.0 694.0 431.0 695.0 603.0 614.0 603.0 tennis-court 0
743.0 431.0 822.0 432.0 825.0 602.0 745.0 602.0 tennis-court 0
745.0 691.0 825.0 691.0 826.0 862.0 747.0 862.0 tennis-court 0
615.0 694.0 695.0 692.0 695.0 862.0 615.0 863.0 tennis-court 0
436.0 564.0 518.0 563.0 519.0 733.0 439.0 733.0 tennis-court 0
307.0 563.0 389.0 562.0 389.0 735.0 307.0 736.0 tennis-court 0
177.0 565.0 259.0 565.0 259.0 735.0 178.0 735.0 tennis-court 0
436.0 303.0 516.0 304.0 518.0 472.0 437.0 473.0 tennis-court 0
307.0 305.0 386.0 304.0 386.0 473.0 307.0 475.0 tennis-court 0
175.0 305.0 257.0 304.0 257.0 474.0 175.0 476.0 tennis-court 0
