imagesource:GoogleEarth
gsd:0.136776404008
1139.0 224.0 1222.0 227.0 1219.0 402.0 1137.0 401.0 tennis-court 0
984.0 222.0 1068.0 224.0 1064.0 399.0 978.0 396.0 tennis-court 0
851.0 219.0 933.0 220.0 930.0 396.0 849.0 396.0 tennis-court 0
717.0 216.0 799.0 219.0 795.0 396.0 713.0 394.0 tennis-court 0
584.0 213.0 666.0 215.0 662.0 390.0 577.0 390.0 tennis-court 0
449.0 212.0 531.0 213.0 528.0 387.0 444.0 386.0 tennis-court 0
315.0 209.0 398.0 212.0 394.0 388.0 312.0 385.0 tennis-court 0
176.0 205.0 258.0 208.0 255.0 386.0 172.0 384.0 tennis-court 0
