imagesource:GoogleEarth
gsd:0.133544232333
64.0 739.0 52.0 749.0 28.0 726.0 38.0 714.0 small-vehicle 1
383.0 366.0 399.0 353.0 468.0 407.0 448.0 422.0 large-vehicle 0
317.0 653.0 331.0 640.0 396.0 693.0 378.0 713.0 large-vehicle 0
282.0 663.0 295.0 650.0 362.0 700.0 347.0 719.0 large-vehicle 0
241.0 667.0 259.0 649.0 322.0 702.0 308.0 720.0 large-vehicle 0
94.0 686.0 111.0 668.0 179.0 724.0 159.0 738.0 large-vehicle 0
61.0 690.0 79.0 674.0 141.0 731.0 127.0 748.0 large-vehicle 0
90.0 602.0 85.0 579.0 167.0 561.0 174.0 583.0 large-vehicle 0
458.0 512.0 441.0 503.0 485.0 433.0 508.0 446.0 large-vehicle 0
421.0 517.0 400.0 502.0 446.0 435.0 468.0 446.0 large-vehicle 0
355.0 526.0 337.0 514.0 378.0 446.0 402.0 455.0 large-vehicle 0
319.0 533.0 297.0 520.0 338.0 453.0 357.0 461.0 large-vehicle 0
248.0 542.0 228.0 532.0 268.0 461.0 290.0 472.0 large-vehicle 0
175.0 549.0 153.0 540.0 198.0 470.0 221.0 480.0 large-vehicle 0
59.0 575.0 36.0 562.0 84.0 487.0 109.0 502.0 large-vehicle 0
304.0 375.0 321.0 358.0 386.0 411.0 368.0 429.0 large-vehicle 0
32.0 290.0 17.0 278.0 36.0 247.0 52.0 259.0 small-vehicle 0
277.0 386.0 292.0 370.0 355.0 423.0 337.0 442.0 large-vehicle 0
241.0 389.0 258.0 373.0 324.0 430.0 308.0 447.0 large-vehicle 0
60.0 412.0 75.0 399.0 124.0 448.0 108.0 465.0 large-vehicle 0
27.0 422.0 45.0 402.0 98.0 451.0 76.0 473.0 large-vehicle 0
597.0 218.0 577.0 206.0 612.0 148.0 633.0 163.0 large-vehicle 0
524.0 232.0 506.0 219.0 542.0 157.0 564.0 172.0 large-vehicle 0
427.0 239.0 407.0 231.0 438.0 166.0 459.0 179.0 large-vehicle 0
391.0 240.0 372.0 231.0 406.0 170.0 428.0 186.0 large-vehicle 0
312.0 258.0 295.0 249.0 334.0 187.0 354.0 205.0 large-vehicle 0
281.0 262.0 260.0 249.0 298.0 190.0 318.0 205.0 large-vehicle 0
244.0 266.0 224.0 254.0 261.0 193.0 282.0 207.0 large-vehicle 0
208.0 270.0 188.0 259.0 229.0 198.0 247.0 209.0 large-vehicle 0
97.0 286.0 78.0 277.0 117.0 210.0 141.0 223.0 large-vehicle 0
386.0 648.0 403.0 629.0 468.0 680.0 454.0 700.0 large-vehicle 0
211.0 820.0 190.0 809.0 240.0 743.0 261.0 755.0 large-vehicle 0
361.0 799.0 338.0 787.0 384.0 720.0 408.0 733.0 large-vehicle 0
466.0 784.0 447.0 773.0 492.0 707.0 512.0 719.0 large-vehicle 0
15.0 450.0 29.0 436.0 53.0 459.0 41.0 471.0 small-vehicle 0
94.0 409.0 111.0 392.0 162.0 441.0 146.0 460.0 large-vehicle 0
165.0 791.0 147.0 778.0 175.0 737.0 193.0 749.0 small-vehicle 0
85.0 820.0 68.0 810.0 90.0 768.0 109.0 780.0 small-vehicle 0
116.0 814.0 102.0 807.0 118.0 774.0 133.0 782.0 small-vehicle 0
175.0 828.0 158.0 818.0 183.0 771.0 199.0 780.0 large-vehicle 0
246.0 816.0 228.0 805.0 250.0 762.0 268.0 771.0 small-vehicle 0
291.0 746.0 312.0 754.0 292.0 808.0 271.0 802.0 small-vehicle 0
464.0 632.0 481.0 610.0 510.0 631.0 494.0 653.0 small-vehicle 0
329.0 791.0 311.0 784.0 333.0 744.0 351.0 752.0 small-vehicle 0
428.0 784.0 414.0 775.0 440.0 740.0 454.0 751.0 small-vehicle 0
507.0 778.0 489.0 771.0 506.0 739.0 523.0 748.0 small-vehicle 0
527.0 693.0 547.0 703.0 529.0 738.0 509.0 728.0 small-vehicle 0
614.0 553.0 641.0 551.0 643.0 589.0 617.0 592.0 small-vehicle 0
380.0 398.0 394.0 380.0 423.0 402.0 410.0 419.0 small-vehicle 0
479.0 418.0 493.0 403.0 521.0 429.0 509.0 444.0 small-vehicle 0
418.0 475.0 402.0 466.0 422.0 428.0 439.0 440.0 small-vehicle 0
385.0 519.0 371.0 512.0 389.0 479.0 403.0 488.0 small-vehicle 0
102.0 550.0 87.0 542.0 111.0 498.0 127.0 508.0 small-vehicle 0
136.0 552.0 120.0 540.0 140.0 508.0 159.0 520.0 small-vehicle 0
211.0 536.0 197.0 525.0 217.0 495.0 232.0 506.0 small-vehicle 0
293.0 512.0 277.0 500.0 301.0 466.0 316.0 478.0 small-vehicle 0
125.0 396.0 138.0 380.0 170.0 411.0 157.0 425.0 small-vehicle 0
170.0 402.0 185.0 387.0 214.0 415.0 200.0 429.0 small-vehicle 0
345.0 258.0 329.0 251.0 352.0 210.0 368.0 217.0 small-vehicle 0
185.0 246.0 170.0 236.0 186.0 204.0 203.0 214.0 small-vehicle 0
456.0 239.0 438.0 227.0 468.0 168.0 489.0 182.0 large-vehicle 0
67.0 291.0 48.0 280.0 83.0 216.0 101.0 229.0 large-vehicle 0
