imagesource:GoogleEarth
gsd:0.14147597101
869.0 221.0 951.0 220.0 950.0 390.0 869.0 390.0 tennis-court 0
184.0 929.0 265.0 929.0 265.0 1100.0 184.0 1098.0 tennis-court 0
232.0 300.0 309.0 300.0 311.0 470.0 232.0 471.0 tennis-court 0
424.0 225.0 503.0 224.0 505.0 392.0 427.0 393.0 tennis-court 0
560.0 223.0 641.0 222.0 643.0 392.0 564.0 394.0 tennis-court 0
426.0 504.0 504.0 503.0 505.0 672.0 425.0 674.0 tennis-court 0
564.0 505.0 643.0 504.0 641.0 673.0 562.0 673.0 tennis-court 0
427.0 789.0 507.0 789.0 505.0 956.0 426.0 957.0 tennis-court 0
565.0 789.0 643.0 789.0 642.0 956.0 563.0 957.0 tennis-court 0
426.0 1069.0 505.0 1069.0 506.0 1238.0 425.0 1240.0 tennis-court 0
730.0 223.0 810.0 223.0 812.0 392.0 731.0 391.0 tennis-court 0
562.0 1069.0 643.0 1069.0 643.0 1238.0 564.0 1238.0 tennis-court 0
731.0 1069.0 812.0 1069.0 812.0 1238.0 730.0 1238.0 tennis-court 0
870.0 1070.0 950.0 1069.0 950.0 1239.0 870.0 1238.0 tennis-court 0
732.0 789.0 811.0 788.0 811.0 958.0 732.0 956.0 tennis-court 0
869.0 788.0 949.0 787.0 949.0 959.0 869.0 958.0 tennis-court 0
731.0 502.0 812.0 502.0 811.0 672.0 731.0 672.0 tennis-court 0
870.0 501.0 951.0 503.0 953.0 672.0 871.0 672.0 tennis-court 0
136.0 299.0 217.0 300.0 213.0 473.0 136.0 472.0 tennis-court 0
