imagesource:GoogleEarth
gsd:0.14275362573
1110.0 392.0 1110.0 402.0 1091.0 405.0 1088.0 393.0 small-vehicle 1
190.0 119.0 175.0 119.0 172.0 85.0 189.0 84.0 small-vehicle 0
245.0 115.0 228.0 115.0 228.0 82.0 246.0 83.0 small-vehicle 0
85.0 118.0 68.0 117.0 69.0 85.0 85.0 85.0 small-vehicle 0
61.0 117.0 45.0 118.0 46.0 82.0 61.0 80.0 small-vehicle 0
133.0 492.0 132.0 509.0 95.0 509.0 97.0 493.0 small-vehicle 0
138.0 739.0 138.0 756.0 100.0 754.0 101.0 739.0 small-vehicle 0
138.0 836.0 136.0 855.0 101.0 855.0 102.0 838.0 small-vehicle 0
137.0 854.0 135.0 871.0 101.0 872.0 100.0 856.0 small-vehicle 0
141.0 877.0 141.0 897.0 101.0 896.0 103.0 876.0 small-vehicle 0
141.0 933.0 139.0 952.0 103.0 952.0 105.0 933.0 small-vehicle 0
139.0 955.0 138.0 972.0 100.0 970.0 101.0 955.0 small-vehicle 0
54.0 980.0 63.0 967.0 90.0 988.0 81.0 1001.0 small-vehicle 0
12.0 975.0 12.0 957.0 48.0 955.0 47.0 973.0 small-vehicle 0
141.0 975.0 139.0 994.0 104.0 994.0 106.0 976.0 small-vehicle 0
100.0 1359.0 101.0 1343.0 136.0 1342.0 135.0 1358.0 small-vehicle 0
135.0 1427.0 135.0 1443.0 102.0 1444.0 102.0 1428.0 small-vehicle 0
138.0 1404.0 137.0 1421.0 105.0 1423.0 105.0 1406.0 small-vehicle 0
178.0 1469.0 194.0 1469.0 193.0 1503.0 176.0 1503.0 small-vehicle 0
195.0 83.0 211.0 82.0 212.0 116.0 195.0 118.0 small-vehicle 0
863.0 302.0 943.0 303.0 940.0 471.0 861.0 470.0 tennis-court 0
162.0 1471.0 179.0 1472.0 176.0 1501.0 160.0 1501.0 small-vehicle 1
736.0 300.0 814.0 301.0 813.0 470.0 732.0 469.0 tennis-court 0
439.0 309.0 518.0 308.0 516.0 477.0 437.0 476.0 tennis-court 0
607.0 300.0 686.0 300.0 685.0 468.0 605.0 467.0 tennis-court 0
179.0 584.0 259.0 584.0 258.0 754.0 179.0 751.0 tennis-court 0
309.0 586.0 387.0 586.0 387.0 753.0 307.0 753.0 tennis-court 0
437.0 586.0 516.0 588.0 513.0 754.0 434.0 756.0 tennis-court 0
609.0 578.0 686.0 579.0 685.0 745.0 606.0 746.0 tennis-court 0
167.0 1248.0 246.0 1248.0 244.0 1415.0 167.0 1413.0 tennis-court 0
290.0 1247.0 371.0 1248.0 370.0 1416.0 289.0 1416.0 tennis-court 0
421.0 1248.0 508.0 1249.0 507.0 1417.0 421.0 1416.0 tennis-court 0
178.0 863.0 256.0 864.0 255.0 1030.0 174.0 1031.0 tennis-court 0
304.0 864.0 384.0 864.0 383.0 1032.0 303.0 1029.0 tennis-court 0
434.0 863.0 513.0 866.0 511.0 1033.0 431.0 1032.0 tennis-court 0
603.0 855.0 684.0 855.0 683.0 1024.0 604.0 1022.0 tennis-court 0
732.0 856.0 812.0 857.0 810.0 1024.0 731.0 1024.0 tennis-court 0
860.0 857.0 940.0 857.0 938.0 1028.0 858.0 1026.0 tennis-court 0
735.0 579.0 814.0 579.0 813.0 748.0 733.0 746.0 tennis-court 0
864.0 579.0 944.0 580.0 942.0 748.0 862.0 748.0 tennis-court 0
242.0 1474.0 256.0 1474.0 253.0 1507.0 238.0 1508.0 small-vehicle 0
261.0 1470.0 276.0 1469.0 276.0 1503.0 261.0 1503.0 small-vehicle 0
200.0 1470.0 217.0 1470.0 214.0 1506.0 196.0 1506.0 small-vehicle 0
147.0 117.0 127.0 117.0 125.0 78.0 146.0 76.0 small-vehicle 0
102.0 1483.0 101.0 1465.0 139.0 1463.0 139.0 1481.0 small-vehicle 0
221.0 1470.0 237.0 1471.0 234.0 1507.0 217.0 1506.0 small-vehicle 0
709.0 175.0 709.0 167.0 730.0 165.0 730.0 173.0 small-vehicle 1
82.0 307.0 64.0 306.0 65.0 270.0 80.0 268.0 small-vehicle 1
16.0 430.0 17.0 417.0 47.0 415.0 49.0 432.0 small-vehicle 1
167.0 278.0 209.0 278.0 210.0 372.0 166.0 372.0 tennis-court 0
231.0 279.0 272.0 280.0 274.0 372.0 230.0 372.0 tennis-court 0
167.0 407.0 209.0 407.0 209.0 500.0 165.0 499.0 tennis-court 0
230.0 406.0 274.0 408.0 272.0 502.0 228.0 501.0 tennis-court 0
142.0 818.0 143.0 833.0 102.0 828.0 104.0 814.0 small-vehicle 1
136.0 1140.0 136.0 1152.0 106.0 1151.0 106.0 1140.0 small-vehicle 1
134.0 1243.0 134.0 1259.0 99.0 1253.0 100.0 1241.0 small-vehicle 1
35.0 1246.0 36.0 1258.0 4.0 1255.0 5.0 1244.0 small-vehicle 1
138.0 1284.0 139.0 1299.0 100.0 1296.0 100.0 1283.0 small-vehicle 1
45.0 1368.0 42.0 1382.0 9.0 1379.0 9.0 1366.0 small-vehicle 1
133.0 1447.0 132.0 1459.0 99.0 1459.0 100.0 1446.0 small-vehicle 1
36.0 1468.0 37.0 1480.0 5.0 1479.0 5.0 1467.0 small-vehicle 1
6.0 1323.0 6.0 1307.0 44.0 1305.0 44.0 1322.0 small-vehicle 0
7.0 1363.0 6.0 1345.0 45.0 1343.0 44.0 1362.0 small-vehicle 0
6.0 1401.0 5.0 1385.0 43.0 1385.0 42.0 1399.0 small-vehicle 0
11.0 889.0 11.0 870.0 49.0 869.0 49.0 886.0 small-vehicle 0
291.0 116.0 271.0 117.0 270.0 82.0 288.0 81.0 small-vehicle 0
24.0 312.0 3.0 313.0 4.0 277.0 25.0 276.0 small-vehicle 0
11.0 761.0 15.0 745.0 53.0 750.0 50.0 766.0 small-vehicle 0
140.0 758.0 138.0 777.0 100.0 776.0 102.0 759.0 small-vehicle 0
144.0 779.0 143.0 798.0 105.0 798.0 105.0 780.0 small-vehicle 0
50.0 786.0 49.0 804.0 15.0 804.0 17.0 788.0 small-vehicle 0
142.0 897.0 142.0 915.0 105.0 916.0 104.0 897.0 small-vehicle 0
137.0 995.0 136.0 1012.0 100.0 1011.0 100.0 995.0 small-vehicle 0
4.0 1424.0 5.0 1407.0 42.0 1407.0 40.0 1424.0 small-vehicle 0
139.0 1014.0 142.0 1035.0 109.0 1036.0 109.0 1016.0 small-vehicle 0
14.0 1016.0 13.0 1000.0 49.0 999.0 48.0 1018.0 small-vehicle 0
15.0 1036.0 16.0 1021.0 53.0 1021.0 51.0 1039.0 small-vehicle 0
93.0 1379.0 94.0 1361.0 135.0 1361.0 135.0 1380.0 small-vehicle 0
98.0 1401.0 96.0 1385.0 138.0 1384.0 136.0 1401.0 small-vehicle 0
4.0 1466.0 4.0 1447.0 42.0 1449.0 39.0 1466.0 small-vehicle 0
5.0 1441.0 5.0 1427.0 43.0 1427.0 42.0 1443.0 small-vehicle 0
311.0 308.0 390.0 308.0 389.0 476.0 311.0 476.0 tennis-court 0
