imagesource:GoogleEarth
gsd:0.139405284519
160.0 45.0 179.0 46.0 176.0 84.0 158.0 83.0 small-vehicle 0
139.0 47.0 156.0 47.0 155.0 79.0 137.0 79.0 small-vehicle 0
119.0 46.0 140.0 45.0 136.0 79.0 118.0 78.0 small-vehicle 0
81.0 46.0 98.0 46.0 99.0 81.0 80.0 81.0 small-vehicle 0
60.0 46.0 78.0 47.0 76.0 81.0 57.0 81.0 small-vehicle 0
101.0 44.0 119.0 44.0 117.0 79.0 100.0 79.0 small-vehicle 0
356.0 276.0 438.0 280.0 432.0 452.0 351.0 448.0 tennis-court 0
480.0 280.0 562.0 283.0 555.0 453.0 472.0 452.0 tennis-court 0
624.0 287.0 704.0 289.0 699.0 460.0 617.0 457.0 tennis-court 0
746.0 289.0 826.0 289.0 820.0 461.0 741.0 460.0 tennis-court 0
739.0 566.0 818.0 569.0 815.0 740.0 733.0 739.0 tennis-court 0
616.0 565.0 697.0 566.0 693.0 739.0 611.0 736.0 tennis-court 0
471.0 560.0 552.0 562.0 549.0 736.0 468.0 734.0 tennis-court 0
349.0 557.0 429.0 559.0 426.0 731.0 345.0 730.0 tennis-court 0
