imagesource:GoogleEarth
gsd:0.140296531403
497.0 409.0 497.0 426.0 468.0 424.0 467.0 408.0 small-vehicle 0
835.0 1092.0 914.0 1094.0 914.0 1264.0 832.0 1265.0 tennis-court 0
730.0 1093.0 809.0 1093.0 808.0 1264.0 730.0 1263.0 tennis-court 0
838.0 825.0 919.0 827.0 916.0 997.0 836.0 996.0 tennis-court 0
732.0 822.0 815.0 823.0 810.0 994.0 730.0 993.0 tennis-court 0
839.0 547.0 919.0 548.0 918.0 719.0 836.0 718.0 tennis-court 0
709.0 545.0 790.0 547.0 788.0 717.0 707.0 716.0 tennis-court 0
589.0 543.0 669.0 543.0 666.0 714.0 586.0 714.0 tennis-court 0
468.0 543.0 546.0 543.0 544.0 711.0 466.0 714.0 tennis-court 0
345.0 540.0 426.0 541.0 421.0 711.0 343.0 710.0 tennis-court 0
216.0 536.0 297.0 538.0 294.0 709.0 215.0 709.0 tennis-court 0
