imagesource:GoogleEarth
gsd:0.273151050279
1106.0 1194.0 1111.0 1185.0 1132.0 1197.0 1129.0 1206.0 large-vehicle 1
1006.0 898.0 1012.0 893.0 1025.0 906.0 1018.0 911.0 small-vehicle 1
218.0 505.0 224.0 510.0 216.0 526.0 208.0 520.0 small-vehicle 1
230.0 504.0 238.0 509.0 228.0 523.0 221.0 521.0 small-vehicle 1
240.0 505.0 247.0 509.0 241.0 523.0 233.0 519.0 small-vehicle 1
250.0 505.0 258.0 509.0 250.0 525.0 243.0 521.0 small-vehicle 1
260.0 508.0 268.0 512.0 258.0 527.0 252.0 523.0 small-vehicle 1
272.0 508.0 279.0 513.0 272.0 527.0 264.0 521.0 small-vehicle 1
282.0 512.0 289.0 515.0 283.0 529.0 275.0 525.0 small-vehicle 1
293.0 510.0 301.0 515.0 292.0 530.0 285.0 527.0 small-vehicle 1
308.0 505.0 317.0 511.0 308.0 529.0 300.0 526.0 small-vehicle 1
283.0 509.0 276.0 506.0 283.0 490.0 291.0 494.0 small-vehicle 0
304.0 512.0 297.0 508.0 305.0 490.0 314.0 494.0 small-vehicle 0
229.0 487.0 236.0 491.0 227.0 507.0 220.0 504.0 small-vehicle 0
206.0 523.0 200.0 519.0 208.0 501.0 216.0 504.0 small-vehicle 0
223.0 559.0 216.0 561.0 205.0 543.0 211.0 539.0 small-vehicle 1
236.0 559.0 230.0 563.0 219.0 546.0 224.0 541.0 small-vehicle 0
247.0 559.0 241.0 561.0 229.0 546.0 235.0 542.0 small-vehicle 0
260.0 558.0 253.0 562.0 240.0 545.0 247.0 540.0 small-vehicle 1
293.0 558.0 286.0 561.0 277.0 549.0 283.0 543.0 small-vehicle 1
304.0 556.0 295.0 560.0 287.0 543.0 294.0 541.0 small-vehicle 1
326.0 560.0 318.0 563.0 307.0 545.0 314.0 542.0 small-vehicle 0
192.0 562.0 191.0 568.0 175.0 568.0 174.0 560.0 small-vehicle 1
270.0 509.0 262.0 505.0 270.0 491.0 277.0 496.0 small-vehicle 1
261.0 505.0 254.0 502.0 261.0 488.0 269.0 491.0 small-vehicle 1
209.0 502.0 198.0 498.0 209.0 479.0 216.0 484.0 small-vehicle 1
166.0 1019.0 168.0 1010.0 184.0 1012.0 182.0 1022.0 small-vehicle 1
185.0 1075.0 186.0 1068.0 204.0 1072.0 203.0 1081.0 small-vehicle 1
188.0 1065.0 189.0 1058.0 207.0 1061.0 206.0 1068.0 small-vehicle 1
187.0 1056.0 189.0 1047.0 207.0 1052.0 204.0 1059.0 small-vehicle 1
185.0 1045.0 189.0 1037.0 208.0 1043.0 204.0 1050.0 small-vehicle 0
159.0 1086.0 161.0 1078.0 181.0 1081.0 177.0 1088.0 small-vehicle 0
161.0 1076.0 161.0 1066.0 179.0 1069.0 178.0 1076.0 small-vehicle 1
164.0 1064.0 164.0 1057.0 179.0 1058.0 179.0 1065.0 small-vehicle 0
165.0 1042.0 166.0 1033.0 184.0 1037.0 181.0 1045.0 small-vehicle 1
164.0 1031.0 164.0 1022.0 183.0 1025.0 183.0 1034.0 small-vehicle 1
99.0 1089.0 101.0 1079.0 121.0 1083.0 120.0 1093.0 small-vehicle 0
219.0 503.0 210.0 499.0 218.0 485.0 225.0 490.0 small-vehicle 1
102.0 1078.0 104.0 1070.0 123.0 1072.0 122.0 1080.0 small-vehicle 0
105.0 1067.0 105.0 1058.0 124.0 1061.0 123.0 1070.0 small-vehicle 0
108.0 1056.0 107.0 1046.0 130.0 1049.0 128.0 1057.0 small-vehicle 0
109.0 1044.0 110.0 1035.0 131.0 1039.0 129.0 1047.0 small-vehicle 0
111.0 1031.0 114.0 1022.0 133.0 1026.0 131.0 1036.0 small-vehicle 0
116.0 999.0 118.0 988.0 139.0 993.0 138.0 1004.0 small-vehicle 0
294.0 491.0 301.0 496.0 293.0 511.0 285.0 508.0 small-vehicle 1
251.0 488.0 259.0 492.0 249.0 507.0 244.0 504.0 small-vehicle 1
237.0 508.0 232.0 503.0 242.0 484.0 248.0 490.0 small-vehicle 1
195.0 571.0 196.0 579.0 176.0 581.0 175.0 572.0 small-vehicle 1
196.0 583.0 196.0 591.0 175.0 590.0 173.0 580.0 small-vehicle 0
122.0 515.0 123.0 505.0 140.0 506.0 141.0 516.0 small-vehicle 1
317.0 582.0 315.0 623.0 287.0 621.0 288.0 582.0 plane 0
1097.0 1121.0 1074.0 1095.0 1094.0 1078.0 1116.0 1103.0 plane 0
1073.0 1040.0 1099.0 1067.0 1081.0 1087.0 1052.0 1061.0 plane 0
1039.0 1006.0 1063.0 1034.0 1046.0 1051.0 1019.0 1023.0 plane 0
1030.0 1059.0 1000.0 1089.0 978.0 1065.0 1009.0 1035.0 plane 0
938.0 1018.0 977.0 1054.0 943.0 1093.0 904.0 1056.0 plane 0
895.0 1062.0 864.0 1092.0 846.0 1066.0 877.0 1040.0 plane 0
222.0 721.0 224.0 765.0 198.0 767.0 194.0 723.0 plane 0
223.0 680.0 220.0 720.0 197.0 719.0 199.0 680.0 plane 0
241.0 591.0 216.0 617.0 199.0 599.0 226.0 573.0 plane 0
390.0 487.0 432.0 488.0 433.0 520.0 391.0 520.0 plane 0
1158.0 1122.0 1192.0 1171.0 1149.0 1201.0 1114.0 1155.0 plane 0
440.0 490.0 482.0 490.0 482.0 518.0 439.0 517.0 plane 0
496.0 383.0 447.0 383.0 446.0 342.0 494.0 342.0 plane 0
439.0 387.0 403.0 382.0 406.0 354.0 442.0 358.0 plane 0
443.0 227.0 476.0 229.0 473.0 256.0 441.0 256.0 plane 0
397.0 226.0 434.0 226.0 434.0 254.0 397.0 255.0 plane 0
353.0 225.0 391.0 227.0 391.0 255.0 353.0 254.0 plane 0
302.0 223.0 343.0 223.0 343.0 253.0 301.0 254.0 plane 0
275.0 278.0 236.0 277.0 237.0 245.0 277.0 247.0 plane 0
250.0 187.0 268.0 229.0 243.0 241.0 222.0 200.0 plane 0
1123.0 1094.0 1153.0 1124.0 1135.0 1144.0 1104.0 1117.0 plane 0
1162.0 1032.0 1131.0 1000.0 1151.0 979.0 1182.0 1010.0 plane 0
125.0 526.0 126.0 518.0 144.0 518.0 143.0 525.0 small-vehicle 1
430.0 722.0 459.0 695.0 475.0 714.0 446.0 742.0 plane 0
127.0 538.0 126.0 529.0 142.0 528.0 143.0 538.0 small-vehicle 1
125.0 557.0 125.0 547.0 141.0 548.0 141.0 556.0 small-vehicle 0
1028.0 831.0 1036.0 868.0 1014.0 878.0 1004.0 843.0 plane 0
1067.0 764.0 1092.0 792.0 1075.0 812.0 1047.0 784.0 plane 0
1029.0 721.0 1057.0 749.0 1036.0 769.0 1008.0 741.0 plane 0
991.0 676.0 1017.0 707.0 1000.0 726.0 970.0 698.0 plane 0
925.0 702.0 907.0 662.0 929.0 651.0 950.0 688.0 plane 0
900.0 667.0 868.0 632.0 894.0 609.0 924.0 643.0 plane 0
628.0 503.0 671.0 465.0 702.0 506.0 659.0 543.0 plane 0
314.0 632.0 311.0 671.0 286.0 668.0 288.0 631.0 plane 0
1157.0 942.0 1184.0 972.0 1164.0 992.0 1134.0 961.0 plane 0
1344.0 1200.0 1317.0 1166.0 1341.0 1144.0 1368.0 1180.0 plane 0
1455.0 1157.0 1426.0 1124.0 1448.0 1104.0 1477.0 1134.0 plane 0
1488.0 1195.0 1463.0 1161.0 1484.0 1142.0 1511.0 1174.0 plane 0
1628.0 1341.0 1601.0 1308.0 1625.0 1288.0 1652.0 1321.0 plane 0
1412.0 1271.0 1383.0 1238.0 1406.0 1216.0 1437.0 1247.0 plane 0
1286.0 1327.0 1259.0 1297.0 1279.0 1280.0 1306.0 1308.0 plane 0
1256.0 1289.0 1229.0 1259.0 1248.0 1241.0 1276.0 1270.0 plane 0
967.0 1236.0 986.0 1204.0 1011.0 1222.0 990.0 1255.0 plane 0
1190.0 976.0 1216.0 1005.0 1197.0 1026.0 1170.0 997.0 plane 0
180.0 1098.0 181.0 1090.0 200.0 1092.0 197.0 1099.0 small-vehicle 1
174.0 1117.0 176.0 1109.0 197.0 1114.0 191.0 1121.0 small-vehicle 0
151.0 1128.0 153.0 1118.0 171.0 1121.0 171.0 1131.0 small-vehicle 0
67.0 1411.0 65.0 1421.0 47.0 1418.0 47.0 1409.0 large-vehicle 0
1008.0 1098.0 1016.0 1092.0 1027.0 1106.0 1021.0 1112.0 small-vehicle 0
932.0 1105.0 924.0 1109.0 912.0 1096.0 918.0 1090.0 small-vehicle 1
831.0 1120.0 826.0 1114.0 838.0 1104.0 842.0 1108.0 small-vehicle 0
614.0 548.0 622.0 540.0 641.0 558.0 631.0 567.0 large-vehicle 0
600.0 560.0 609.0 553.0 627.0 576.0 617.0 583.0 large-vehicle 0
584.0 575.0 594.0 568.0 610.0 588.0 600.0 596.0 large-vehicle 0
568.0 592.0 577.0 585.0 593.0 602.0 583.0 608.0 small-vehicle 0
40.0 1472.0 40.0 1464.0 58.0 1464.0 57.0 1472.0 small-vehicle 0
45.0 1428.0 46.0 1420.0 66.0 1424.0 64.0 1432.0 large-vehicle 0
47.0 1407.0 50.0 1398.0 70.0 1401.0 68.0 1409.0 small-vehicle 0
1052.0 1123.0 1060.0 1117.0 1070.0 1131.0 1064.0 1134.0 small-vehicle 1
138.0 1312.0 139.0 1304.0 156.0 1307.0 156.0 1315.0 small-vehicle 1
137.0 1324.0 139.0 1315.0 156.0 1318.0 156.0 1325.0 small-vehicle 0
138.0 1336.0 140.0 1327.0 159.0 1330.0 157.0 1337.0 small-vehicle 0
119.0 1344.0 119.0 1337.0 137.0 1337.0 138.0 1345.0 small-vehicle 1
119.0 1332.0 120.0 1324.0 138.0 1327.0 136.0 1335.0 small-vehicle 0
119.0 1320.0 121.0 1312.0 135.0 1315.0 134.0 1322.0 small-vehicle 1
120.0 1308.0 121.0 1301.0 138.0 1304.0 137.0 1312.0 small-vehicle 1
58.0 1365.0 59.0 1356.0 81.0 1357.0 80.0 1366.0 small-vehicle 1
58.0 1355.0 58.0 1347.0 80.0 1348.0 80.0 1356.0 small-vehicle 1
1034.0 1085.0 1039.0 1079.0 1053.0 1094.0 1047.0 1098.0 small-vehicle 0
1053.0 1155.0 1060.0 1150.0 1071.0 1162.0 1065.0 1167.0 small-vehicle 0
65.0 1322.0 66.0 1313.0 88.0 1316.0 86.0 1324.0 small-vehicle 0
1195.0 1578.0 1202.0 1578.0 1203.0 1595.0 1197.0 1595.0 small-vehicle 1
1266.0 921.0 1272.0 925.0 1259.0 940.0 1254.0 933.0 small-vehicle 1
1010.0 1525.0 1010.0 1532.0 992.0 1532.0 991.0 1525.0 small-vehicle 1
1158.0 1313.0 1163.0 1318.0 1150.0 1330.0 1147.0 1325.0 small-vehicle 1
1151.0 1305.0 1155.0 1310.0 1145.0 1320.0 1140.0 1315.0 small-vehicle 1
121.0 198.0 113.0 204.0 72.0 161.0 79.0 153.0 large-vehicle 1
1520.0 1597.0 1527.0 1593.0 1540.0 1608.0 1534.0 1613.0 small-vehicle 0
1393.0 1547.0 1398.0 1542.0 1411.0 1555.0 1404.0 1561.0 small-vehicle 1
1216.0 1589.0 1223.0 1592.0 1224.0 1607.0 1216.0 1608.0 small-vehicle 1
1206.0 1584.0 1212.0 1584.0 1214.0 1599.0 1207.0 1600.0 small-vehicle 1
1184.0 1577.0 1192.0 1578.0 1191.0 1593.0 1184.0 1593.0 small-vehicle 1
908.0 1403.0 901.0 1404.0 900.0 1386.0 908.0 1385.0 small-vehicle 0
1167.0 1590.0 1174.0 1585.0 1184.0 1598.0 1179.0 1602.0 small-vehicle 1
1154.0 1611.0 1154.0 1603.0 1174.0 1605.0 1175.0 1611.0 small-vehicle 1
993.0 1593.0 983.0 1596.0 977.0 1575.0 986.0 1573.0 small-vehicle 1
900.0 1340.0 910.0 1340.0 909.0 1357.0 902.0 1359.0 small-vehicle 1
940.0 1339.0 949.0 1340.0 950.0 1356.0 941.0 1358.0 small-vehicle 1
999.0 1342.0 1009.0 1342.0 1011.0 1358.0 1001.0 1358.0 small-vehicle 1
1016.0 1412.0 1007.0 1411.0 1007.0 1393.0 1015.0 1394.0 small-vehicle 0
973.0 1389.0 981.0 1389.0 980.0 1408.0 972.0 1407.0 small-vehicle 0
952.0 1386.0 961.0 1386.0 959.0 1407.0 952.0 1407.0 small-vehicle 0
60.0 1343.0 62.0 1335.0 83.0 1340.0 81.0 1346.0 small-vehicle 0
69.0 1292.0 71.0 1283.0 95.0 1286.0 92.0 1295.0 small-vehicle 0
150.0 1138.0 152.0 1131.0 168.0 1133.0 168.0 1141.0 small-vehicle 1
93.0 1154.0 93.0 1146.0 107.0 1149.0 107.0 1156.0 small-vehicle 1
35.0 1283.0 28.0 1282.0 30.0 1259.0 37.0 1260.0 large-vehicle 0
143.0 1203.0 145.0 1195.0 162.0 1196.0 164.0 1204.0 small-vehicle 1
165.0 1192.0 167.0 1184.0 183.0 1188.0 182.0 1195.0 small-vehicle 1
145.0 1191.0 146.0 1183.0 164.0 1185.0 161.0 1192.0 small-vehicle 1
147.0 1180.0 148.0 1173.0 164.0 1175.0 164.0 1181.0 small-vehicle 1
84.0 1194.0 84.0 1187.0 104.0 1189.0 104.0 1197.0 small-vehicle 1
87.0 1184.0 88.0 1175.0 107.0 1179.0 104.0 1187.0 small-vehicle 1
88.0 1173.0 89.0 1165.0 107.0 1169.0 105.0 1177.0 small-vehicle 1
90.0 1164.0 91.0 1156.0 109.0 1159.0 106.0 1166.0 small-vehicle 1
94.0 1144.0 95.0 1136.0 113.0 1140.0 111.0 1147.0 small-vehicle 1
72.0 1269.0 72.0 1260.0 96.0 1260.0 93.0 1271.0 small-vehicle 0
95.0 1134.0 95.0 1126.0 113.0 1130.0 110.0 1137.0 small-vehicle 1
96.0 1124.0 96.0 1115.0 114.0 1118.0 112.0 1127.0 small-vehicle 1
227.0 1183.0 229.0 1174.0 243.0 1176.0 241.0 1184.0 small-vehicle 1
225.0 1194.0 225.0 1185.0 242.0 1186.0 242.0 1194.0 small-vehicle 0
226.0 1163.0 228.0 1155.0 245.0 1158.0 243.0 1166.0 small-vehicle 0
166.0 1173.0 169.0 1163.0 187.0 1167.0 187.0 1175.0 small-vehicle 0
171.0 1147.0 174.0 1140.0 190.0 1144.0 187.0 1152.0 small-vehicle 0
147.0 1156.0 149.0 1150.0 167.0 1153.0 163.0 1160.0 small-vehicle 0
150.0 1148.0 151.0 1141.0 169.0 1145.0 168.0 1151.0 small-vehicle 1
78.0 1237.0 81.0 1226.0 101.0 1229.0 99.0 1239.0 small-vehicle 0
125.0 1233.0 126.0 1225.0 145.0 1226.0 143.0 1236.0 small-vehicle 0
71.0 1280.0 71.0 1272.0 95.0 1273.0 95.0 1283.0 small-vehicle 0
141.0 1301.0 142.0 1295.0 162.0 1299.0 158.0 1304.0 small-vehicle 0
223.0 1323.0 223.0 1316.0 240.0 1316.0 239.0 1323.0 small-vehicle 0
221.0 1310.0 223.0 1302.0 239.0 1303.0 238.0 1311.0 small-vehicle 1
224.0 1299.0 224.0 1293.0 239.0 1293.0 239.0 1299.0 small-vehicle 0
221.0 1289.0 222.0 1280.0 241.0 1283.0 240.0 1291.0 small-vehicle 1
224.0 1278.0 224.0 1271.0 240.0 1271.0 242.0 1279.0 small-vehicle 1
222.0 1265.0 222.0 1257.0 243.0 1260.0 239.0 1268.0 small-vehicle 0
221.0 1255.0 221.0 1245.0 243.0 1247.0 241.0 1257.0 small-vehicle 0
222.0 1242.0 221.0 1235.0 240.0 1236.0 241.0 1244.0 small-vehicle 1
219.0 1233.0 219.0 1224.0 243.0 1226.0 241.0 1235.0 small-vehicle 0
140.0 1291.0 143.0 1283.0 162.0 1287.0 159.0 1294.0 small-vehicle 0
125.0 1243.0 126.0 1236.0 143.0 1238.0 141.0 1246.0 small-vehicle 0
143.0 1280.0 144.0 1274.0 161.0 1276.0 159.0 1282.0 small-vehicle 0
142.0 1271.0 143.0 1263.0 159.0 1263.0 159.0 1271.0 small-vehicle 1
143.0 1260.0 144.0 1253.0 161.0 1254.0 160.0 1261.0 small-vehicle 1
145.0 1249.0 145.0 1240.0 163.0 1242.0 161.0 1251.0 small-vehicle 1
145.0 1236.0 148.0 1227.0 165.0 1231.0 163.0 1239.0 small-vehicle 0
121.0 1286.0 123.0 1279.0 141.0 1282.0 138.0 1289.0 small-vehicle 0
120.0 1275.0 121.0 1268.0 138.0 1267.0 139.0 1275.0 small-vehicle 1
123.0 1265.0 122.0 1258.0 139.0 1258.0 140.0 1265.0 small-vehicle 1
124.0 1255.0 123.0 1246.0 141.0 1249.0 141.0 1256.0 small-vehicle 0
368.0 162.0 330.0 159.0 331.0 129.0 370.0 131.0 plane 0
