imagesource:GoogleEarth
gsd:0.256377352253
1091.0 64.0 1081.0 60.0 1090.0 36.0 1099.0 40.0 large-vehicle 1
938.0 888.0 976.0 723.0 1142.0 766.0 1115.0 928.0 plane 0
658.0 451.0 687.0 408.0 756.0 456.0 728.0 501.0 plane 0
712.0 578.0 738.0 467.0 823.0 484.0 795.0 600.0 plane 0
795.0 514.0 831.0 382.0 930.0 408.0 899.0 548.0 plane 0
636.0 700.0 690.0 582.0 774.0 618.0 722.0 741.0 plane 0
564.0 833.0 616.0 711.0 708.0 754.0 664.0 877.0 plane 0
621.0 972.0 669.0 835.0 800.0 884.0 747.0 1028.0 plane 0
943.0 1111.0 996.0 1050.0 1041.0 1088.0 987.0 1152.0 plane 0
979.0 1068.0 1077.0 821.0 1376.0 948.0 1280.0 1198.0 plane 0
485.0 652.0 552.0 505.0 659.0 559.0 594.0 706.0 plane 0
836.0 962.0 879.0 795.0 1015.0 837.0 967.0 1009.0 plane 0
708.0 851.0 773.0 655.0 911.0 702.0 855.0 905.0 plane 0
766.0 695.0 825.0 491.0 995.0 541.0 943.0 755.0 plane 0
538.0 490.0 570.0 380.0 706.0 421.0 676.0 533.0 plane 0
626.0 361.0 646.0 318.0 709.0 347.0 691.0 391.0 plane 0
773.0 418.0 800.0 288.0 889.0 307.0 860.0 438.0 plane 0
683.0 182.0 569.0 351.0 430.0 242.0 557.0 86.0 plane 0
601.0 564.0 631.0 487.0 689.0 508.0 664.0 586.0 plane 0
584.0 712.0 607.0 676.0 636.0 692.0 615.0 731.0 plane 0
1315.0 419.0 1271.0 439.0 1247.0 393.0 1297.0 370.0 plane 1
222.0 1375.0 228.0 1383.0 210.0 1393.0 205.0 1384.0 small-vehicle 1
723.0 1056.0 727.0 1071.0 678.0 1083.0 675.0 1070.0 large-vehicle 1
1027.0 180.0 1022.0 173.0 1045.0 162.0 1049.0 170.0 small-vehicle 1
1103.0 278.0 1096.0 273.0 1108.0 255.0 1115.0 261.0 small-vehicle 1
1015.0 252.0 1006.0 251.0 1010.0 232.0 1017.0 234.0 small-vehicle 1
973.0 237.0 969.0 231.0 989.0 221.0 992.0 230.0 small-vehicle 1
1136.0 672.0 1143.0 666.0 1155.0 678.0 1149.0 685.0 small-vehicle 1
1125.0 679.0 1130.0 674.0 1144.0 687.0 1137.0 692.0 small-vehicle 1
335.0 1380.0 328.0 1387.0 307.0 1370.0 313.0 1358.0 large-vehicle 0
531.0 695.0 560.0 646.0 594.0 666.0 564.0 716.0 plane 0
827.0 1269.0 835.0 1263.0 850.0 1278.0 843.0 1286.0 small-vehicle 0
889.0 1243.0 894.0 1236.0 914.0 1250.0 908.0 1259.0 small-vehicle 0
846.0 93.0 851.0 103.0 833.0 115.0 826.0 108.0 small-vehicle 0
219.0 615.0 192.0 551.0 253.0 522.0 283.0 584.0 plane 0
258.0 698.0 236.0 632.0 301.0 607.0 326.0 671.0 plane 0
558.0 207.0 500.0 411.0 309.0 348.0 368.0 155.0 plane 0
538.0 448.0 507.0 515.0 461.0 492.0 490.0 428.0 plane 0
782.0 292.0 662.0 266.0 696.0 123.0 814.0 147.0 plane 0
