imagesource:GoogleEarth
gsd:0.121269601993
1090.0 71.0 1089.0 87.0 1046.0 84.0 1046.0 68.0 small-vehicle 1
366.0 604.0 458.0 595.0 477.0 792.0 385.0 801.0 tennis-court 0
487.0 592.0 577.0 583.0 597.0 778.0 505.0 788.0 tennis-court 0
606.0 581.0 698.0 572.0 716.0 768.0 626.0 777.0 tennis-court 0
764.0 566.0 857.0 555.0 876.0 752.0 784.0 762.0 tennis-court 0
885.0 554.0 978.0 544.0 997.0 742.0 906.0 751.0 tennis-court 0
1006.0 541.0 1099.0 531.0 1119.0 730.0 1026.0 738.0 tennis-court 0
977.0 240.0 1068.0 231.0 1088.0 428.0 998.0 436.0 tennis-court 0
856.0 252.0 949.0 243.0 968.0 440.0 876.0 450.0 tennis-court 0
736.0 266.0 827.0 256.0 847.0 450.0 755.0 461.0 tennis-court 0
576.0 279.0 668.0 270.0 687.0 468.0 595.0 478.0 tennis-court 0
458.0 292.0 547.0 282.0 566.0 481.0 474.0 489.0 tennis-court 0
335.0 304.0 428.0 293.0 447.0 490.0 356.0 500.0 tennis-court 0
