imagesource:GoogleEarth
gsd:0.127018942036
503.0 38.0 515.0 37.0 521.0 72.0 508.0 74.0 small-vehicle 1
628.0 44.0 615.0 46.0 608.0 11.0 621.0 8.0 small-vehicle 1
315.0 223.0 402.0 209.0 430.0 398.0 343.0 409.0 tennis-court 0
431.0 207.0 517.0 193.0 546.0 380.0 458.0 393.0 tennis-court 0
550.0 188.0 637.0 176.0 664.0 362.0 577.0 376.0 tennis-court 0
537.0 518.0 624.0 505.0 654.0 693.0 565.0 705.0 tennis-court 0
423.0 537.0 510.0 524.0 538.0 710.0 451.0 724.0 tennis-court 0
310.0 553.0 398.0 540.0 425.0 728.0 338.0 740.0 tennis-court 0
195.0 570.0 282.0 558.0 309.0 744.0 222.0 756.0 tennis-court 0
315.0 67.0 334.0 65.0 338.0 106.0 321.0 108.0 small-vehicle 0
335.0 68.0 354.0 66.0 358.0 104.0 340.0 105.0 small-vehicle 0
399.0 102.0 381.0 104.0 377.0 68.0 395.0 65.0 small-vehicle 0
481.0 86.0 462.0 88.0 457.0 48.0 476.0 44.0 small-vehicle 0
272.0 81.0 289.0 76.0 294.0 109.0 279.0 112.0 small-vehicle 0
357.0 68.0 374.0 67.0 377.0 100.0 360.0 100.0 small-vehicle 0
419.0 97.0 400.0 100.0 395.0 58.0 412.0 54.0 small-vehicle 0
439.0 91.0 424.0 94.0 416.0 54.0 432.0 52.0 small-vehicle 0
437.0 51.0 453.0 49.0 458.0 88.0 442.0 89.0 small-vehicle 0
501.0 76.0 483.0 79.0 477.0 39.0 495.0 36.0 small-vehicle 0
651.0 40.0 634.0 42.0 628.0 5.0 645.0 2.0 small-vehicle 0
174.0 19.0 172.0 35.0 137.0 37.0 133.0 21.0 large-vehicle 0
182.0 240.0 268.0 228.0 294.0 416.0 208.0 428.0 tennis-court 0
