imagesource:GoogleEarth
gsd:0.140026220551
81.0 459.0 185.0 446.0 203.0 606.0 97.0 617.0 basketball-court 0
366.0 903.0 446.0 895.0 463.0 1065.0 383.0 1075.0 tennis-court 0
264.0 914.0 341.0 905.0 357.0 1075.0 279.0 1082.0 tennis-court 0
159.0 922.0 237.0 915.0 255.0 1085.0 175.0 1093.0 tennis-court 0
134.0 662.0 213.0 655.0 230.0 825.0 150.0 832.0 tennis-court 0
238.0 654.0 317.0 647.0 333.0 816.0 253.0 822.0 tennis-court 0
340.0 643.0 421.0 634.0 437.0 805.0 357.0 814.0 tennis-court 0
316.0 383.0 396.0 376.0 412.0 545.0 332.0 554.0 tennis-court 0
212.0 394.0 290.0 385.0 308.0 555.0 228.0 564.0 tennis-court 0
375.0 266.0 0.0 291.0 0.0 1.0 352.0 3.0 soccer-ball-field 1
