imagesource:GoogleEarth
gsd:0.268892846487
746.0 803.0 744.0 795.0 760.0 792.0 761.0 799.0 small-vehicle 1
657.0 1306.0 631.0 1284.0 648.0 1264.0 673.0 1287.0 plane 0
571.0 428.0 566.0 433.0 553.0 417.0 560.0 411.0 small-vehicle 0
164.0 799.0 144.0 768.0 166.0 754.0 186.0 785.0 plane 0
194.0 749.0 221.0 726.0 235.0 748.0 208.0 770.0 plane 0
225.0 722.0 252.0 695.0 273.0 719.0 246.0 746.0 plane 0
730.0 845.0 690.0 856.0 684.0 830.0 723.0 819.0 plane 0
636.0 881.0 597.0 893.0 590.0 866.0 628.0 854.0 plane 0
662.0 924.0 694.0 912.0 701.0 940.0 672.0 951.0 plane 0
695.0 977.0 654.0 990.0 648.0 963.0 688.0 952.0 plane 0
774.0 1206.0 770.0 1167.0 794.0 1165.0 798.0 1205.0 plane 0
749.0 1370.0 710.0 1350.0 723.0 1326.0 761.0 1346.0 plane 0
705.0 1340.0 665.0 1316.0 679.0 1293.0 718.0 1317.0 plane 0
621.0 1278.0 586.0 1254.0 602.0 1232.0 637.0 1255.0 plane 0
661.0 556.0 655.0 550.0 668.0 541.0 673.0 546.0 small-vehicle 1
580.0 1247.0 546.0 1227.0 559.0 1203.0 595.0 1222.0 plane 0
386.0 1082.0 361.0 1048.0 384.0 1031.0 410.0 1065.0 plane 0
324.0 1003.0 298.0 969.0 320.0 953.0 346.0 987.0 plane 0
293.0 960.0 270.0 933.0 290.0 916.0 314.0 946.0 plane 0
478.0 383.0 440.0 361.0 453.0 340.0 490.0 359.0 plane 0
421.0 359.0 386.0 380.0 374.0 358.0 407.0 338.0 plane 0
374.0 395.0 376.0 435.0 348.0 436.0 347.0 394.0 plane 0
364.0 454.0 336.0 483.0 314.0 460.0 341.0 432.0 plane 0
356.0 525.0 320.0 551.0 302.0 526.0 337.0 501.0 plane 0
362.0 605.0 393.0 581.0 411.0 607.0 378.0 629.0 plane 0
332.0 639.0 359.0 615.0 377.0 633.0 350.0 659.0 plane 0
668.0 565.0 662.0 559.0 675.0 548.0 681.0 552.0 small-vehicle 0
655.0 548.0 650.0 541.0 666.0 531.0 671.0 539.0 small-vehicle 1
579.0 745.0 585.0 752.0 567.0 766.0 560.0 758.0 small-vehicle 1
832.0 1358.0 841.0 1358.0 842.0 1377.0 832.0 1377.0 small-vehicle 0
930.0 1126.0 925.0 1132.0 914.0 1123.0 920.0 1116.0 small-vehicle 1
379.0 912.0 371.0 917.0 360.0 903.0 367.0 897.0 small-vehicle 1
361.0 924.0 355.0 929.0 344.0 917.0 351.0 910.0 small-vehicle 1
933.0 1142.0 927.0 1148.0 911.0 1136.0 916.0 1128.0 small-vehicle 1
955.0 1108.0 950.0 1111.0 935.0 1101.0 939.0 1094.0 small-vehicle 0
964.0 987.0 956.0 988.0 949.0 968.0 958.0 965.0 small-vehicle 0
984.0 836.0 981.0 829.0 998.0 822.0 1002.0 828.0 small-vehicle 1
977.0 823.0 975.0 816.0 994.0 813.0 996.0 820.0 small-vehicle 1
807.0 860.0 801.0 851.0 819.0 845.0 825.0 853.0 small-vehicle 1
796.0 834.0 792.0 825.0 812.0 817.0 815.0 824.0 small-vehicle 0
790.0 813.0 787.0 805.0 803.0 799.0 807.0 807.0 small-vehicle 1
776.0 1386.0 776.0 1378.0 789.0 1378.0 790.0 1388.0 small-vehicle 1
649.0 539.0 644.0 532.0 659.0 521.0 665.0 529.0 small-vehicle 1
790.0 1387.0 791.0 1379.0 808.0 1380.0 808.0 1387.0 small-vehicle 0
767.0 1353.0 776.0 1352.0 779.0 1374.0 770.0 1377.0 small-vehicle 0
509.0 1063.0 510.0 1053.0 528.0 1052.0 528.0 1061.0 small-vehicle 0
529.0 798.0 521.0 793.0 538.0 776.0 546.0 783.0 small-vehicle 1
469.0 828.0 465.0 822.0 479.0 811.0 485.0 817.0 small-vehicle 0
459.0 813.0 453.0 807.0 469.0 795.0 474.0 801.0 small-vehicle 1
428.0 809.0 422.0 803.0 438.0 791.0 441.0 799.0 small-vehicle 0
403.0 777.0 397.0 770.0 414.0 759.0 420.0 766.0 small-vehicle 0
385.0 754.0 379.0 747.0 394.0 737.0 400.0 742.0 small-vehicle 0
389.0 725.0 381.0 718.0 398.0 706.0 402.0 712.0 small-vehicle 0
629.0 585.0 624.0 579.0 642.0 567.0 647.0 575.0 small-vehicle 1
317.0 566.0 288.0 591.0 268.0 569.0 297.0 546.0 plane 0
