imagesource:GoogleEarth
gsd:0.133624424435
26.0 661.0 41.0 638.0 100.0 680.0 87.0 702.0 large-vehicle 0
281.0 419.0 269.0 433.0 209.0 399.0 221.0 378.0 large-vehicle 0
199.0 448.0 210.0 432.0 267.0 469.0 253.0 489.0 large-vehicle 0
251.0 550.0 237.0 564.0 185.0 533.0 195.0 517.0 large-vehicle 0
300.0 545.0 288.0 561.0 226.0 526.0 234.0 507.0 large-vehicle 0
322.0 532.0 308.0 550.0 259.0 519.0 268.0 500.0 large-vehicle 0
341.0 514.0 330.0 531.0 264.0 498.0 280.0 475.0 large-vehicle 0
274.0 446.0 260.0 461.0 200.0 418.0 214.0 401.0 large-vehicle 0
293.0 399.0 283.0 416.0 221.0 380.0 231.0 360.0 large-vehicle 0
216.0 502.0 204.0 515.0 154.0 488.0 167.0 470.0 large-vehicle 0
311.0 368.0 300.0 386.0 240.0 343.0 254.0 320.0 large-vehicle 0
362.0 309.0 353.0 323.0 291.0 282.0 303.0 266.0 large-vehicle 0
419.0 410.0 439.0 424.0 400.0 486.0 380.0 471.0 large-vehicle 0
494.0 319.0 515.0 332.0 481.0 396.0 461.0 389.0 large-vehicle 0
477.0 300.0 495.0 307.0 459.0 380.0 442.0 372.0 large-vehicle 0
449.0 287.0 468.0 299.0 433.0 367.0 412.0 355.0 large-vehicle 0
481.0 196.0 491.0 181.0 553.0 214.0 541.0 231.0 large-vehicle 0
254.0 494.0 241.0 507.0 204.0 482.0 214.0 467.0 large-vehicle 0
8.0 688.0 21.0 666.0 54.0 690.0 43.0 711.0 small-vehicle 0
657.0 228.0 640.0 218.0 661.0 182.0 677.0 194.0 small-vehicle 0
45.0 716.0 55.0 693.0 93.0 710.0 81.0 733.0 small-vehicle 0
59.0 807.0 69.0 788.0 102.0 810.0 91.0 828.0 small-vehicle 0
381.0 371.0 370.0 390.0 332.0 364.0 343.0 347.0 small-vehicle 0
390.0 352.0 381.0 369.0 338.0 342.0 349.0 326.0 small-vehicle 0
409.0 335.0 399.0 352.0 358.0 327.0 367.0 311.0 small-vehicle 0
635.0 214.0 616.0 203.0 638.0 166.0 656.0 177.0 small-vehicle 0
259.0 762.0 268.0 746.0 311.0 775.0 302.0 788.0 small-vehicle 0
383.0 408.0 372.0 426.0 317.0 393.0 328.0 376.0 large-vehicle 0
380.0 800.0 388.0 787.0 419.0 810.0 410.0 820.0 small-vehicle 0
355.0 671.0 336.0 659.0 356.0 622.0 376.0 633.0 small-vehicle 0
269.0 620.0 253.0 611.0 273.0 579.0 288.0 590.0 small-vehicle 0
440.0 251.0 448.0 235.0 514.0 271.0 501.0 289.0 large-vehicle 0
446.0 397.0 468.0 401.0 451.0 475.0 428.0 468.0 large-vehicle 0
375.0 432.0 363.0 450.0 309.0 418.0 320.0 401.0 large-vehicle 0
452.0 231.0 463.0 212.0 526.0 251.0 515.0 266.0 large-vehicle 0
