imagesource:GoogleEarth
gsd:0.262117423204
2227.0 1455.0 2221.0 1450.0 2240.0 1435.0 2246.0 1443.0 large-vehicle 0
1532.0 1726.0 1538.0 1727.0 1538.0 1743.0 1532.0 1744.0 small-vehicle 1
1554.0 1728.0 1562.0 1729.0 1559.0 1748.0 1552.0 1747.0 small-vehicle 1
1566.0 1726.0 1573.0 1727.0 1572.0 1745.0 1563.0 1745.0 small-vehicle 1
1391.0 1793.0 1381.0 1792.0 1384.0 1771.0 1392.0 1772.0 small-vehicle 0
1405.0 1794.0 1396.0 1791.0 1399.0 1773.0 1406.0 1774.0 small-vehicle 1
1430.0 1779.0 1439.0 1779.0 1438.0 1798.0 1430.0 1797.0 small-vehicle 1
1461.0 1801.0 1452.0 1799.0 1452.0 1780.0 1460.0 1780.0 small-vehicle 1
1482.0 1782.0 1490.0 1781.0 1487.0 1804.0 1479.0 1803.0 small-vehicle 1
1508.0 1806.0 1499.0 1805.0 1501.0 1785.0 1509.0 1786.0 small-vehicle 1
1539.0 1807.0 1532.0 1807.0 1532.0 1787.0 1542.0 1788.0 small-vehicle 1
1652.0 1871.0 1661.0 1872.0 1658.0 1893.0 1650.0 1894.0 small-vehicle 1
1838.0 1911.0 1829.0 1910.0 1832.0 1890.0 1839.0 1890.0 small-vehicle 0
1853.0 1912.0 1844.0 1910.0 1845.0 1889.0 1852.0 1889.0 small-vehicle 1
1825.0 1911.0 1814.0 1910.0 1817.0 1886.0 1825.0 1886.0 small-vehicle 1
2012.0 930.0 2002.0 929.0 2001.0 908.0 2011.0 907.0 small-vehicle 0
1994.0 948.0 1987.0 948.0 1986.0 929.0 1993.0 927.0 small-vehicle 1
1973.0 962.0 1964.0 963.0 1965.0 943.0 1973.0 942.0 small-vehicle 1
1961.0 978.0 1962.0 971.0 1981.0 972.0 1980.0 980.0 small-vehicle 1
1961.0 971.0 1954.0 969.0 1954.0 945.0 1963.0 945.0 small-vehicle 1
1944.0 983.0 1934.0 983.0 1935.0 962.0 1942.0 962.0 small-vehicle 0
1924.0 949.0 1923.0 958.0 1906.0 955.0 1906.0 948.0 small-vehicle 1
1898.0 964.0 1898.0 956.0 1918.0 957.0 1917.0 965.0 small-vehicle 1
1993.0 873.0 1993.0 864.0 2016.0 864.0 2015.0 873.0 small-vehicle 1
1865.0 991.0 1856.0 990.0 1857.0 966.0 1867.0 969.0 small-vehicle 1
1925.0 1006.0 1918.0 1005.0 1918.0 985.0 1925.0 986.0 small-vehicle 1
2004.0 1099.0 1994.0 1099.0 1996.0 1080.0 2005.0 1080.0 small-vehicle 0
1916.0 1098.0 1908.0 1096.0 1907.0 1078.0 1917.0 1078.0 small-vehicle 1
1902.0 1097.0 1895.0 1095.0 1896.0 1077.0 1904.0 1077.0 small-vehicle 1
1886.0 1073.0 1894.0 1073.0 1892.0 1097.0 1884.0 1097.0 small-vehicle 0
1976.0 1271.0 1977.0 1263.0 1998.0 1265.0 1998.0 1272.0 small-vehicle 0
1543.0 1726.0 1550.0 1726.0 1548.0 1746.0 1542.0 1746.0 small-vehicle 1
1510.0 1722.0 1518.0 1722.0 1516.0 1741.0 1509.0 1741.0 small-vehicle 1
1975.0 1302.0 1975.0 1294.0 1994.0 1296.0 1992.0 1304.0 small-vehicle 1
1499.0 1725.0 1507.0 1725.0 1506.0 1740.0 1500.0 1740.0 small-vehicle 1
1749.0 843.0 1740.0 973.0 637.0 877.0 652.0 741.0 ship 0
947.0 1000.0 932.0 1112.0 122.0 1040.0 140.0 922.0 ship 0
1771.0 1077.0 1766.0 1160.0 989.0 1097.0 998.0 1002.0 ship 0
1770.0 1179.0 1763.0 1269.0 985.0 1200.0 998.0 1106.0 ship 0
1753.0 1278.0 1748.0 1364.0 974.0 1298.0 987.0 1207.0 ship 0
1747.0 1502.0 1728.0 1686.0 681.0 1579.0 703.0 1403.0 ship 0
1225.0 1459.0 1223.0 1488.0 1159.0 1485.0 1160.0 1455.0 plane 0
1473.0 1534.0 1467.0 1580.0 1399.0 1571.0 1404.0 1525.0 plane 0
1414.0 1607.0 1419.0 1565.0 1490.0 1573.0 1484.0 1617.0 plane 0
1631.0 1625.0 1635.0 1588.0 1696.0 1596.0 1691.0 1632.0 plane 0
1382.0 1565.0 1336.0 1551.0 1347.0 1517.0 1393.0 1533.0 plane 0
742.0 1939.0 756.0 1813.0 1632.0 1898.0 1618.0 2032.0 ship 0
1663.0 177.0 1708.0 178.0 1699.0 308.0 1658.0 306.0 ship 0
1709.0 205.0 1751.0 205.0 1745.0 311.0 1702.0 309.0 ship 0
1771.0 152.0 1840.0 159.0 1834.0 317.0 1758.0 307.0 ship 0
1839.0 136.0 1890.0 143.0 1879.0 316.0 1829.0 314.0 ship 0
1435.0 474.0 1447.0 373.0 2188.0 433.0 2175.0 548.0 ship 0
338.0 937.0 352.0 846.0 1772.0 970.0 1765.0 1075.0 harbor 0
510.0 1799.0 529.0 1624.0 1852.0 1737.0 1843.0 1925.0 harbor 0
550.0 1616.0 555.0 1580.0 686.0 1597.0 683.0 1638.0 ship 0
1279.0 1699.0 1288.0 1700.0 1285.0 1723.0 1278.0 1722.0 small-vehicle 1
1331.0 1723.0 1324.0 1722.0 1327.0 1705.0 1334.0 1705.0 small-vehicle 1
1393.0 1713.0 1400.0 1713.0 1401.0 1729.0 1393.0 1729.0 small-vehicle 1
1421.0 1714.0 1428.0 1715.0 1427.0 1732.0 1421.0 1731.0 small-vehicle 0
1432.0 1716.0 1438.0 1716.0 1437.0 1733.0 1432.0 1733.0 small-vehicle 1
1442.0 1714.0 1450.0 1716.0 1448.0 1733.0 1441.0 1734.0 small-vehicle 1
1455.0 1719.0 1461.0 1719.0 1461.0 1735.0 1454.0 1735.0 small-vehicle 1
1474.0 1716.0 1481.0 1716.0 1481.0 1735.0 1474.0 1735.0 small-vehicle 0
1483.0 1724.0 1491.0 1724.0 1491.0 1742.0 1484.0 1742.0 small-vehicle 1
1975.0 1280.0 1974.0 1273.0 1997.0 1275.0 1996.0 1282.0 small-vehicle 0
1974.0 1319.0 1974.0 1312.0 1994.0 1315.0 1993.0 1322.0 small-vehicle 1
2215.0 1449.0 2223.0 1456.0 2210.0 1475.0 2198.0 1467.0 large-vehicle 0
2044.0 1499.0 2045.0 1491.0 2065.0 1493.0 2065.0 1500.0 small-vehicle 1
2046.0 1461.0 2052.0 1454.0 2066.0 1468.0 2061.0 1473.0 small-vehicle 1
2049.0 1450.0 2053.0 1442.0 2068.0 1456.0 2063.0 1461.0 small-vehicle 1
2049.0 1433.0 2057.0 1426.0 2068.0 1442.0 2060.0 1447.0 small-vehicle 0
2051.0 1417.0 2059.0 1411.0 2070.0 1428.0 2062.0 1432.0 small-vehicle 0
2054.0 1404.0 2060.0 1399.0 2073.0 1416.0 2066.0 1422.0 small-vehicle 1
2057.0 1393.0 2061.0 1387.0 2075.0 1402.0 2070.0 1407.0 small-vehicle 1
2057.0 1379.0 2064.0 1372.0 2076.0 1386.0 2069.0 1395.0 small-vehicle 0
2124.0 1685.0 2124.0 1694.0 2105.0 1693.0 2105.0 1685.0 small-vehicle 1
2128.0 1676.0 2126.0 1685.0 2109.0 1685.0 2110.0 1675.0 small-vehicle 1
2132.0 1665.0 2128.0 1674.0 2108.0 1673.0 2107.0 1664.0 small-vehicle 1
2129.0 1652.0 2129.0 1662.0 2108.0 1661.0 2107.0 1651.0 small-vehicle 1
2133.0 1642.0 2132.0 1651.0 2110.0 1648.0 2111.0 1639.0 small-vehicle 1
2137.0 1631.0 2137.0 1640.0 2115.0 1639.0 2116.0 1629.0 small-vehicle 1
2138.0 1618.0 2134.0 1629.0 2116.0 1626.0 2117.0 1614.0 small-vehicle 1
2134.0 1591.0 2132.0 1599.0 2113.0 1597.0 2113.0 1589.0 small-vehicle 0
2136.0 1580.0 2135.0 1590.0 2116.0 1587.0 2114.0 1579.0 small-vehicle 0
2136.0 1568.0 2136.0 1578.0 2117.0 1575.0 2117.0 1567.0 small-vehicle 0
2140.0 1556.0 2139.0 1565.0 2121.0 1563.0 2120.0 1555.0 small-vehicle 1
2143.0 1544.0 2143.0 1553.0 2121.0 1553.0 2119.0 1545.0 small-vehicle 1
2146.0 1534.0 2145.0 1542.0 2126.0 1542.0 2127.0 1534.0 small-vehicle 1
2146.0 1522.0 2147.0 1531.0 2127.0 1530.0 2128.0 1522.0 small-vehicle 1
2120.0 1456.0 2123.0 1465.0 2105.0 1471.0 2101.0 1464.0 small-vehicle 1
2113.0 1444.0 2117.0 1453.0 2101.0 1460.0 2098.0 1453.0 small-vehicle 1
2112.0 1430.0 2117.0 1436.0 2101.0 1449.0 2095.0 1444.0 small-vehicle 1
2108.0 1421.0 2112.0 1429.0 2100.0 1439.0 2094.0 1433.0 small-vehicle 1
2123.0 1399.0 2128.0 1408.0 2112.0 1418.0 2105.0 1412.0 small-vehicle 0
2127.0 1383.0 2132.0 1389.0 2120.0 1401.0 2111.0 1394.0 small-vehicle 1
2129.0 1368.0 2135.0 1376.0 2118.0 1385.0 2110.0 1379.0 small-vehicle 1
2132.0 1350.0 2138.0 1357.0 2122.0 1371.0 2116.0 1365.0 small-vehicle 1
2044.0 1475.0 2050.0 1468.0 2067.0 1478.0 2061.0 1485.0 small-vehicle 1
2043.0 1510.0 2044.0 1501.0 2063.0 1502.0 2063.0 1512.0 small-vehicle 1
2074.0 1293.0 2082.0 1288.0 2091.0 1301.0 2086.0 1308.0 small-vehicle 0
2038.0 1521.0 2040.0 1511.0 2061.0 1512.0 2061.0 1519.0 small-vehicle 1
2089.0 1292.0 2096.0 1287.0 2108.0 1303.0 2103.0 1310.0 small-vehicle 0
2104.0 1294.0 2113.0 1288.0 2123.0 1303.0 2116.0 1309.0 small-vehicle 0
2135.0 1296.0 2143.0 1291.0 2152.0 1307.0 2145.0 1310.0 small-vehicle 0
1972.0 1335.0 1973.0 1325.0 1997.0 1326.0 1997.0 1334.0 small-vehicle 0
1972.0 1346.0 1972.0 1337.0 1993.0 1336.0 1993.0 1347.0 small-vehicle 1
1968.0 1365.0 1968.0 1357.0 1987.0 1358.0 1985.0 1366.0 small-vehicle 1
1965.0 1375.0 1965.0 1367.0 1985.0 1368.0 1986.0 1376.0 small-vehicle 1
1966.0 1387.0 1966.0 1378.0 1985.0 1380.0 1984.0 1389.0 small-vehicle 0
1955.0 1397.0 1955.0 1388.0 1979.0 1392.0 1977.0 1400.0 small-vehicle 0
1958.0 1408.0 1959.0 1400.0 1979.0 1401.0 1978.0 1409.0 small-vehicle 1
1958.0 1419.0 1959.0 1411.0 1981.0 1413.0 1979.0 1421.0 small-vehicle 1
1957.0 1429.0 1959.0 1422.0 1977.0 1424.0 1977.0 1432.0 small-vehicle 1
1954.0 1441.0 1953.0 1429.0 1975.0 1431.0 1972.0 1441.0 small-vehicle 1
1950.0 1456.0 1955.0 1446.0 1975.0 1456.0 1973.0 1465.0 small-vehicle 1
1941.0 1670.0 1942.0 1662.0 1962.0 1663.0 1963.0 1670.0 small-vehicle 1
1945.0 1638.0 1945.0 1629.0 1965.0 1629.0 1963.0 1637.0 small-vehicle 1
1987.0 1638.0 1979.0 1638.0 1980.0 1618.0 1988.0 1617.0 small-vehicle 1
2031.0 1647.0 2031.0 1639.0 2050.0 1640.0 2050.0 1648.0 small-vehicle 1
2030.0 1639.0 2030.0 1628.0 2053.0 1629.0 2051.0 1638.0 small-vehicle 1
2032.0 1626.0 2031.0 1618.0 2051.0 1619.0 2052.0 1628.0 small-vehicle 1
2032.0 1615.0 2032.0 1608.0 2055.0 1612.0 2052.0 1619.0 small-vehicle 1
2037.0 1606.0 2036.0 1598.0 2055.0 1600.0 2054.0 1608.0 small-vehicle 1
2039.0 1596.0 2039.0 1588.0 2057.0 1589.0 2056.0 1597.0 small-vehicle 1
2038.0 1584.0 2036.0 1575.0 2058.0 1576.0 2058.0 1586.0 small-vehicle 1
2042.0 1574.0 2040.0 1564.0 2063.0 1567.0 2063.0 1575.0 small-vehicle 1
2042.0 1562.0 2043.0 1554.0 2063.0 1555.0 2063.0 1565.0 small-vehicle 0
2043.0 1551.0 2043.0 1543.0 2062.0 1545.0 2060.0 1553.0 small-vehicle 1
2040.0 1542.0 2041.0 1532.0 2063.0 1533.0 2063.0 1541.0 small-vehicle 1
2038.0 1529.0 2039.0 1520.0 2060.0 1521.0 2060.0 1530.0 small-vehicle 1
1757.0 714.0 1741.0 842.0 640.0 739.0 654.0 607.0 ship 0
