imagesource:GoogleEarth
gsd:0.278994896872
969.0 797.0 960.0 797.0 961.0 775.0 971.0 774.0 small-vehicle 1
384.0 1303.0 375.0 1296.0 387.0 1284.0 395.0 1288.0 small-vehicle 1
935.0 976.0 926.0 971.0 934.0 955.0 943.0 957.0 small-vehicle 0
875.0 1020.0 871.0 1016.0 883.0 1004.0 888.0 1007.0 small-vehicle 0
824.0 1056.0 818.0 1048.0 834.0 1038.0 839.0 1043.0 small-vehicle 0
844.0 1074.0 849.0 1082.0 836.0 1090.0 829.0 1084.0 small-vehicle 1
616.0 1176.0 611.0 1170.0 623.0 1156.0 628.0 1162.0 small-vehicle 0
577.0 1200.0 585.0 1206.0 569.0 1222.0 561.0 1219.0 small-vehicle 1
561.0 1218.0 565.0 1223.0 552.0 1237.0 546.0 1232.0 small-vehicle 0
372.0 1298.0 367.0 1294.0 379.0 1279.0 385.0 1284.0 small-vehicle 0
393.0 1312.0 386.0 1307.0 401.0 1290.0 407.0 1296.0 small-vehicle 0
324.0 1371.0 329.0 1366.0 340.0 1377.0 332.0 1381.0 small-vehicle 1
401.0 1319.0 395.0 1315.0 405.0 1300.0 411.0 1307.0 small-vehicle 1
405.0 1332.0 400.0 1325.0 414.0 1314.0 419.0 1320.0 small-vehicle 0
419.0 1334.0 412.0 1328.0 425.0 1314.0 431.0 1320.0 small-vehicle 1
426.0 1345.0 423.0 1337.0 440.0 1334.0 444.0 1341.0 small-vehicle 1
316.0 1380.0 322.0 1375.0 336.0 1385.0 329.0 1394.0 small-vehicle 1
405.0 1386.0 398.0 1391.0 383.0 1378.0 389.0 1368.0 small-vehicle 1
412.0 1380.0 408.0 1384.0 398.0 1374.0 404.0 1366.0 small-vehicle 1
649.0 1190.0 644.0 1184.0 657.0 1171.0 663.0 1178.0 small-vehicle 1
947.0 936.0 939.0 936.0 935.0 917.0 943.0 917.0 small-vehicle 0
656.0 1125.0 649.0 1122.0 658.0 1106.0 664.0 1109.0 small-vehicle 0
628.0 1084.0 635.0 1090.0 629.0 1109.0 621.0 1106.0 small-vehicle 1
621.0 1083.0 627.0 1086.0 618.0 1107.0 610.0 1104.0 small-vehicle 0
450.0 1109.0 453.0 1102.0 471.0 1113.0 467.0 1119.0 small-vehicle 0
444.0 1119.0 449.0 1108.0 467.0 1119.0 459.0 1127.0 small-vehicle 0
439.0 1128.0 447.0 1118.0 460.0 1127.0 456.0 1134.0 small-vehicle 0
436.0 1135.0 439.0 1128.0 457.0 1137.0 450.0 1143.0 small-vehicle 0
431.0 1144.0 435.0 1135.0 449.0 1143.0 447.0 1155.0 small-vehicle 0
426.0 1151.0 430.0 1143.0 445.0 1155.0 441.0 1161.0 small-vehicle 1
420.0 1161.0 425.0 1151.0 441.0 1163.0 437.0 1171.0 small-vehicle 1
416.0 1170.0 420.0 1160.0 435.0 1173.0 431.0 1180.0 small-vehicle 1
411.0 1176.0 414.0 1169.0 431.0 1181.0 427.0 1189.0 small-vehicle 1
406.0 1187.0 410.0 1177.0 427.0 1187.0 424.0 1197.0 small-vehicle 1
393.0 1211.0 396.0 1204.0 411.0 1214.0 407.0 1221.0 small-vehicle 1
387.0 1220.0 393.0 1213.0 406.0 1222.0 403.0 1229.0 small-vehicle 1
378.0 1236.0 381.0 1230.0 397.0 1239.0 394.0 1247.0 small-vehicle 1
371.0 1245.0 375.0 1239.0 391.0 1247.0 389.0 1255.0 small-vehicle 1
550.0 1065.0 556.0 1059.0 569.0 1075.0 563.0 1079.0 small-vehicle 1
569.0 1080.0 573.0 1075.0 589.0 1089.0 582.0 1094.0 small-vehicle 1
610.0 1077.0 619.0 1081.0 609.0 1097.0 603.0 1093.0 small-vehicle 1
683.0 1235.0 688.0 1243.0 674.0 1256.0 667.0 1250.0 small-vehicle 0
157.0 1515.0 165.0 1507.0 182.0 1520.0 172.0 1531.0 small-vehicle 1
874.0 1570.0 868.0 1575.0 855.0 1563.0 860.0 1555.0 small-vehicle 1
632.0 1588.0 626.0 1593.0 611.0 1581.0 618.0 1575.0 small-vehicle 1
684.0 1530.0 679.0 1534.0 665.0 1523.0 671.0 1516.0 small-vehicle 1
677.0 1538.0 673.0 1543.0 658.0 1530.0 663.0 1525.0 small-vehicle 1
671.0 1545.0 666.0 1550.0 652.0 1537.0 657.0 1529.0 small-vehicle 0
665.0 1553.0 658.0 1557.0 647.0 1544.0 650.0 1537.0 small-vehicle 1
639.0 1553.0 644.0 1546.0 659.0 1559.0 653.0 1565.0 small-vehicle 0
652.0 1567.0 646.0 1573.0 632.0 1559.0 637.0 1554.0 small-vehicle 0
644.0 1574.0 638.0 1579.0 625.0 1567.0 631.0 1560.0 small-vehicle 1
618.0 1572.0 624.0 1566.0 639.0 1582.0 631.0 1587.0 small-vehicle 0
471.0 1529.0 476.0 1523.0 490.0 1535.0 485.0 1541.0 small-vehicle 1
610.0 1392.0 618.0 1385.0 630.0 1396.0 622.0 1404.0 small-vehicle 1
465.0 1536.0 468.0 1532.0 482.0 1544.0 477.0 1548.0 small-vehicle 1
454.0 1553.0 456.0 1546.0 473.0 1546.0 474.0 1553.0 small-vehicle 1
444.0 1566.0 446.0 1558.0 467.0 1558.0 466.0 1566.0 small-vehicle 1
434.0 1575.0 434.0 1568.0 457.0 1568.0 457.0 1575.0 small-vehicle 1
428.0 1586.0 428.0 1578.0 448.0 1577.0 447.0 1585.0 small-vehicle 0
777.0 1560.0 783.0 1565.0 770.0 1581.0 760.0 1577.0 small-vehicle 1
895.0 1549.0 890.0 1553.0 876.0 1544.0 882.0 1537.0 small-vehicle 1
889.0 1556.0 884.0 1560.0 871.0 1550.0 875.0 1543.0 small-vehicle 1
692.0 1523.0 687.0 1528.0 671.0 1514.0 675.0 1507.0 small-vehicle 1
679.0 1507.0 685.0 1500.0 700.0 1513.0 694.0 1520.0 small-vehicle 1
684.0 1499.0 690.0 1491.0 706.0 1505.0 700.0 1512.0 small-vehicle 1
507.0 1493.0 512.0 1487.0 525.0 1501.0 520.0 1506.0 small-vehicle 1
592.0 1396.0 598.0 1389.0 612.0 1403.0 606.0 1410.0 small-vehicle 1
657.0 1425.0 652.0 1432.0 637.0 1417.0 642.0 1408.0 small-vehicle 0
709.0 1471.0 702.0 1476.0 688.0 1462.0 694.0 1457.0 small-vehicle 0
751.0 1508.0 744.0 1515.0 730.0 1503.0 736.0 1494.0 small-vehicle 0
735.0 1495.0 729.0 1500.0 715.0 1487.0 719.0 1482.0 small-vehicle 1
636.0 1433.0 642.0 1427.0 653.0 1440.0 647.0 1445.0 small-vehicle 1
628.0 1439.0 634.0 1435.0 648.0 1448.0 639.0 1453.0 small-vehicle 0
620.0 1445.0 625.0 1440.0 639.0 1453.0 631.0 1457.0 small-vehicle 1
645.0 1455.0 652.0 1450.0 665.0 1462.0 658.0 1469.0 small-vehicle 1
565.0 1427.0 569.0 1422.0 582.0 1433.0 578.0 1438.0 small-vehicle 0
558.0 1434.0 564.0 1427.0 577.0 1440.0 572.0 1447.0 small-vehicle 0
552.0 1443.0 557.0 1437.0 572.0 1450.0 566.0 1454.0 small-vehicle 1
544.0 1451.0 550.0 1444.0 563.0 1455.0 558.0 1462.0 small-vehicle 1
532.0 1466.0 537.0 1460.0 550.0 1470.0 545.0 1476.0 small-vehicle 1
526.0 1473.0 531.0 1466.0 545.0 1480.0 539.0 1485.0 small-vehicle 1
518.0 1480.0 523.0 1474.0 537.0 1485.0 531.0 1491.0 small-vehicle 1
501.0 1500.0 507.0 1494.0 518.0 1507.0 513.0 1513.0 small-vehicle 1
454.0 1100.0 460.0 1091.0 475.0 1103.0 469.0 1110.0 small-vehicle 0
459.0 1091.0 464.0 1083.0 480.0 1096.0 475.0 1103.0 small-vehicle 0
464.0 1084.0 470.0 1075.0 485.0 1083.0 479.0 1093.0 small-vehicle 0
485.0 921.0 436.0 894.0 454.0 863.0 504.0 891.0 plane 0
643.0 584.0 583.0 544.0 632.0 479.0 688.0 518.0 plane 0
781.0 400.0 754.0 346.0 796.0 328.0 821.0 382.0 plane 0
698.0 363.0 676.0 306.0 728.0 286.0 752.0 344.0 plane 0
558.0 542.0 491.0 509.0 529.0 430.0 596.0 460.0 plane 0
572.0 768.0 521.0 741.0 550.0 688.0 601.0 715.0 plane 0
629.0 804.0 573.0 774.0 601.0 725.0 654.0 754.0 plane 0
519.0 945.0 490.0 927.0 506.0 903.0 537.0 921.0 plane 0
485.0 1005.0 517.0 981.0 533.0 1005.0 501.0 1029.0 plane 0
429.0 870.0 394.0 850.0 407.0 827.0 444.0 845.0 plane 0
471.0 1074.0 473.0 1067.0 492.0 1078.0 486.0 1084.0 small-vehicle 1
409.0 594.0 417.0 600.0 407.0 616.0 399.0 610.0 large-vehicle 0
821.0 544.0 826.0 533.0 861.0 552.0 856.0 562.0 large-vehicle 0
800.0 560.0 805.0 552.0 838.0 569.0 833.0 577.0 large-vehicle 0
794.0 587.0 799.0 578.0 834.0 595.0 827.0 604.0 large-vehicle 0
793.0 611.0 800.0 603.0 817.0 615.0 811.0 624.0 small-vehicle 1
775.0 631.0 770.0 640.0 753.0 628.0 758.0 619.0 large-vehicle 0
770.0 642.0 766.0 649.0 746.0 639.0 750.0 630.0 large-vehicle 0
761.0 655.0 755.0 659.0 740.0 649.0 744.0 643.0 small-vehicle 0
682.0 495.0 714.0 433.0 787.0 471.0 754.0 533.0 plane 0
726.0 628.0 663.0 594.0 697.0 530.0 761.0 561.0 plane 0
909.0 568.0 976.0 548.0 1001.0 625.0 936.0 646.0 plane 0
838.0 609.0 929.0 600.0 938.0 696.0 852.0 704.0 plane 0
448.0 720.0 386.0 682.0 426.0 616.0 488.0 651.0 plane 0
360.0 860.0 297.0 821.0 340.0 756.0 400.0 795.0 plane 0
199.0 1029.0 178.0 945.0 275.0 917.0 304.0 1000.0 plane 0
340.0 1079.0 272.0 1047.0 306.0 984.0 372.0 1016.0 plane 0
365.0 961.0 427.0 994.0 391.0 1057.0 333.0 1023.0 plane 0
414.0 981.0 448.0 1004.0 431.0 1026.0 399.0 1002.0 plane 0
426.0 997.0 488.0 1030.0 454.0 1089.0 394.0 1056.0 plane 0
392.0 1100.0 354.0 1074.0 380.0 1033.0 418.0 1058.0 plane 0
415.0 1132.0 396.0 1078.0 437.0 1065.0 457.0 1120.0 plane 0
325.0 1184.0 388.0 1187.0 385.0 1238.0 324.0 1235.0 plane 0
292.0 1148.0 340.0 1187.0 304.0 1225.0 258.0 1185.0 plane 0
249.0 1236.0 204.0 1197.0 241.0 1153.0 290.0 1189.0 plane 0
245.0 1109.0 293.0 1141.0 263.0 1180.0 217.0 1146.0 plane 0
205.0 1200.0 164.0 1163.0 203.0 1125.0 241.0 1157.0 plane 0
194.0 1074.0 242.0 1103.0 213.0 1149.0 164.0 1117.0 plane 0
332.0 1311.0 298.0 1276.0 321.0 1255.0 356.0 1286.0 plane 0
14.0 1238.0 13.0 1158.0 101.0 1155.0 103.0 1231.0 plane 0
754.0 662.0 750.0 669.0 733.0 659.0 738.0 649.0 small-vehicle 1
750.0 674.0 745.0 679.0 727.0 669.0 733.0 660.0 small-vehicle 1
809.0 707.0 801.0 703.0 810.0 685.0 819.0 690.0 small-vehicle 1
808.0 869.0 812.0 861.0 830.0 870.0 825.0 879.0 small-vehicle 1
788.0 897.0 791.0 890.0 812.0 902.0 806.0 908.0 small-vehicle 1
786.0 906.0 788.0 899.0 807.0 910.0 802.0 916.0 small-vehicle 1
773.0 923.0 779.0 915.0 798.0 926.0 792.0 936.0 small-vehicle 1
786.0 946.0 781.0 950.0 765.0 941.0 768.0 934.0 small-vehicle 1
782.0 953.0 777.0 958.0 760.0 949.0 762.0 942.0 small-vehicle 1
755.0 957.0 760.0 951.0 776.0 960.0 773.0 968.0 small-vehicle 1
751.0 965.0 757.0 958.0 773.0 968.0 766.0 976.0 small-vehicle 1
745.0 975.0 748.0 967.0 767.0 977.0 761.0 984.0 small-vehicle 1
740.0 984.0 744.0 978.0 761.0 987.0 756.0 994.0 small-vehicle 1
765.0 926.0 759.0 932.0 746.0 920.0 748.0 912.0 small-vehicle 1
746.0 949.0 754.0 953.0 748.0 967.0 740.0 964.0 small-vehicle 1
537.0 956.0 536.0 963.0 516.0 959.0 515.0 952.0 large-vehicle 0
540.0 973.0 538.0 980.0 520.0 976.0 519.0 968.0 small-vehicle 1
509.0 1043.0 504.0 1049.0 491.0 1040.0 496.0 1033.0 small-vehicle 1
505.0 1051.0 500.0 1057.0 485.0 1050.0 487.0 1041.0 small-vehicle 1
480.0 1059.0 482.0 1052.0 499.0 1061.0 496.0 1068.0 small-vehicle 1
476.0 1068.0 479.0 1061.0 497.0 1070.0 490.0 1077.0 small-vehicle 1
798.0 879.0 802.0 870.0 821.0 883.0 817.0 891.0 small-vehicle 1
812.0 858.0 816.0 851.0 831.0 861.0 827.0 867.0 small-vehicle 1
818.0 713.0 811.0 709.0 819.0 694.0 826.0 698.0 small-vehicle 1
818.0 850.0 821.0 843.0 837.0 853.0 832.0 860.0 small-vehicle 1
828.0 717.0 821.0 713.0 828.0 695.0 835.0 700.0 small-vehicle 1
835.0 721.0 828.0 718.0 835.0 701.0 843.0 702.0 small-vehicle 1
843.0 726.0 837.0 721.0 844.0 705.0 851.0 709.0 small-vehicle 1
851.0 735.0 842.0 730.0 854.0 708.0 864.0 714.0 large-vehicle 0
861.0 742.0 853.0 737.0 862.0 716.0 870.0 720.0 small-vehicle 1
871.0 722.0 877.0 727.0 869.0 743.0 862.0 740.0 small-vehicle 1
881.0 726.0 888.0 731.0 879.0 749.0 871.0 744.0 small-vehicle 1
822.0 773.0 814.0 768.0 823.0 750.0 831.0 755.0 small-vehicle 0
813.0 744.0 820.0 747.0 814.0 768.0 806.0 765.0 small-vehicle 1
798.0 735.0 808.0 742.0 797.0 758.0 789.0 755.0 small-vehicle 1
764.0 721.0 765.0 710.0 786.0 717.0 785.0 727.0 small-vehicle 1
866.0 766.0 870.0 759.0 887.0 770.0 883.0 778.0 small-vehicle 1
863.0 778.0 867.0 771.0 883.0 780.0 879.0 788.0 small-vehicle 1
856.0 785.0 859.0 778.0 878.0 787.0 872.0 794.0 small-vehicle 1
846.0 804.0 850.0 795.0 869.0 803.0 865.0 812.0 small-vehicle 1
829.0 834.0 832.0 828.0 848.0 837.0 844.0 842.0 small-vehicle 1
823.0 843.0 828.0 836.0 842.0 844.0 837.0 852.0 small-vehicle 1
883.0 1564.0 876.0 1568.0 862.0 1556.0 867.0 1549.0 small-vehicle 1
868.0 1579.0 865.0 1584.0 850.0 1571.0 854.0 1565.0 small-vehicle 1
1076.0 791.0 1081.0 798.0 1073.0 811.0 1066.0 806.0 small-vehicle 1
983.0 1273.0 988.0 1281.0 974.0 1294.0 969.0 1286.0 small-vehicle 1
923.0 1291.0 918.0 1284.0 935.0 1272.0 940.0 1279.0 small-vehicle 0
827.0 1247.0 820.0 1244.0 826.0 1228.0 834.0 1229.0 small-vehicle 1
1015.0 1349.0 1010.0 1341.0 1025.0 1331.0 1030.0 1337.0 small-vehicle 1
1022.0 1323.0 1025.0 1331.0 1011.0 1341.0 1005.0 1334.0 small-vehicle 1
1008.0 1305.0 1011.0 1313.0 996.0 1325.0 991.0 1319.0 small-vehicle 1
1002.0 1299.0 1007.0 1305.0 990.0 1318.0 985.0 1310.0 small-vehicle 1
994.0 1293.0 1001.0 1299.0 986.0 1310.0 980.0 1303.0 small-vehicle 1
989.0 1284.0 995.0 1291.0 981.0 1303.0 973.0 1296.0 small-vehicle 1
1060.0 1388.0 1053.0 1389.0 1045.0 1372.0 1052.0 1366.0 small-vehicle 1
1014.0 1278.0 1010.0 1271.0 1026.0 1258.0 1034.0 1265.0 small-vehicle 1
1079.0 1376.0 1073.0 1380.0 1062.0 1365.0 1071.0 1361.0 small-vehicle 1
1071.0 1382.0 1064.0 1384.0 1055.0 1369.0 1062.0 1364.0 small-vehicle 1
1077.0 1331.0 1070.0 1334.0 1059.0 1322.0 1065.0 1316.0 small-vehicle 1
1062.0 1304.0 1067.0 1311.0 1054.0 1320.0 1048.0 1314.0 small-vehicle 0
1056.0 1296.0 1063.0 1303.0 1046.0 1313.0 1041.0 1307.0 small-vehicle 1
1050.0 1289.0 1056.0 1295.0 1043.0 1306.0 1035.0 1300.0 small-vehicle 1
1044.0 1281.0 1051.0 1288.0 1038.0 1297.0 1029.0 1291.0 small-vehicle 1
1038.0 1274.0 1043.0 1281.0 1030.0 1291.0 1023.0 1287.0 small-vehicle 1
939.0 1283.0 945.0 1288.0 929.0 1301.0 923.0 1292.0 small-vehicle 1
947.0 1289.0 951.0 1296.0 935.0 1308.0 931.0 1299.0 small-vehicle 1
942.0 1314.0 935.0 1308.0 950.0 1295.0 957.0 1300.0 small-vehicle 0
955.0 1304.0 959.0 1313.0 946.0 1323.0 939.0 1316.0 small-vehicle 1
757.0 1241.0 758.0 1234.0 778.0 1237.0 776.0 1245.0 small-vehicle 1
762.0 1232.0 764.0 1226.0 783.0 1228.0 784.0 1235.0 small-vehicle 1
784.0 1219.0 786.0 1211.0 803.0 1211.0 802.0 1219.0 small-vehicle 1
796.0 1209.0 797.0 1201.0 818.0 1205.0 814.0 1213.0 small-vehicle 1
804.0 1198.0 806.0 1192.0 825.0 1196.0 821.0 1205.0 small-vehicle 1
817.0 1194.0 819.0 1185.0 838.0 1187.0 834.0 1198.0 small-vehicle 1
824.0 1367.0 829.0 1375.0 817.0 1389.0 810.0 1381.0 small-vehicle 1
840.0 1391.0 847.0 1399.0 836.0 1411.0 828.0 1405.0 small-vehicle 1
1007.0 1371.0 1012.0 1379.0 998.0 1389.0 992.0 1384.0 small-vehicle 1
1002.0 1365.0 1005.0 1372.0 992.0 1380.0 988.0 1375.0 small-vehicle 1
995.0 1354.0 1000.0 1365.0 987.0 1375.0 981.0 1368.0 small-vehicle 1
991.0 1349.0 995.0 1355.0 981.0 1365.0 975.0 1360.0 small-vehicle 1
984.0 1341.0 989.0 1348.0 974.0 1359.0 967.0 1352.0 small-vehicle 1
976.0 1332.0 983.0 1339.0 971.0 1351.0 963.0 1346.0 small-vehicle 1
972.0 1327.0 976.0 1333.0 964.0 1344.0 960.0 1338.0 small-vehicle 1
965.0 1320.0 971.0 1327.0 958.0 1337.0 951.0 1330.0 small-vehicle 1
960.0 1312.0 966.0 1318.0 950.0 1329.0 946.0 1322.0 small-vehicle 1
1032.0 1265.0 1036.0 1274.0 1023.0 1283.0 1016.0 1278.0 small-vehicle 1
1011.0 1269.0 1005.0 1261.0 1023.0 1250.0 1026.0 1256.0 small-vehicle 0
863.0 1585.0 855.0 1591.0 842.0 1577.0 847.0 1571.0 small-vehicle 1
972.0 853.0 981.0 849.0 989.0 866.0 983.0 871.0 small-vehicle 0
847.0 1169.0 849.0 1163.0 871.0 1166.0 867.0 1173.0 small-vehicle 1
860.0 1163.0 863.0 1154.0 880.0 1157.0 877.0 1165.0 small-vehicle 1
867.0 1153.0 868.0 1145.0 891.0 1147.0 891.0 1155.0 small-vehicle 1
875.0 1145.0 876.0 1137.0 898.0 1140.0 897.0 1149.0 small-vehicle 1
1036.0 1076.0 1045.0 1085.0 1023.0 1102.0 1014.0 1096.0 large-vehicle 0
1059.0 1086.0 1052.0 1090.0 1040.0 1078.0 1044.0 1071.0 small-vehicle 1
1020.0 1019.0 1027.0 1027.0 1010.0 1035.0 1001.0 1029.0 small-vehicle 1
1051.0 912.0 1049.0 904.0 1069.0 899.0 1072.0 907.0 small-vehicle 0
995.0 717.0 1000.0 725.0 991.0 732.0 984.0 726.0 small-vehicle 1
1005.0 1257.0 1001.0 1251.0 1015.0 1242.0 1020.0 1248.0 small-vehicle 1
810.0 827.0 799.0 822.0 807.0 804.0 817.0 810.0 small-vehicle 1
537.0 1457.0 542.0 1451.0 556.0 1462.0 552.0 1470.0 small-vehicle 1
74.0 1523.0 80.0 1515.0 94.0 1528.0 86.0 1535.0 large-vehicle 1
1052.0 759.0 1055.0 751.0 1071.0 762.0 1067.0 770.0 small-vehicle 1
1057.0 750.0 1061.0 744.0 1076.0 753.0 1072.0 759.0 small-vehicle 1
1063.0 770.0 1064.0 776.0 1046.0 776.0 1046.0 768.0 small-vehicle 1
1059.0 795.0 1052.0 791.0 1063.0 777.0 1069.0 782.0 small-vehicle 1
1071.0 784.0 1075.0 788.0 1066.0 804.0 1060.0 799.0 small-vehicle 1
838.0 1176.0 840.0 1169.0 859.0 1173.0 857.0 1181.0 small-vehicle 1
827.0 1185.0 830.0 1176.0 849.0 1180.0 847.0 1189.0 small-vehicle 1
880.0 1209.0 873.0 1208.0 875.0 1191.0 884.0 1191.0 small-vehicle 1
894.0 1201.0 885.0 1201.0 886.0 1182.0 893.0 1182.0 small-vehicle 1
1000.0 1251.0 995.0 1245.0 1012.0 1234.0 1018.0 1241.0 small-vehicle 1
994.0 1243.0 987.0 1237.0 1004.0 1226.0 1009.0 1233.0 small-vehicle 1
997.0 1219.0 1003.0 1225.0 988.0 1237.0 983.0 1231.0 small-vehicle 1
992.0 1209.0 998.0 1218.0 984.0 1229.0 977.0 1223.0 small-vehicle 1
976.0 1220.0 971.0 1213.0 987.0 1203.0 992.0 1209.0 small-vehicle 1
970.0 1212.0 964.0 1205.0 978.0 1194.0 985.0 1201.0 small-vehicle 1
972.0 1187.0 978.0 1196.0 964.0 1204.0 959.0 1197.0 small-vehicle 1
947.0 1181.0 942.0 1172.0 963.0 1162.0 967.0 1169.0 large-vehicle 0
942.0 1168.0 939.0 1160.0 958.0 1153.0 961.0 1161.0 small-vehicle 0
948.0 1154.0 942.0 1159.0 924.0 1148.0 931.0 1139.0 small-vehicle 1
956.0 1146.0 950.0 1151.0 932.0 1139.0 937.0 1131.0 small-vehicle 1
965.0 1137.0 958.0 1144.0 944.0 1135.0 948.0 1126.0 small-vehicle 0
946.0 1102.0 952.0 1108.0 935.0 1118.0 929.0 1112.0 small-vehicle 1
963.0 1233.0 956.0 1235.0 946.0 1223.0 950.0 1217.0 small-vehicle 1
928.0 1197.0 935.0 1193.0 946.0 1209.0 940.0 1212.0 small-vehicle 1
916.0 1177.0 923.0 1173.0 932.0 1186.0 925.0 1190.0 small-vehicle 1
904.0 1189.0 895.0 1188.0 897.0 1168.0 906.0 1169.0 small-vehicle 1
869.0 1214.0 861.0 1212.0 865.0 1192.0 875.0 1194.0 small-vehicle 0
859.0 1220.0 853.0 1218.0 855.0 1200.0 862.0 1201.0 small-vehicle 0
848.0 1229.0 842.0 1228.0 844.0 1211.0 852.0 1211.0 small-vehicle 0
561.0 1130.0 568.0 1134.0 561.0 1150.0 553.0 1147.0 small-vehicle 1
516.0 1184.0 510.0 1181.0 519.0 1165.0 527.0 1167.0 small-vehicle 1
508.0 1181.0 501.0 1178.0 511.0 1159.0 518.0 1162.0 small-vehicle 1
499.0 1173.0 492.0 1169.0 501.0 1155.0 509.0 1158.0 small-vehicle 0
490.0 1168.0 483.0 1162.0 495.0 1148.0 504.0 1153.0 small-vehicle 0
482.0 1163.0 474.0 1158.0 486.0 1142.0 492.0 1147.0 small-vehicle 0
588.0 1164.0 580.0 1157.0 588.0 1144.0 594.0 1148.0 small-vehicle 1
580.0 1137.0 588.0 1142.0 579.0 1158.0 571.0 1153.0 small-vehicle 1
570.0 1133.0 577.0 1136.0 569.0 1153.0 561.0 1149.0 small-vehicle 0
551.0 1124.0 560.0 1129.0 552.0 1144.0 544.0 1142.0 small-vehicle 1
837.0 1241.0 829.0 1239.0 834.0 1221.0 842.0 1223.0 small-vehicle 0
542.0 1120.0 551.0 1125.0 542.0 1140.0 534.0 1134.0 small-vehicle 1
526.0 1108.0 533.0 1112.0 526.0 1129.0 519.0 1127.0 small-vehicle 1
517.0 1105.0 525.0 1109.0 519.0 1125.0 509.0 1121.0 small-vehicle 1
509.0 1101.0 515.0 1105.0 507.0 1120.0 499.0 1116.0 small-vehicle 1
595.0 1144.0 588.0 1140.0 596.0 1126.0 604.0 1128.0 small-vehicle 1
589.0 1122.0 594.0 1126.0 586.0 1140.0 581.0 1137.0 small-vehicle 1
581.0 1118.0 587.0 1122.0 579.0 1136.0 572.0 1132.0 small-vehicle 1
572.0 1110.0 580.0 1115.0 571.0 1130.0 563.0 1127.0 small-vehicle 1
526.0 1189.0 518.0 1186.0 527.0 1168.0 534.0 1172.0 small-vehicle 1
535.0 1194.0 526.0 1191.0 534.0 1174.0 542.0 1177.0 small-vehicle 1
472.0 1162.0 480.0 1168.0 473.0 1183.0 462.0 1176.0 small-vehicle 1
482.0 1169.0 489.0 1173.0 481.0 1189.0 474.0 1183.0 small-vehicle 1
849.0 1452.0 852.0 1447.0 867.0 1460.0 861.0 1465.0 small-vehicle 1
631.0 1492.0 627.0 1497.0 611.0 1484.0 617.0 1477.0 small-vehicle 1
419.0 1261.0 423.0 1254.0 443.0 1266.0 438.0 1270.0 small-vehicle 0
424.0 1249.0 429.0 1242.0 446.0 1255.0 442.0 1261.0 small-vehicle 1
444.0 1231.0 437.0 1227.0 445.0 1209.0 453.0 1211.0 small-vehicle 0
462.0 1238.0 456.0 1235.0 463.0 1220.0 470.0 1222.0 small-vehicle 1
470.0 1224.0 478.0 1230.0 469.0 1245.0 463.0 1240.0 small-vehicle 1
489.0 1237.0 495.0 1239.0 486.0 1256.0 477.0 1252.0 small-vehicle 0
460.0 1261.0 465.0 1255.0 478.0 1268.0 473.0 1274.0 small-vehicle 1
463.0 1251.0 468.0 1244.0 484.0 1259.0 478.0 1265.0 small-vehicle 1
467.0 1284.0 460.0 1289.0 446.0 1277.0 453.0 1269.0 small-vehicle 0
460.0 1291.0 455.0 1296.0 440.0 1283.0 444.0 1277.0 small-vehicle 0
451.0 1299.0 445.0 1304.0 430.0 1292.0 436.0 1286.0 small-vehicle 0
524.0 1213.0 518.0 1208.0 525.0 1191.0 534.0 1196.0 small-vehicle 0
507.0 1180.0 514.0 1185.0 507.0 1202.0 499.0 1197.0 small-vehicle 1
499.0 1177.0 507.0 1182.0 498.0 1199.0 491.0 1193.0 small-vehicle 1
491.0 1173.0 499.0 1178.0 490.0 1192.0 483.0 1188.0 small-vehicle 0
561.0 1105.0 569.0 1110.0 562.0 1125.0 554.0 1120.0 small-vehicle 1
553.0 1100.0 560.0 1105.0 553.0 1120.0 545.0 1117.0 small-vehicle 1
545.0 1096.0 552.0 1101.0 545.0 1115.0 537.0 1110.0 small-vehicle 1
943.0 1479.0 948.0 1475.0 959.0 1489.0 955.0 1494.0 small-vehicle 1
763.0 1521.0 758.0 1525.0 746.0 1514.0 752.0 1508.0 small-vehicle 1
874.0 1446.0 881.0 1441.0 892.0 1457.0 887.0 1463.0 small-vehicle 1
883.0 1440.0 888.0 1435.0 901.0 1448.0 895.0 1452.0 small-vehicle 1
287.0 1362.0 293.0 1355.0 307.0 1369.0 302.0 1374.0 small-vehicle 1
905.0 1439.0 910.0 1434.0 921.0 1448.0 916.0 1451.0 small-vehicle 1
933.0 1444.0 928.0 1448.0 914.0 1435.0 920.0 1428.0 small-vehicle 0
905.0 1389.0 912.0 1384.0 922.0 1402.0 915.0 1404.0 small-vehicle 1
895.0 1396.0 902.0 1391.0 914.0 1405.0 907.0 1412.0 small-vehicle 1
833.0 1375.0 838.0 1381.0 824.0 1394.0 817.0 1388.0 small-vehicle 1
806.0 1344.0 813.0 1352.0 800.0 1361.0 793.0 1355.0 small-vehicle 1
796.0 1273.0 788.0 1274.0 789.0 1255.0 796.0 1255.0 small-vehicle 1
785.0 1283.0 778.0 1283.0 777.0 1265.0 786.0 1264.0 small-vehicle 1
776.0 1291.0 770.0 1292.0 768.0 1274.0 777.0 1272.0 small-vehicle 1
767.0 1297.0 760.0 1297.0 759.0 1279.0 767.0 1280.0 small-vehicle 1
757.0 1305.0 749.0 1304.0 750.0 1288.0 757.0 1288.0 small-vehicle 1
748.0 1313.0 740.0 1313.0 739.0 1293.0 748.0 1293.0 small-vehicle 1
817.0 1259.0 810.0 1259.0 811.0 1240.0 818.0 1240.0 small-vehicle 0
935.0 1486.0 940.0 1482.0 951.0 1494.0 945.0 1499.0 small-vehicle 1
951.0 1474.0 957.0 1470.0 969.0 1482.0 961.0 1489.0 small-vehicle 0
534.0 1092.0 545.0 1097.0 533.0 1112.0 527.0 1108.0 small-vehicle 1
957.0 1467.0 962.0 1462.0 976.0 1476.0 969.0 1481.0 small-vehicle 0
523.0 1106.0 517.0 1102.0 528.0 1085.0 535.0 1090.0 small-vehicle 1
517.0 1103.0 508.0 1097.0 516.0 1080.0 526.0 1086.0 small-vehicle 1
647.0 1123.0 655.0 1129.0 646.0 1143.0 639.0 1139.0 small-vehicle 1
737.0 1031.0 732.0 1037.0 715.0 1028.0 721.0 1020.0 small-vehicle 1
729.0 1040.0 725.0 1045.0 710.0 1039.0 715.0 1031.0 small-vehicle 1
726.0 1049.0 721.0 1055.0 705.0 1045.0 709.0 1036.0 small-vehicle 1
721.0 1054.0 717.0 1063.0 700.0 1055.0 703.0 1045.0 small-vehicle 1
710.0 1074.0 707.0 1080.0 691.0 1070.0 694.0 1063.0 small-vehicle 1
705.0 1084.0 702.0 1088.0 686.0 1079.0 690.0 1073.0 small-vehicle 1
701.0 1091.0 698.0 1097.0 680.0 1086.0 683.0 1080.0 small-vehicle 1
696.0 1098.0 692.0 1104.0 674.0 1097.0 678.0 1089.0 small-vehicle 1
1007.0 1434.0 1017.0 1429.0 1027.0 1445.0 1018.0 1449.0 small-vehicle 0
1000.0 1440.0 1006.0 1435.0 1015.0 1449.0 1010.0 1452.0 small-vehicle 0
989.0 1445.0 995.0 1441.0 1007.0 1456.0 1001.0 1460.0 small-vehicle 1
983.0 1450.0 988.0 1445.0 999.0 1462.0 992.0 1464.0 small-vehicle 1
974.0 1454.0 980.0 1451.0 990.0 1464.0 984.0 1468.0 small-vehicle 1
985.0 1473.0 980.0 1476.0 967.0 1464.0 973.0 1458.0 small-vehicle 1
302.0 503.0 358.0 520.0 342.0 573.0 287.0 555.0 plane 0
