imagesource:GoogleEarth
gsd:0.266759271818
447.0 823.0 453.0 828.0 442.0 842.0 437.0 839.0 small-vehicle 1
516.0 875.0 521.0 880.0 509.0 899.0 502.0 893.0 small-vehicle 1
532.0 886.0 538.0 891.0 526.0 911.0 519.0 904.0 small-vehicle 1
538.0 893.0 546.0 899.0 532.0 917.0 524.0 911.0 small-vehicle 1
548.0 898.0 555.0 904.0 542.0 924.0 533.0 919.0 small-vehicle 1
557.0 904.0 562.0 908.0 548.0 930.0 540.0 927.0 small-vehicle 1
562.0 909.0 571.0 917.0 554.0 936.0 547.0 931.0 small-vehicle 1
570.0 918.0 577.0 925.0 563.0 939.0 558.0 936.0 small-vehicle 1
578.0 924.0 583.0 929.0 572.0 947.0 563.0 943.0 small-vehicle 1
585.0 928.0 593.0 933.0 581.0 952.0 573.0 946.0 small-vehicle 1
601.0 939.0 606.0 946.0 594.0 964.0 586.0 959.0 small-vehicle 1
604.0 973.0 597.0 966.0 609.0 946.0 617.0 953.0 small-vehicle 1
446.0 908.0 438.0 902.0 450.0 881.0 457.0 887.0 small-vehicle 1
459.0 917.0 451.0 910.0 464.0 894.0 472.0 899.0 small-vehicle 1
475.0 928.0 468.0 922.0 478.0 905.0 489.0 912.0 small-vehicle 0
486.0 913.0 494.0 920.0 484.0 932.0 477.0 928.0 small-vehicle 1
501.0 923.0 509.0 932.0 497.0 947.0 490.0 940.0 small-vehicle 1
510.0 935.0 518.0 940.0 504.0 955.0 497.0 949.0 small-vehicle 1
518.0 938.0 527.0 945.0 513.0 960.0 508.0 955.0 small-vehicle 1
526.0 945.0 532.0 949.0 521.0 966.0 513.0 962.0 small-vehicle 1
533.0 950.0 540.0 954.0 529.0 972.0 522.0 967.0 small-vehicle 1
541.0 955.0 547.0 960.0 536.0 976.0 529.0 971.0 small-vehicle 1
452.0 914.0 458.0 919.0 448.0 936.0 440.0 933.0 small-vehicle 1
525.0 882.0 532.0 886.0 520.0 902.0 512.0 897.0 small-vehicle 1
510.0 866.0 517.0 871.0 504.0 893.0 497.0 887.0 small-vehicle 1
476.0 929.0 481.0 936.0 473.0 952.0 465.0 948.0 small-vehicle 1
502.0 864.0 509.0 868.0 497.0 886.0 487.0 883.0 small-vehicle 1
560.0 824.0 568.0 828.0 556.0 842.0 551.0 838.0 small-vehicle 1
447.0 771.0 453.0 777.0 443.0 797.0 432.0 789.0 small-vehicle 1
408.0 683.0 416.0 689.0 404.0 703.0 396.0 699.0 small-vehicle 1
430.0 700.0 438.0 707.0 426.0 723.0 418.0 718.0 small-vehicle 1
444.0 714.0 452.0 718.0 443.0 736.0 436.0 732.0 small-vehicle 1
452.0 719.0 459.0 723.0 448.0 740.0 442.0 737.0 small-vehicle 1
460.0 725.0 469.0 731.0 457.0 749.0 449.0 744.0 small-vehicle 1
598.0 912.0 604.0 917.0 594.0 933.0 589.0 930.0 small-vehicle 1
612.0 946.0 604.0 940.0 615.0 923.0 621.0 928.0 small-vehicle 1
625.0 930.0 631.0 935.0 620.0 951.0 614.0 947.0 small-vehicle 1
364.0 709.0 371.0 714.0 359.0 734.0 352.0 729.0 small-vehicle 1
372.0 716.0 378.0 721.0 366.0 742.0 358.0 737.0 small-vehicle 1
379.0 719.0 385.0 725.0 377.0 743.0 369.0 741.0 small-vehicle 1
390.0 727.0 395.0 733.0 381.0 751.0 373.0 747.0 small-vehicle 1
396.0 733.0 401.0 738.0 389.0 755.0 382.0 751.0 small-vehicle 1
405.0 738.0 412.0 745.0 398.0 761.0 391.0 758.0 small-vehicle 1
412.0 746.0 418.0 751.0 407.0 769.0 399.0 764.0 small-vehicle 1
421.0 752.0 426.0 756.0 415.0 774.0 409.0 769.0 small-vehicle 1
432.0 810.0 437.0 813.0 426.0 833.0 419.0 830.0 small-vehicle 1
484.0 850.0 492.0 858.0 479.0 877.0 471.0 871.0 small-vehicle 1
496.0 858.0 499.0 865.0 488.0 880.0 480.0 873.0 small-vehicle 1
465.0 923.0 472.0 929.0 462.0 944.0 455.0 939.0 small-vehicle 1
484.0 936.0 491.0 941.0 480.0 960.0 473.0 954.0 small-vehicle 1
573.0 834.0 581.0 840.0 571.0 855.0 564.0 851.0 small-vehicle 1
274.0 645.0 266.0 640.0 275.0 624.0 284.0 627.0 small-vehicle 1
210.0 613.0 203.0 610.0 209.0 595.0 215.0 597.0 small-vehicle 1
201.0 610.0 193.0 606.0 199.0 591.0 208.0 594.0 small-vehicle 1
190.0 604.0 182.0 600.0 189.0 585.0 196.0 588.0 small-vehicle 1
75.0 558.0 70.0 563.0 53.0 554.0 56.0 546.0 small-vehicle 1
84.0 549.0 78.0 556.0 57.0 545.0 61.0 538.0 large-vehicle 0
93.0 538.0 87.0 543.0 70.0 533.0 74.0 524.0 large-vehicle 0
196.0 542.0 201.0 547.0 197.0 562.0 190.0 559.0 small-vehicle 1
186.0 540.0 193.0 543.0 186.0 560.0 178.0 556.0 small-vehicle 1
175.0 535.0 182.0 539.0 176.0 556.0 169.0 550.0 small-vehicle 1
165.0 531.0 172.0 535.0 164.0 551.0 157.0 545.0 small-vehicle 1
156.0 525.0 161.0 527.0 155.0 543.0 147.0 541.0 small-vehicle 1
146.0 517.0 153.0 520.0 144.0 540.0 136.0 535.0 small-vehicle 1
136.0 511.0 142.0 514.0 135.0 530.0 126.0 528.0 small-vehicle 1
128.0 507.0 135.0 511.0 127.0 525.0 118.0 522.0 small-vehicle 1
113.0 500.0 107.0 509.0 87.0 498.0 90.0 486.0 large-vehicle 0
118.0 488.0 113.0 496.0 91.0 486.0 96.0 474.0 large-vehicle 0
555.0 704.0 547.0 698.0 562.0 679.0 569.0 686.0 large-vehicle 0
395.0 499.0 400.0 493.0 421.0 507.0 418.0 514.0 small-vehicle 0
311.0 437.0 316.0 429.0 336.0 444.0 333.0 453.0 small-vehicle 0
1134.0 898.0 1107.0 951.0 950.0 839.0 985.0 791.0 ship 0
535.0 269.0 518.0 301.0 459.0 268.0 478.0 236.0 plane 0
263.0 635.0 255.0 630.0 262.0 616.0 269.0 621.0 small-vehicle 1
317.0 628.0 324.0 634.0 299.0 690.0 291.0 687.0 large-vehicle 0
490.0 944.0 496.0 952.0 488.0 964.0 480.0 959.0 small-vehicle 1
318.0 658.0 318.0 651.0 332.0 651.0 334.0 658.0 large-vehicle 1
491.0 970.0 485.0 966.0 497.0 948.0 504.0 955.0 small-vehicle 1
499.0 977.0 493.0 970.0 504.0 955.0 512.0 958.0 small-vehicle 1
508.0 985.0 501.0 977.0 514.0 960.0 522.0 968.0 small-vehicle 1
526.0 995.0 519.0 989.0 528.0 971.0 537.0 975.0 small-vehicle 1
291.0 919.0 285.0 916.0 293.0 895.0 302.0 900.0 small-vehicle 1
312.0 925.0 303.0 921.0 312.0 902.0 321.0 906.0 small-vehicle 1
355.0 943.0 347.0 939.0 357.0 920.0 364.0 923.0 small-vehicle 1
382.0 957.0 375.0 953.0 384.0 932.0 389.0 936.0 small-vehicle 1
579.0 1052.0 569.0 1051.0 569.0 1029.0 581.0 1029.0 small-vehicle 1
12.0 934.0 21.0 931.0 27.0 955.0 17.0 957.0 small-vehicle 1
24.0 935.0 33.0 932.0 38.0 954.0 29.0 957.0 small-vehicle 1
94.0 853.0 91.0 861.0 74.0 854.0 75.0 846.0 small-vehicle 1
253.0 760.0 248.0 767.0 229.0 761.0 232.0 751.0 small-vehicle 1
264.0 732.0 259.0 739.0 242.0 734.0 247.0 724.0 small-vehicle 1
229.0 814.0 225.0 820.0 206.0 815.0 208.0 806.0 small-vehicle 1
275.0 764.0 283.0 768.0 273.0 789.0 266.0 787.0 small-vehicle 1
288.0 759.0 278.0 756.0 285.0 733.0 295.0 735.0 small-vehicle 1
273.0 725.0 283.0 730.0 273.0 755.0 262.0 749.0 small-vehicle 1
303.0 693.0 316.0 698.0 301.0 726.0 290.0 724.0 large-vehicle 0
283.0 700.0 278.0 707.0 256.0 699.0 261.0 691.0 large-vehicle 1
291.0 684.0 287.0 690.0 263.0 678.0 268.0 670.0 large-vehicle 1
569.0 830.0 573.0 833.0 563.0 850.0 557.0 846.0 small-vehicle 1
584.0 841.0 591.0 845.0 581.0 862.0 573.0 857.0 small-vehicle 1
773.0 992.0 779.0 998.0 770.0 1013.0 764.0 1007.0 small-vehicle 1
861.0 1057.0 867.0 1063.0 854.0 1080.0 850.0 1075.0 small-vehicle 1
831.0 1034.0 837.0 1039.0 825.0 1056.0 818.0 1050.0 small-vehicle 1
823.0 1029.0 829.0 1032.0 819.0 1048.0 812.0 1044.0 small-vehicle 1
814.0 1021.0 822.0 1028.0 810.0 1043.0 803.0 1039.0 small-vehicle 1
805.0 1016.0 812.0 1022.0 801.0 1036.0 795.0 1031.0 small-vehicle 1
799.0 1009.0 807.0 1015.0 794.0 1031.0 787.0 1026.0 small-vehicle 1
791.0 1005.0 796.0 1010.0 787.0 1025.0 781.0 1022.0 small-vehicle 1
783.0 998.0 792.0 1002.0 780.0 1020.0 774.0 1018.0 small-vehicle 1
767.0 986.0 772.0 992.0 763.0 1007.0 755.0 1004.0 small-vehicle 1
757.0 979.0 766.0 987.0 757.0 1000.0 748.0 997.0 small-vehicle 1
752.0 977.0 758.0 981.0 748.0 996.0 741.0 993.0 small-vehicle 1
745.0 969.0 753.0 974.0 742.0 988.0 736.0 985.0 small-vehicle 1
735.0 961.0 744.0 968.0 736.0 984.0 728.0 982.0 small-vehicle 1
727.0 956.0 735.0 965.0 725.0 979.0 719.0 974.0 small-vehicle 1
720.0 950.0 729.0 957.0 717.0 974.0 710.0 968.0 small-vehicle 1
713.0 945.0 718.0 952.0 709.0 965.0 704.0 961.0 small-vehicle 1
706.0 939.0 712.0 944.0 704.0 959.0 696.0 951.0 small-vehicle 1
698.0 933.0 705.0 936.0 694.0 950.0 688.0 946.0 small-vehicle 1
692.0 926.0 698.0 932.0 690.0 945.0 683.0 939.0 small-vehicle 1
783.0 1080.0 789.0 1085.0 779.0 1098.0 769.0 1094.0 small-vehicle 1
774.0 1075.0 781.0 1080.0 768.0 1095.0 763.0 1090.0 small-vehicle 1
805.0 1070.0 811.0 1076.0 799.0 1091.0 791.0 1086.0 small-vehicle 1
854.0 1051.0 860.0 1056.0 848.0 1071.0 839.0 1066.0 small-vehicle 1
869.0 1062.0 875.0 1068.0 866.0 1086.0 858.0 1081.0 small-vehicle 1
790.0 1058.0 794.0 1061.0 783.0 1078.0 776.0 1076.0 small-vehicle 1
881.0 1072.0 890.0 1081.0 880.0 1092.0 873.0 1089.0 small-vehicle 1
759.0 1059.0 752.0 1055.0 765.0 1038.0 772.0 1044.0 small-vehicle 1
694.0 747.0 700.0 739.0 722.0 757.0 716.0 765.0 small-vehicle 1
845.0 1047.0 851.0 1052.0 841.0 1065.0 835.0 1061.0 small-vehicle 1
838.0 1039.0 845.0 1045.0 834.0 1060.0 828.0 1054.0 small-vehicle 1
516.0 670.0 508.0 664.0 519.0 650.0 527.0 656.0 small-vehicle 1
534.0 689.0 529.0 685.0 542.0 668.0 547.0 672.0 small-vehicle 1
374.0 950.0 365.0 947.0 373.0 929.0 380.0 932.0 small-vehicle 1
536.0 864.0 543.0 869.0 534.0 884.0 525.0 881.0 small-vehicle 1
545.0 870.0 552.0 876.0 541.0 890.0 534.0 887.0 small-vehicle 1
552.0 876.0 559.0 881.0 547.0 897.0 539.0 893.0 small-vehicle 1
554.0 901.0 548.0 896.0 561.0 881.0 569.0 885.0 small-vehicle 1
564.0 905.0 558.0 902.0 570.0 887.0 577.0 891.0 small-vehicle 1
571.0 915.0 565.0 910.0 576.0 894.0 584.0 900.0 small-vehicle 1
577.0 922.0 572.0 915.0 584.0 901.0 590.0 905.0 small-vehicle 1
586.0 926.0 580.0 921.0 592.0 907.0 597.0 910.0 small-vehicle 1
302.0 919.0 296.0 917.0 305.0 899.0 311.0 901.0 small-vehicle 1
345.0 936.0 338.0 934.0 346.0 914.0 356.0 914.0 small-vehicle 1
901.0 872.0 893.0 880.0 862.0 857.0 868.0 847.0 large-vehicle 0
1100.0 1049.0 1107.0 1042.0 1161.0 1080.0 1155.0 1089.0 large-vehicle 0
833.0 924.0 828.0 931.0 806.0 915.0 813.0 906.0 large-vehicle 0
929.0 883.0 922.0 876.0 936.0 857.0 943.0 863.0 small-vehicle 1
796.0 1064.0 804.0 1070.0 792.0 1083.0 785.0 1079.0 small-vehicle 1
766.0 1070.0 772.0 1075.0 761.0 1089.0 751.0 1085.0 small-vehicle 1
592.0 848.0 596.0 852.0 588.0 866.0 582.0 863.0 small-vehicle 1
687.0 981.0 694.0 986.0 683.0 1001.0 676.0 996.0 small-vehicle 1
668.0 972.0 677.0 978.0 666.0 991.0 662.0 987.0 small-vehicle 1
662.0 967.0 668.0 972.0 660.0 987.0 651.0 982.0 small-vehicle 1
697.0 1077.0 705.0 1084.0 694.0 1095.0 685.0 1092.0 small-vehicle 1
690.0 1071.0 697.0 1077.0 687.0 1089.0 680.0 1087.0 small-vehicle 1
683.0 1067.0 690.0 1071.0 681.0 1087.0 674.0 1081.0 small-vehicle 1
677.0 1060.0 683.0 1065.0 672.0 1079.0 665.0 1073.0 small-vehicle 1
667.0 1054.0 673.0 1059.0 663.0 1076.0 656.0 1072.0 small-vehicle 1
658.0 1049.0 666.0 1053.0 654.0 1068.0 647.0 1064.0 small-vehicle 1
644.0 1034.0 652.0 1040.0 641.0 1056.0 633.0 1049.0 small-vehicle 1
638.0 1030.0 643.0 1035.0 632.0 1049.0 625.0 1044.0 small-vehicle 1
630.0 1018.0 637.0 1026.0 625.0 1043.0 616.0 1036.0 small-vehicle 1
678.0 906.0 683.0 912.0 673.0 927.0 669.0 922.0 small-vehicle 1
668.0 899.0 674.0 906.0 664.0 925.0 657.0 920.0 small-vehicle 1
658.0 896.0 665.0 900.0 655.0 915.0 649.0 912.0 small-vehicle 1
652.0 889.0 660.0 896.0 646.0 912.0 638.0 909.0 small-vehicle 1
639.0 885.0 646.0 891.0 637.0 904.0 631.0 901.0 small-vehicle 1
633.0 880.0 638.0 885.0 627.0 901.0 619.0 896.0 small-vehicle 1
625.0 874.0 633.0 880.0 621.0 894.0 613.0 890.0 small-vehicle 1
616.0 865.0 622.0 871.0 611.0 886.0 604.0 882.0 small-vehicle 1
606.0 861.0 613.0 865.0 602.0 881.0 596.0 877.0 small-vehicle 1
598.0 854.0 608.0 859.0 596.0 873.0 587.0 868.0 small-vehicle 1
677.0 979.0 685.0 985.0 676.0 997.0 667.0 993.0 small-vehicle 1
695.0 987.0 702.0 992.0 692.0 1007.0 686.0 1002.0 small-vehicle 1
758.0 1064.0 765.0 1068.0 752.0 1083.0 744.0 1076.0 small-vehicle 1
701.0 996.0 708.0 1000.0 700.0 1015.0 691.0 1011.0 small-vehicle 1
775.0 1075.0 768.0 1069.0 780.0 1051.0 790.0 1056.0 small-vehicle 1
765.0 1064.0 759.0 1058.0 770.0 1047.0 780.0 1053.0 small-vehicle 1
751.0 1052.0 747.0 1047.0 757.0 1033.0 764.0 1036.0 small-vehicle 1
746.0 1076.0 739.0 1071.0 751.0 1055.0 758.0 1061.0 small-vehicle 1
737.0 1072.0 734.0 1065.0 745.0 1053.0 751.0 1057.0 small-vehicle 1
733.0 1066.0 724.0 1061.0 736.0 1046.0 742.0 1051.0 small-vehicle 1
724.0 1061.0 719.0 1056.0 729.0 1038.0 736.0 1044.0 small-vehicle 1
744.0 1051.0 737.0 1045.0 750.0 1026.0 756.0 1032.0 small-vehicle 1
741.0 1020.0 747.0 1027.0 735.0 1043.0 729.0 1040.0 small-vehicle 1
721.0 1035.0 726.0 1040.0 717.0 1054.0 709.0 1051.0 small-vehicle 1
712.0 1027.0 720.0 1033.0 708.0 1048.0 702.0 1042.0 small-vehicle 1
702.0 1022.0 709.0 1028.0 702.0 1040.0 694.0 1038.0 small-vehicle 1
690.0 1009.0 697.0 1015.0 686.0 1030.0 677.0 1026.0 small-vehicle 1
682.0 1004.0 690.0 1009.0 679.0 1024.0 672.0 1020.0 small-vehicle 1
673.0 998.0 679.0 1005.0 669.0 1017.0 661.0 1013.0 small-vehicle 1
664.0 994.0 673.0 999.0 662.0 1012.0 656.0 1006.0 small-vehicle 1
658.0 987.0 664.0 993.0 654.0 1005.0 647.0 998.0 small-vehicle 1
734.0 1015.0 739.0 1021.0 730.0 1037.0 722.0 1032.0 small-vehicle 1
725.0 1009.0 734.0 1015.0 721.0 1032.0 716.0 1026.0 small-vehicle 1
718.0 1003.0 724.0 1010.0 713.0 1025.0 707.0 1021.0 small-vehicle 1
708.0 1001.0 715.0 1006.0 705.0 1023.0 700.0 1017.0 small-vehicle 1
1414.0 784.0 1239.0 1034.0 206.0 250.0 408.0 17.0 ship 0
