imagesource:GoogleEarth
gsd:0.133640862307
355.0 502.0 344.0 491.0 373.0 464.0 383.0 475.0 small-vehicle 1
421.0 776.0 413.0 764.0 436.0 748.0 445.0 759.0 small-vehicle 1
372.0 339.0 388.0 353.0 328.0 406.0 313.0 392.0 large-vehicle 0
390.0 360.0 403.0 374.0 340.0 430.0 326.0 413.0 large-vehicle 0
379.0 427.0 394.0 441.0 330.0 494.0 316.0 475.0 large-vehicle 0
404.0 534.0 417.0 548.0 360.0 599.0 347.0 585.0 large-vehicle 0
410.0 562.0 421.0 577.0 365.0 627.0 350.0 613.0 large-vehicle 0
237.0 119.0 231.0 102.0 271.0 90.0 278.0 107.0 small-vehicle 0
306.0 271.0 318.0 284.0 283.0 310.0 272.0 299.0 small-vehicle 0
264.0 779.0 281.0 772.0 299.0 812.0 285.0 820.0 small-vehicle 0
294.0 775.0 310.0 759.0 346.0 801.0 329.0 815.0 small-vehicle 0
387.0 694.0 374.0 682.0 398.0 654.0 412.0 665.0 small-vehicle 0
447.0 686.0 433.0 674.0 461.0 640.0 475.0 652.0 small-vehicle 0
460.0 707.0 444.0 692.0 471.0 656.0 487.0 671.0 small-vehicle 0
477.0 723.0 459.0 706.0 486.0 673.0 502.0 689.0 small-vehicle 0
491.0 737.0 478.0 724.0 504.0 694.0 516.0 707.0 small-vehicle 0
520.0 592.0 511.0 573.0 551.0 563.0 557.0 581.0 small-vehicle 0
525.0 632.0 518.0 615.0 561.0 601.0 568.0 619.0 small-vehicle 0
531.0 651.0 525.0 635.0 565.0 622.0 571.0 639.0 small-vehicle 0
541.0 675.0 532.0 658.0 568.0 643.0 575.0 659.0 small-vehicle 0
220.0 37.0 216.0 21.0 249.0 13.0 254.0 28.0 small-vehicle 1
219.0 54.0 216.0 40.0 250.0 31.0 253.0 46.0 small-vehicle 0
222.0 74.0 220.0 60.0 251.0 56.0 253.0 70.0 small-vehicle 0
610.0 183.0 618.0 173.0 645.0 197.0 637.0 207.0 small-vehicle 0
625.0 406.0 615.0 395.0 639.0 372.0 648.0 382.0 small-vehicle 1
644.0 430.0 635.0 421.0 658.0 398.0 667.0 407.0 small-vehicle 1
619.0 460.0 607.0 456.0 617.0 422.0 629.0 425.0 small-vehicle 1
348.0 303.0 354.0 321.0 304.0 340.0 297.0 322.0 large-vehicle 0
