imagesource:GoogleEarth
gsd:0.504405848205
1384.0 475.0 1388.0 475.0 1387.0 487.0 1383.0 487.0 small-vehicle 1
1264.0 433.0 1266.0 430.0 1276.0 431.0 1275.0 435.0 small-vehicle 1
1270.0 410.0 1270.0 404.0 1280.0 405.0 1280.0 410.0 small-vehicle 1
1273.0 393.0 1274.0 389.0 1286.0 390.0 1285.0 395.0 small-vehicle 1
1321.0 777.0 1325.0 777.0 1326.0 788.0 1320.0 788.0 small-vehicle 1
1310.0 784.0 1315.0 785.0 1316.0 775.0 1312.0 774.0 small-vehicle 1
1285.0 506.0 1284.0 512.0 1272.0 510.0 1273.0 505.0 small-vehicle 1
1295.0 448.0 1295.0 453.0 1285.0 453.0 1285.0 447.0 small-vehicle 1
1298.0 435.0 1298.0 439.0 1288.0 439.0 1288.0 435.0 small-vehicle 1
1260.0 453.0 1261.0 449.0 1270.0 450.0 1270.0 454.0 small-vehicle 1
1257.0 470.0 1257.0 466.0 1267.0 466.0 1267.0 471.0 small-vehicle 1
1255.0 480.0 1255.0 476.0 1265.0 477.0 1265.0 481.0 small-vehicle 1
1255.0 486.0 1255.0 482.0 1264.0 483.0 1264.0 487.0 small-vehicle 1
1276.0 495.0 1276.0 490.0 1288.0 491.0 1288.0 496.0 small-vehicle 1
1261.0 459.0 1261.0 455.0 1270.0 455.0 1269.0 459.0 small-vehicle 1
1264.0 440.0 1265.0 435.0 1275.0 436.0 1275.0 441.0 small-vehicle 1
1378.0 340.0 1378.0 344.0 1368.0 343.0 1369.0 339.0 small-vehicle 1
1387.0 121.0 1391.0 121.0 1392.0 132.0 1387.0 132.0 small-vehicle 1
1352.0 136.0 1354.0 131.0 1363.0 133.0 1362.0 137.0 small-vehicle 1
1221.0 324.0 1201.0 418.0 726.0 313.0 746.0 221.0 ship 0
457.0 151.0 480.0 57.0 1306.0 233.0 1283.0 333.0 harbor 0
1267.0 422.0 1268.0 417.0 1277.0 418.0 1277.0 423.0 small-vehicle 1
1338.0 311.0 1333.0 311.0 1335.0 303.0 1339.0 303.0 small-vehicle 1
1314.0 465.0 1319.0 466.0 1316.0 478.0 1312.0 477.0 small-vehicle 1
1276.0 832.0 1277.0 827.0 1287.0 829.0 1287.0 834.0 small-vehicle 1
1321.0 432.0 1326.0 433.0 1323.0 445.0 1319.0 444.0 small-vehicle 1
1330.0 403.0 1333.0 403.0 1332.0 414.0 1328.0 413.0 small-vehicle 1
1332.0 386.0 1336.0 386.0 1335.0 397.0 1331.0 397.0 small-vehicle 1
1336.0 357.0 1341.0 357.0 1340.0 370.0 1335.0 370.0 small-vehicle 1
1361.0 241.0 1366.0 241.0 1365.0 251.0 1361.0 251.0 small-vehicle 1
1390.0 108.0 1395.0 108.0 1393.0 118.0 1389.0 118.0 small-vehicle 1
1395.0 79.0 1399.0 79.0 1398.0 90.0 1394.0 90.0 small-vehicle 1
1399.0 62.0 1404.0 61.0 1403.0 72.0 1399.0 72.0 small-vehicle 1
1388.0 23.0 1387.0 29.0 1375.0 27.0 1376.0 21.0 small-vehicle 1
1381.0 788.0 1386.0 789.0 1386.0 800.0 1381.0 800.0 small-vehicle 1
1393.0 791.0 1398.0 791.0 1396.0 802.0 1391.0 801.0 small-vehicle 1
1403.0 793.0 1408.0 793.0 1407.0 805.0 1401.0 805.0 small-vehicle 1
1407.0 823.0 1411.0 824.0 1409.0 837.0 1404.0 836.0 small-vehicle 1
1388.0 791.0 1392.0 791.0 1391.0 802.0 1387.0 802.0 small-vehicle 1
1379.0 818.0 1383.0 817.0 1384.0 829.0 1380.0 830.0 small-vehicle 1
1365.0 815.0 1369.0 816.0 1368.0 826.0 1364.0 825.0 small-vehicle 1
1358.0 783.0 1362.0 783.0 1361.0 794.0 1357.0 794.0 small-vehicle 1
1341.0 804.0 1339.0 808.0 1330.0 805.0 1332.0 801.0 small-vehicle 1
1215.0 661.0 1216.0 655.0 1225.0 655.0 1225.0 661.0 small-vehicle 1
181.0 558.0 211.0 421.0 1190.0 632.0 1164.0 759.0 harbor 0
