imagesource:GoogleEarth
gsd:0.142460161844
346.0 802.0 358.0 802.0 357.0 825.0 345.0 825.0 ship 0
246.0 1460.0 273.0 1360.0 486.0 1400.0 460.0 1508.0 harbor 0
273.0 837.0 273.0 767.0 526.0 758.0 528.0 829.0 harbor 0
340.0 334.0 353.0 299.0 596.0 377.0 583.0 415.0 harbor 0
496.0 41.0 524.0 6.0 705.0 124.0 680.0 161.0 harbor 0
208.0 1796.0 208.0 1721.0 575.0 1721.0 575.0 1794.0 harbor 0
104.0 1309.0 103.0 1270.0 479.0 1255.0 482.0 1301.0 harbor 0
133.0 1190.0 132.0 1118.0 498.0 1102.0 503.0 1174.0 harbor 0
