imagesource:GoogleEarth
gsd:0.133640320721
56.0 813.0 46.0 795.0 80.0 776.0 92.0 796.0 large-vehicle 0
591.0 595.0 570.0 596.0 563.0 546.0 584.0 543.0 small-vehicle 0
261.0 175.0 265.0 196.0 180.0 209.0 176.0 186.0 large-vehicle 0
288.0 328.0 305.0 343.0 242.0 405.0 225.0 390.0 large-vehicle 0
288.0 366.0 304.0 383.0 247.0 443.0 227.0 426.0 large-vehicle 0
306.0 399.0 321.0 413.0 261.0 476.0 244.0 459.0 large-vehicle 0
335.0 520.0 350.0 538.0 291.0 595.0 272.0 579.0 large-vehicle 0
345.0 611.0 361.0 624.0 304.0 687.0 288.0 674.0 large-vehicle 0
388.0 638.0 403.0 651.0 349.0 719.0 334.0 703.0 large-vehicle 0
483.0 716.0 504.0 714.0 517.0 794.0 493.0 796.0 large-vehicle 0
563.0 691.0 586.0 686.0 604.0 766.0 581.0 772.0 large-vehicle 0
294.0 83.0 292.0 66.0 327.0 62.0 328.0 77.0 small-vehicle 0
294.0 59.0 290.0 43.0 322.0 37.0 326.0 52.0 small-vehicle 0
291.0 37.0 288.0 20.0 315.0 15.0 320.0 33.0 small-vehicle 0
321.0 182.0 317.0 167.0 350.0 162.0 354.0 175.0 small-vehicle 0
347.0 280.0 343.0 260.0 377.0 253.0 381.0 270.0 small-vehicle 0
330.0 225.0 327.0 208.0 359.0 203.0 363.0 218.0 small-vehicle 0
447.0 755.0 432.0 746.0 448.0 712.0 465.0 720.0 small-vehicle 0
67.0 776.0 59.0 760.0 97.0 743.0 105.0 758.0 small-vehicle 0
43.0 737.0 36.0 719.0 75.0 702.0 83.0 719.0 small-vehicle 0
30.0 720.0 22.0 702.0 58.0 686.0 67.0 702.0 small-vehicle 0
21.0 696.0 13.0 680.0 49.0 663.0 58.0 680.0 small-vehicle 0
96.0 853.0 87.0 836.0 122.0 815.0 132.0 832.0 small-vehicle 0
239.0 132.0 241.0 152.0 179.0 166.0 174.0 146.0 large-vehicle 0
