imagesource:GoogleEarth
gsd:0.124491589001
865.0 59.0 849.0 57.0 854.0 20.0 873.0 22.0 small-vehicle 1
1923.0 377.0 1938.0 379.0 1933.0 417.0 1920.0 416.0 ship 0
337.0 711.0 269.0 694.0 375.0 277.0 441.0 290.0 harbor 0
497.0 1029.0 434.0 1019.0 571.0 328.0 637.0 336.0 harbor 0
1005.0 1022.0 869.0 1004.0 953.0 430.0 1070.0 447.0 harbor 0
1403.0 762.0 1298.0 760.0 1309.0 400.0 1419.0 403.0 harbor 0
1616.0 931.0 1571.0 927.0 1630.0 535.0 1676.0 540.0 harbor 0
1959.0 1006.0 1830.0 989.0 1907.0 468.0 2030.0 478.0 harbor 0
2256.0 1090.0 2163.0 1074.0 2253.0 554.0 2354.0 565.0 harbor 0
2370.0 1150.0 2304.0 1130.0 2427.0 570.0 2499.0 585.0 harbor 0
2574.0 1152.0 2498.0 1124.0 2664.0 624.0 2742.0 655.0 harbor 0
1422.0 280.0 1405.0 219.0 1496.0 188.0 1515.0 248.0 swimming-pool 0
1876.0 299.0 1879.0 227.0 1959.0 231.0 1956.0 306.0 swimming-pool 0
961.0 103.0 942.0 102.0 945.0 60.0 964.0 62.0 small-vehicle 0
936.0 115.0 915.0 112.0 920.0 71.0 940.0 75.0 small-vehicle 0
881.0 944.0 908.0 948.0 897.0 1002.0 873.0 999.0 ship 0
966.0 925.0 1007.0 934.0 990.0 1018.0 951.0 1016.0 ship 0
1927.0 914.0 1969.0 917.0 1959.0 1013.0 1918.0 1007.0 ship 0
2457.0 112.0 2435.0 109.0 2442.0 68.0 2462.0 72.0 small-vehicle 0
2350.0 1076.0 2378.0 1081.0 2367.0 1144.0 2340.0 1138.0 ship 0
1622.0 227.0 1622.0 267.0 1704.0 289.0 1706.0 233.0 swimming-pool 0
657.0 189.0 731.0 227.0 719.0 272.0 637.0 239.0 swimming-pool 0
320.0 8.0 297.0 65.0 400.0 104.0 418.0 42.0 swimming-pool 0
612.0 446.0 597.0 448.0 596.0 415.0 609.0 415.0 ship 0
575.0 451.0 560.0 448.0 563.0 418.0 575.0 420.0 ship 0
1850.0 927.0 1873.0 927.0 1866.0 990.0 1843.0 988.0 ship 0
2766.0 597.0 2773.0 585.0 2808.0 605.0 2802.0 618.0 ship 0
145.0 410.0 110.0 404.0 123.0 225.0 157.0 228.0 harbor 0
