imagesource:GoogleEarth
gsd:0.130623128831
1727.0 2022.0 1812.0 2065.0 1789.0 2127.0 1696.0 2083.0 swimming-pool 0
2347.0 1597.0 2407.0 1626.0 2175.0 2094.0 2121.0 2067.0 harbor 0
311.0 1810.0 330.0 1801.0 346.0 1839.0 329.0 1848.0 small-vehicle 0
337.0 1666.0 354.0 1663.0 356.0 1701.0 340.0 1702.0 small-vehicle 0
381.0 1157.0 369.0 1174.0 332.0 1148.0 346.0 1131.0 small-vehicle 0
590.0 407.0 570.0 389.0 609.0 348.0 626.0 366.0 ship 0
899.0 1800.0 917.0 1766.0 985.0 1798.0 967.0 1830.0 swimming-pool 0
648.0 1624.0 677.0 1587.0 748.0 1637.0 720.0 1676.0 swimming-pool 0
597.0 1355.0 650.0 1344.0 669.0 1414.0 616.0 1428.0 swimming-pool 0
449.0 1167.0 509.0 1160.0 525.0 1274.0 465.0 1281.0 swimming-pool 0
248.0 1051.0 278.0 1020.0 345.0 1077.0 315.0 1110.0 swimming-pool 0
2039.0 1434.0 2106.0 1472.0 1864.0 1919.0 1794.0 1870.0 harbor 0
65.0 880.0 96.0 853.0 157.0 913.0 125.0 941.0 swimming-pool 0
1917.0 1330.0 1980.0 1363.0 1719.0 1839.0 1644.0 1795.0 harbor 0
1698.0 1301.0 1745.0 1330.0 1503.0 1734.0 1452.0 1696.0 harbor 0
1567.0 1157.0 1627.0 1192.0 1357.0 1651.0 1300.0 1613.0 harbor 0
1370.0 1005.0 1443.0 1058.0 1163.0 1529.0 1082.0 1472.0 harbor 0
1166.0 912.0 1241.0 984.0 926.0 1368.0 848.0 1294.0 harbor 0
981.0 743.0 1051.0 800.0 739.0 1193.0 663.0 1135.0 harbor 0
865.0 599.0 930.0 667.0 554.0 1039.0 497.0 975.0 harbor 0
741.0 489.0 795.0 554.0 453.0 921.0 392.0 854.0 harbor 0
592.0 325.0 652.0 390.0 273.0 793.0 209.0 726.0 harbor 0
567.0 1838.0 587.0 1836.0 592.0 1871.0 573.0 1874.0 small-vehicle 0
564.0 1899.0 576.0 1912.0 550.0 1938.0 536.0 1924.0 small-vehicle 0
1420.0 2100.0 1435.0 2110.0 1412.0 2147.0 1396.0 2138.0 small-vehicle 0
1268.0 2095.0 1288.0 2082.0 1311.0 2118.0 1293.0 2130.0 small-vehicle 0
1630.0 1976.0 1667.0 2019.0 1647.0 2039.0 1607.0 1996.0 swimming-pool 0
789.0 2050.0 806.0 2056.0 794.0 2096.0 776.0 2090.0 small-vehicle 1
731.0 1954.0 735.0 1972.0 706.0 1978.0 702.0 1960.0 small-vehicle 1
20.0 1772.0 17.0 1757.0 54.0 1753.0 57.0 1768.0 small-vehicle 1
34.0 1809.0 28.0 1794.0 59.0 1778.0 67.0 1793.0 small-vehicle 1
458.0 1818.0 447.0 1803.0 480.0 1778.0 492.0 1794.0 small-vehicle 1
714.0 1762.0 728.0 1772.0 702.0 1809.0 687.0 1797.0 small-vehicle 1
1675.0 1475.0 1665.0 1469.0 1677.0 1445.0 1688.0 1451.0 ship 0
1627.0 1437.0 1638.0 1444.0 1625.0 1467.0 1613.0 1461.0 ship 0
1127.0 985.0 1134.0 992.0 1119.0 1010.0 1111.0 1001.0 ship 0
975.0 796.0 963.0 786.0 984.0 751.0 998.0 761.0 ship 0
744.0 571.0 728.0 555.0 765.0 513.0 783.0 530.0 ship 0
573.0 420.0 564.0 425.0 545.0 405.0 555.0 397.0 ship 0
1377.0 1083.0 1358.0 1072.0 1387.0 1025.0 1409.0 1037.0 ship 0
1908.0 1404.0 1885.0 1389.0 1918.0 1332.0 1941.0 1346.0 ship 0
1688.0 1365.0 1667.0 1350.0 1696.0 1303.0 1716.0 1318.0 ship 0
1391.0 2086.0 1410.0 2093.0 1393.0 2127.0 1378.0 2120.0 small-vehicle 0
1161.0 2021.0 1183.0 2029.0 1165.0 2068.0 1143.0 2058.0 small-vehicle 0
1208.0 2074.0 1215.0 2056.0 1255.0 2069.0 1249.0 2087.0 small-vehicle 0
400.0 169.0 465.0 249.0 107.0 602.0 39.0 527.0 harbor 0
