imagesource:GoogleEarth
gsd:0.124359004291
33.0 281.0 13.0 280.0 18.0 217.0 40.0 219.0 large-vehicle 0
608.0 759.0 601.0 738.0 640.0 727.0 647.0 749.0 ship 0
174.0 377.0 150.0 377.0 155.0 318.0 180.0 321.0 small-vehicle 0
116.0 405.0 91.0 404.0 94.0 354.0 121.0 355.0 small-vehicle 0
115.0 338.0 91.0 337.0 97.0 280.0 120.0 282.0 small-vehicle 0
89.0 357.0 64.0 356.0 64.0 297.0 91.0 297.0 small-vehicle 0
60.0 321.0 35.0 320.0 38.0 264.0 65.0 263.0 small-vehicle 0
513.0 633.0 508.0 614.0 580.0 595.0 586.0 616.0 large-vehicle 0
536.0 874.0 529.0 856.0 584.0 838.0 590.0 858.0 large-vehicle 0
609.0 884.0 605.0 865.0 666.0 849.0 672.0 869.0 large-vehicle 0
557.0 807.0 549.0 790.0 602.0 771.0 609.0 791.0 large-vehicle 0
520.0 762.0 514.0 746.0 568.0 726.0 574.0 742.0 large-vehicle 0
426.0 440.0 399.0 441.0 396.0 345.0 425.0 344.0 large-vehicle 0
325.0 423.0 301.0 423.0 303.0 333.0 329.0 333.0 large-vehicle 0
296.0 401.0 269.0 402.0 271.0 317.0 299.0 317.0 large-vehicle 0
262.0 412.0 235.0 410.0 245.0 322.0 271.0 324.0 large-vehicle 0
216.0 291.0 190.0 289.0 195.0 229.0 221.0 230.0 large-vehicle 0
178.0 322.0 156.0 320.0 160.0 262.0 183.0 263.0 large-vehicle 0
151.0 352.0 128.0 352.0 129.0 287.0 154.0 288.0 large-vehicle 0
202.0 416.0 177.0 413.0 183.0 357.0 206.0 359.0 small-vehicle 0
208.0 348.0 185.0 346.0 189.0 292.0 213.0 293.0 small-vehicle 0
235.0 377.0 210.0 375.0 214.0 305.0 242.0 308.0 large-vehicle 0
523.0 724.0 516.0 700.0 616.0 677.0 623.0 701.0 large-vehicle 0
623.0 781.0 622.0 761.0 658.0 759.0 659.0 780.0 ship 0
635.0 930.0 631.0 913.0 674.0 906.0 677.0 922.0 small-vehicle 0
535.0 788.0 530.0 763.0 598.0 746.0 603.0 770.0 small-vehicle 0
231.0 627.0 228.0 605.0 279.0 596.0 282.0 615.0 small-vehicle 0
525.0 843.0 520.0 820.0 621.0 798.0 626.0 821.0 large-vehicle 0
573.0 926.0 564.0 899.0 657.0 877.0 661.0 903.0 large-vehicle 0
261.0 747.0 255.0 722.0 342.0 699.0 347.0 724.0 large-vehicle 0
510.0 696.0 505.0 674.0 606.0 648.0 613.0 671.0 large-vehicle 0
350.0 426.0 325.0 425.0 333.0 331.0 360.0 333.0 large-vehicle 0
509.0 664.0 505.0 643.0 596.0 621.0 603.0 641.0 large-vehicle 0
488.0 611.0 482.0 587.0 575.0 567.0 582.0 592.0 large-vehicle 0
486.0 581.0 479.0 558.0 572.0 535.0 578.0 559.0 large-vehicle 0
488.0 552.0 478.0 529.0 575.0 502.0 582.0 526.0 large-vehicle 0
477.0 523.0 470.0 498.0 554.0 476.0 560.0 498.0 large-vehicle 0
455.0 442.0 448.0 418.0 540.0 392.0 547.0 421.0 large-vehicle 0
378.0 437.0 350.0 435.0 360.0 344.0 387.0 348.0 large-vehicle 0
94.0 277.0 70.0 276.0 74.0 216.0 96.0 216.0 large-vehicle 0
