imagesource:GoogleEarth
gsd:0.141574449553
1259.0 2692.0 1265.0 2676.0 1298.0 2690.0 1292.0 2707.0 small-vehicle 1
1000.0 3147.0 1012.0 3150.0 1008.0 3187.0 995.0 3185.0 ship 0
903.0 625.0 936.0 543.0 1267.0 643.0 1241.0 727.0 harbor 0
603.0 1449.0 638.0 1331.0 1109.0 1465.0 1082.0 1575.0 harbor 0
486.0 1967.0 507.0 1910.0 967.0 2045.0 946.0 2106.0 harbor 0
424.0 1834.0 511.0 1656.0 979.0 1851.0 900.0 2017.0 harbor 0
119.0 2667.0 162.0 2561.0 547.0 2664.0 506.0 2774.0 harbor 0
163.0 2266.0 205.0 2179.0 606.0 2324.0 564.0 2417.0 harbor 0
178.0 3024.0 224.0 2977.0 468.0 3178.0 428.0 3227.0 harbor 0
284.0 2275.0 279.0 2295.0 215.0 2278.0 221.0 2258.0 ship 0
1302.0 2066.0 1323.0 2076.0 1298.0 2116.0 1279.0 2106.0 small-vehicle 0
1341.0 2088.0 1358.0 2098.0 1338.0 2130.0 1319.0 2122.0 small-vehicle 0
1266.0 2134.0 1274.0 2121.0 1301.0 2135.0 1295.0 2150.0 small-vehicle 0
1161.0 2383.0 1158.0 2398.0 1116.0 2389.0 1119.0 2374.0 small-vehicle 0
1299.0 2394.0 1297.0 2409.0 1260.0 2400.0 1263.0 2385.0 small-vehicle 0
1024.0 2701.0 1029.0 2687.0 1066.0 2699.0 1062.0 2712.0 small-vehicle 0
1027.0 2680.0 1034.0 2662.0 1076.0 2675.0 1068.0 2694.0 small-vehicle 0
1167.0 2834.0 1188.0 2836.0 1180.0 2873.0 1160.0 2872.0 small-vehicle 0
1191.0 3167.0 1201.0 3180.0 1177.0 3203.0 1166.0 3190.0 small-vehicle 0
1213.0 3174.0 1226.0 3189.0 1194.0 3216.0 1182.0 3200.0 small-vehicle 0
1238.0 3183.0 1249.0 3196.0 1220.0 3227.0 1207.0 3214.0 small-vehicle 0
961.0 237.0 1018.0 126.0 1240.0 221.0 1187.0 338.0 harbor 0
