imagesource:GoogleEarth
gsd:0.1300380143
682.0 207.0 688.0 186.0 726.0 200.0 718.0 221.0 small-vehicle 1
465.0 799.0 457.0 814.0 420.0 795.0 429.0 779.0 small-vehicle 1
60.0 443.0 54.0 459.0 16.0 449.0 23.0 429.0 small-vehicle 0
68.0 423.0 60.0 439.0 26.0 428.0 33.0 411.0 small-vehicle 0
76.0 403.0 68.0 421.0 35.0 407.0 43.0 388.0 small-vehicle 0
38.0 342.0 54.0 348.0 44.0 380.0 27.0 375.0 small-vehicle 0
603.0 203.0 580.0 195.0 591.0 156.0 615.0 163.0 small-vehicle 0
618.0 161.0 595.0 153.0 609.0 114.0 631.0 120.0 small-vehicle 0
634.0 117.0 610.0 110.0 624.0 70.0 646.0 79.0 small-vehicle 0
43.0 144.0 62.0 142.0 67.0 185.0 50.0 188.0 small-vehicle 0
77.0 96.0 83.0 80.0 119.0 90.0 112.0 107.0 small-vehicle 0
85.0 75.0 92.0 57.0 125.0 67.0 119.0 85.0 small-vehicle 0
89.0 51.0 94.0 35.0 135.0 48.0 129.0 63.0 small-vehicle 0
101.0 33.0 105.0 13.0 140.0 23.0 135.0 42.0 small-vehicle 0
172.0 145.0 193.0 150.0 180.0 187.0 161.0 182.0 small-vehicle 0
183.0 103.0 207.0 110.0 197.0 148.0 175.0 143.0 small-vehicle 0
205.0 58.0 228.0 65.0 213.0 107.0 192.0 99.0 small-vehicle 0
224.0 11.0 243.0 15.0 230.0 52.0 211.0 48.0 small-vehicle 0
1105.0 1165.0 1087.0 1157.0 1130.0 1071.0 1145.0 1078.0 large-vehicle 0
1078.0 1155.0 1059.0 1145.0 1108.0 1052.0 1125.0 1063.0 large-vehicle 0
1070.0 706.0 1062.0 727.0 996.0 700.0 1003.0 680.0 large-vehicle 0
1029.0 1140.0 1009.0 1130.0 1054.0 1040.0 1071.0 1051.0 large-vehicle 0
433.0 874.0 423.0 895.0 350.0 868.0 360.0 845.0 large-vehicle 0
656.0 817.0 649.0 835.0 572.0 810.0 580.0 791.0 large-vehicle 0
835.0 794.0 825.0 810.0 754.0 774.0 763.0 757.0 large-vehicle 0
847.0 769.0 837.0 784.0 762.0 750.0 771.0 734.0 large-vehicle 0
856.0 745.0 848.0 764.0 772.0 732.0 782.0 714.0 large-vehicle 0
872.0 730.0 863.0 747.0 792.0 712.0 801.0 696.0 large-vehicle 0
959.0 769.0 947.0 787.0 874.0 747.0 885.0 730.0 large-vehicle 0
54.0 463.0 49.0 479.0 16.0 466.0 22.0 450.0 small-vehicle 0
47.0 481.0 40.0 498.0 13.0 487.0 19.0 470.0 small-vehicle 0
83.0 583.0 60.0 576.0 70.0 537.0 93.0 542.0 small-vehicle 0
763.0 108.0 755.0 125.0 715.0 109.0 722.0 91.0 large-vehicle 0
548.0 1123.0 566.0 1126.0 559.0 1164.0 542.0 1161.0 small-vehicle 0
828.0 1131.0 830.0 1117.0 863.0 1126.0 861.0 1139.0 small-vehicle 0
838.0 1113.0 844.0 1098.0 880.0 1111.0 874.0 1128.0 small-vehicle 0
672.0 1017.0 687.0 1020.0 680.0 1057.0 665.0 1055.0 small-vehicle 0
713.0 1102.0 691.0 1096.0 708.0 1052.0 729.0 1056.0 small-vehicle 0
697.0 1077.0 680.0 1066.0 699.0 1036.0 715.0 1046.0 small-vehicle 0
771.0 1048.0 749.0 1038.0 767.0 982.0 790.0 988.0 small-vehicle 0
884.0 1014.0 865.0 1003.0 886.0 960.0 907.0 971.0 small-vehicle 0
1132.0 486.0 1127.0 503.0 1087.0 489.0 1093.0 471.0 small-vehicle 0
837.0 620.0 838.0 638.0 802.0 640.0 801.0 623.0 small-vehicle 0
812.0 525.0 826.0 531.0 815.0 557.0 800.0 552.0 small-vehicle 0
930.0 836.0 917.0 856.0 839.0 816.0 852.0 798.0 large-vehicle 0
771.0 82.0 761.0 103.0 716.0 85.0 727.0 66.0 large-vehicle 0
55.0 794.0 78.0 801.0 68.0 840.0 43.0 833.0 small-vehicle 0
716.0 241.0 706.0 265.0 657.0 247.0 669.0 224.0 large-vehicle 0
688.0 159.0 693.0 135.0 750.0 150.0 745.0 174.0 large-vehicle 0
725.0 45.0 737.0 18.0 788.0 39.0 776.0 67.0 large-vehicle 0
393.0 747.0 402.0 725.0 482.0 751.0 476.0 774.0 large-vehicle 0
571.0 791.0 558.0 816.0 484.0 778.0 494.0 753.0 large-vehicle 0
485.0 1091.0 506.0 1098.0 487.0 1145.0 467.0 1138.0 ship 0
348.0 1170.0 324.0 1172.0 322.0 1119.0 345.0 1118.0 small-vehicle 0
602.0 1147.0 620.0 1154.0 603.0 1184.0 586.0 1178.0 small-vehicle 0
575.0 1130.0 594.0 1137.0 579.0 1173.0 562.0 1166.0 small-vehicle 0
527.0 1103.0 549.0 1110.0 530.0 1161.0 509.0 1155.0 small-vehicle 0
623.0 1071.0 605.0 1062.0 622.0 1027.0 640.0 1033.0 small-vehicle 0
478.0 868.0 496.0 873.0 481.0 911.0 465.0 906.0 small-vehicle 0
938.0 820.0 928.0 836.0 854.0 796.0 866.0 778.0 large-vehicle 0
