imagesource:GoogleEarth
gsd:0.123747816994
128.0 434.0 142.0 425.0 162.0 456.0 146.0 467.0 small-vehicle 1
418.0 997.0 430.0 1019.0 400.0 1037.0 388.0 1020.0 small-vehicle 0
316.0 324.0 389.0 269.0 504.0 425.0 430.0 480.0 tennis-court 0
409.0 258.0 485.0 200.0 600.0 358.0 522.0 413.0 tennis-court 0
518.0 180.0 592.0 122.0 705.0 284.0 632.0 334.0 tennis-court 0
607.0 112.0 682.0 58.0 795.0 215.0 721.0 269.0 tennis-court 0
1111.0 1021.0 799.0 855.0 958.0 556.0 1270.0 727.0 baseball-diamond 0
1106.0 104.0 1253.0 271.0 1066.0 409.0 924.0 231.0 baseball-diamond 0
261.0 789.0 251.0 778.0 286.0 756.0 295.0 769.0 small-vehicle 0
407.0 910.0 421.0 927.0 394.0 949.0 383.0 934.0 small-vehicle 0
430.0 1017.0 441.0 1034.0 412.0 1056.0 400.0 1039.0 small-vehicle 0
1349.0 1159.0 1338.0 1145.0 1372.0 1119.0 1380.0 1134.0 small-vehicle 0
137.0 1149.0 124.0 1133.0 158.0 1110.0 171.0 1128.0 small-vehicle 0
178.0 1117.0 167.0 1099.0 205.0 1079.0 214.0 1095.0 small-vehicle 0
129.0 1228.0 117.0 1211.0 150.0 1186.0 161.0 1204.0 small-vehicle 0
102.0 1076.0 121.0 1087.0 102.0 1117.0 84.0 1107.0 small-vehicle 0
41.0 1212.0 30.0 1200.0 58.0 1179.0 68.0 1193.0 small-vehicle 0
1334.0 1146.0 1346.0 1158.0 1315.0 1184.0 1305.0 1172.0 small-vehicle 0
1292.0 1179.0 1302.0 1193.0 1271.0 1213.0 1261.0 1197.0 small-vehicle 0
1244.0 1212.0 1255.0 1227.0 1217.0 1251.0 1209.0 1236.0 small-vehicle 0
225.0 390.0 299.0 337.0 411.0 492.0 337.0 542.0 tennis-court 0
