imagesource:GoogleEarth
gsd:0.135285841823
697.0 62.0 707.0 49.0 732.0 72.0 723.0 83.0 small-vehicle 0
680.0 210.0 671.0 221.0 650.0 200.0 659.0 189.0 small-vehicle 0
380.0 460.0 321.0 402.0 443.0 276.0 503.0 334.0 tennis-court 0
458.0 537.0 398.0 479.0 522.0 350.0 583.0 411.0 tennis-court 0
536.0 612.0 476.0 553.0 601.0 427.0 661.0 487.0 tennis-court 0
614.0 687.0 554.0 630.0 678.0 503.0 738.0 563.0 tennis-court 0
693.0 817.0 610.0 737.0 717.0 630.0 797.0 709.0 basketball-court 0
85.0 77.0 72.0 89.0 51.0 68.0 65.0 53.0 small-vehicle 0
66.0 92.0 56.0 101.0 36.0 78.0 47.0 69.0 small-vehicle 0
228.0 99.0 238.0 86.0 263.0 112.0 255.0 123.0 small-vehicle 0
388.0 37.0 376.0 48.0 352.0 23.0 363.0 9.0 small-vehicle 0
481.0 104.0 493.0 116.0 466.0 143.0 454.0 131.0 small-vehicle 0
597.0 297.0 587.0 311.0 557.0 287.0 569.0 274.0 small-vehicle 0
53.0 899.0 68.0 883.0 99.0 912.0 86.0 927.0 small-vehicle 0
89.0 931.0 101.0 918.0 131.0 947.0 118.0 963.0 small-vehicle 0
130.0 968.0 142.0 954.0 175.0 983.0 164.0 997.0 small-vehicle 0
109.0 1013.0 121.0 1025.0 94.0 1056.0 81.0 1046.0 small-vehicle 0
399.0 1211.0 412.0 1221.0 389.0 1247.0 376.0 1235.0 small-vehicle 0
475.0 1139.0 485.0 1150.0 461.0 1177.0 448.0 1166.0 small-vehicle 0
315.0 1300.0 325.0 1313.0 299.0 1338.0 288.0 1328.0 small-vehicle 0
692.0 1295.0 678.0 1304.0 661.0 1276.0 675.0 1267.0 small-vehicle 0
664.0 1165.0 654.0 1177.0 626.0 1150.0 639.0 1137.0 small-vehicle 0
732.0 998.0 720.0 1013.0 691.0 990.0 704.0 975.0 small-vehicle 0
749.0 981.0 735.0 998.0 704.0 972.0 720.0 954.0 small-vehicle 0
693.0 197.0 683.0 207.0 663.0 186.0 676.0 175.0 small-vehicle 0
169.0 953.0 455.0 658.0 652.0 849.0 369.0 1144.0 soccer-ball-field 0
