imagesource:GoogleEarth
gsd:0.125628666152
871.0 277.0 858.0 292.0 819.0 258.0 830.0 243.0 small-vehicle 0
791.0 203.0 779.0 216.0 737.0 181.0 749.0 167.0 small-vehicle 0
138.0 341.0 151.0 327.0 183.0 358.0 171.0 373.0 small-vehicle 0
200.0 333.0 188.0 345.0 156.0 320.0 169.0 304.0 small-vehicle 0
221.0 301.0 209.0 316.0 183.0 290.0 193.0 276.0 small-vehicle 0
323.0 358.0 311.0 373.0 279.0 344.0 292.0 329.0 small-vehicle 0
304.0 387.0 292.0 400.0 265.0 376.0 277.0 364.0 small-vehicle 0
387.0 433.0 375.0 448.0 340.0 418.0 351.0 403.0 small-vehicle 0
404.0 417.0 394.0 430.0 362.0 402.0 373.0 388.0 small-vehicle 0
424.0 401.0 412.0 416.0 379.0 388.0 391.0 373.0 small-vehicle 0
341.0 341.0 330.0 356.0 297.0 327.0 308.0 313.0 small-vehicle 0
364.0 324.0 351.0 339.0 320.0 312.0 331.0 297.0 small-vehicle 0
448.0 365.0 439.0 381.0 406.0 355.0 415.0 340.0 small-vehicle 0
462.0 344.0 453.0 361.0 417.0 337.0 430.0 320.0 small-vehicle 0
494.0 310.0 481.0 326.0 448.0 297.0 461.0 281.0 small-vehicle 0
550.0 248.0 534.0 266.0 504.0 236.0 519.0 219.0 small-vehicle 0
598.0 190.0 585.0 204.0 554.0 178.0 566.0 164.0 small-vehicle 0
467.0 57.0 485.0 69.0 456.0 104.0 440.0 93.0 small-vehicle 0
186.0 210.0 173.0 196.0 196.0 165.0 213.0 179.0 small-vehicle 0
169.0 194.0 155.0 181.0 180.0 151.0 193.0 165.0 small-vehicle 0
152.0 178.0 132.0 161.0 158.0 125.0 178.0 141.0 small-vehicle 0
104.0 134.0 87.0 120.0 116.0 88.0 132.0 101.0 small-vehicle 0
81.0 119.0 68.0 106.0 99.0 67.0 113.0 81.0 small-vehicle 0
572.0 332.0 632.0 265.0 776.0 393.0 717.0 461.0 tennis-court 0
495.0 421.0 555.0 352.0 699.0 479.0 639.0 546.0 tennis-court 0
418.0 508.0 478.0 439.0 621.0 567.0 563.0 634.0 tennis-court 0
344.0 594.0 402.0 528.0 545.0 655.0 485.0 722.0 tennis-court 0
117.0 371.0 129.0 356.0 157.0 382.0 146.0 395.0 small-vehicle 0
287.0 409.0 274.0 423.0 243.0 396.0 256.0 382.0 small-vehicle 0
268.0 430.0 255.0 445.0 218.0 414.0 230.0 397.0 small-vehicle 0
241.0 534.0 254.0 519.0 285.0 546.0 273.0 563.0 small-vehicle 0
736.0 156.0 725.0 169.0 695.0 145.0 705.0 131.0 small-vehicle 0
66.0 804.0 52.0 821.0 25.0 796.0 39.0 781.0 small-vehicle 0
92.0 777.0 79.0 790.0 51.0 765.0 65.0 750.0 small-vehicle 0
109.0 749.0 97.0 764.0 71.0 741.0 83.0 727.0 small-vehicle 0
148.0 710.0 132.0 727.0 98.0 696.0 112.0 680.0 small-vehicle 0
162.0 690.0 150.0 704.0 119.0 676.0 133.0 661.0 small-vehicle 0
205.0 651.0 192.0 663.0 165.0 635.0 178.0 624.0 small-vehicle 0
225.0 634.0 210.0 649.0 176.0 614.0 187.0 600.0 small-vehicle 0
242.0 611.0 229.0 624.0 198.0 595.0 209.0 582.0 small-vehicle 0
256.0 587.0 244.0 600.0 214.0 571.0 225.0 558.0 small-vehicle 0
226.0 552.0 240.0 539.0 270.0 568.0 257.0 583.0 small-vehicle 0
305.0 534.0 289.0 550.0 255.0 520.0 269.0 501.0 small-vehicle 0
320.0 443.0 332.0 428.0 369.0 458.0 359.0 471.0 small-vehicle 0
138.0 505.0 149.0 491.0 176.0 517.0 164.0 530.0 small-vehicle 0
154.0 487.0 166.0 474.0 195.0 503.0 183.0 514.0 small-vehicle 0
209.0 488.0 195.0 500.0 169.0 468.0 183.0 455.0 small-vehicle 0
228.0 472.0 212.0 484.0 185.0 455.0 199.0 442.0 small-vehicle 0
49.0 439.0 62.0 425.0 93.0 453.0 78.0 466.0 small-vehicle 0
66.0 420.0 79.0 410.0 109.0 439.0 96.0 451.0 small-vehicle 0
145.0 414.0 125.0 429.0 91.0 390.0 108.0 375.0 small-vehicle 0
248.0 449.0 237.0 462.0 207.0 437.0 217.0 424.0 small-vehicle 0
314.0 516.0 305.0 528.0 276.0 504.0 286.0 492.0 small-vehicle 0
326.0 497.0 315.0 513.0 284.0 484.0 295.0 471.0 small-vehicle 0
352.0 477.0 337.0 497.0 297.0 463.0 314.0 445.0 small-vehicle 0
265.0 681.0 326.0 613.0 469.0 741.0 410.0 809.0 tennis-court 0
