imagesource:GoogleEarth
gsd:0.123528568431
1338.0 964.0 1343.0 981.0 1308.0 993.0 1301.0 978.0 small-vehicle 0
207.0 664.0 218.0 680.0 182.0 704.0 171.0 688.0 small-vehicle 0
710.0 376.0 797.0 317.0 903.0 465.0 815.0 526.0 basketball-court 0
215.0 782.0 398.0 691.0 496.0 875.0 308.0 977.0 baseball-diamond 0
1126.0 875.0 935.0 938.0 874.0 741.0 1069.0 691.0 baseball-diamond 0
385.0 321.0 367.0 334.0 345.0 298.0 363.0 287.0 small-vehicle 0
297.0 499.0 280.0 507.0 259.0 474.0 275.0 464.0 small-vehicle 0
276.0 512.0 257.0 522.0 231.0 485.0 250.0 472.0 small-vehicle 0
254.0 524.0 238.0 536.0 216.0 501.0 232.0 491.0 small-vehicle 0
119.0 481.0 126.0 498.0 88.0 513.0 80.0 498.0 small-vehicle 0
120.0 449.0 132.0 463.0 96.0 485.0 84.0 472.0 small-vehicle 0
54.0 458.0 47.0 444.0 77.0 427.0 86.0 441.0 small-vehicle 0
160.0 389.0 142.0 398.0 122.0 364.0 140.0 355.0 small-vehicle 0
253.0 625.0 264.0 641.0 232.0 663.0 223.0 648.0 small-vehicle 0
302.0 589.0 314.0 604.0 278.0 632.0 267.0 616.0 small-vehicle 0
334.0 596.0 321.0 578.0 354.0 556.0 366.0 573.0 small-vehicle 0
170.0 688.0 181.0 703.0 152.0 721.0 141.0 707.0 small-vehicle 0
1304.0 866.0 1322.0 867.0 1321.0 902.0 1303.0 900.0 small-vehicle 0
117.0 721.0 129.0 737.0 102.0 757.0 90.0 744.0 small-vehicle 0
27.0 906.0 45.0 900.0 56.0 932.0 39.0 940.0 small-vehicle 0
52.0 965.0 68.0 958.0 81.0 1000.0 65.0 1005.0 small-vehicle 0
4.0 1007.0 19.0 999.0 32.0 1032.0 17.0 1040.0 small-vehicle 0
71.0 1016.0 86.0 1009.0 102.0 1057.0 86.0 1063.0 small-vehicle 0
87.0 1066.0 103.0 1060.0 119.0 1106.0 102.0 1112.0 small-vehicle 0
104.0 1128.0 124.0 1120.0 136.0 1157.0 117.0 1165.0 small-vehicle 0
122.0 1169.0 140.0 1162.0 152.0 1200.0 135.0 1202.0 small-vehicle 0
724.0 909.0 743.0 909.0 740.0 947.0 720.0 947.0 small-vehicle 0
1141.0 1070.0 1150.0 1086.0 1119.0 1100.0 1111.0 1084.0 small-vehicle 0
1212.0 838.0 1229.0 830.0 1242.0 867.0 1228.0 873.0 small-vehicle 0
1220.0 721.0 1240.0 715.0 1251.0 754.0 1233.0 760.0 small-vehicle 0
1298.0 84.0 1291.0 63.0 1332.0 50.0 1337.0 70.0 small-vehicle 0
1304.0 103.0 1297.0 86.0 1330.0 74.0 1336.0 91.0 small-vehicle 0
611.0 445.0 700.0 384.0 805.0 532.0 717.0 595.0 basketball-court 0
