imagesource:GoogleEarth
gsd:0.125783611073
750.0 4.0 770.0 6.0 764.0 41.0 745.0 38.0 small-vehicle 0
270.0 270.0 256.0 254.0 281.0 230.0 295.0 246.0 small-vehicle 0
71.0 171.0 85.0 155.0 110.0 182.0 97.0 194.0 small-vehicle 0
99.0 150.0 113.0 138.0 135.0 168.0 121.0 180.0 small-vehicle 0
131.0 127.0 144.0 114.0 174.0 144.0 161.0 157.0 small-vehicle 0
151.0 106.0 165.0 93.0 195.0 125.0 181.0 137.0 small-vehicle 0
600.0 269.0 683.0 232.0 761.0 406.0 679.0 443.0 tennis-court 0
498.0 314.0 579.0 277.0 659.0 452.0 578.0 489.0 tennis-court 0
393.0 359.0 476.0 322.0 556.0 496.0 474.0 534.0 tennis-court 0
28.0 491.0 144.0 439.0 237.0 651.0 123.0 702.0 basketball-court 0
