imagesource:GoogleEarth
gsd:0.12692770305
370.0 9.0 387.0 0.0 417.0 17.0 402.0 35.0 small-vehicle 0
65.0 520.0 56.0 531.0 29.0 509.0 39.0 496.0 small-vehicle 0
330.0 751.0 415.0 718.0 478.0 896.0 392.0 926.0 tennis-court 0
432.0 713.0 519.0 682.0 580.0 862.0 494.0 892.0 tennis-court 0
535.0 677.0 619.0 649.0 683.0 826.0 598.0 855.0 tennis-court 0
489.0 187.0 556.0 377.0 373.0 430.0 309.0 252.0 baseball-diamond 0
855.0 755.0 798.0 556.0 990.0 513.0 1039.0 713.0 baseball-diamond 0
75.0 126.0 58.0 132.0 46.0 94.0 63.0 88.0 small-vehicle 0
192.0 172.0 200.0 193.0 155.0 209.0 148.0 192.0 small-vehicle 0
290.0 125.0 299.0 140.0 265.0 155.0 256.0 141.0 small-vehicle 0
339.0 106.0 346.0 121.0 312.0 137.0 305.0 122.0 small-vehicle 0
92.0 554.0 85.0 572.0 47.0 551.0 54.0 533.0 small-vehicle 0
569.0 78.0 549.0 80.0 545.0 42.0 563.0 40.0 small-vehicle 0
108.0 593.0 102.0 610.0 69.0 596.0 77.0 579.0 small-vehicle 0
113.0 625.0 106.0 644.0 63.0 627.0 71.0 608.0 small-vehicle 0
261.0 988.0 277.0 998.0 253.0 1028.0 239.0 1018.0 small-vehicle 0
33.0 1041.0 29.0 1027.0 68.0 1023.0 70.0 1036.0 small-vehicle 0
604.0 1022.0 622.0 1016.0 633.0 1052.0 618.0 1057.0 small-vehicle 0
599.0 1064.0 612.0 1058.0 623.0 1087.0 611.0 1092.0 small-vehicle 0
583.0 1024.0 599.0 1019.0 606.0 1051.0 589.0 1055.0 small-vehicle 0
663.0 59.0 644.0 59.0 645.0 16.0 663.0 17.0 small-vehicle 0
637.0 65.0 615.0 64.0 617.0 25.0 638.0 26.0 small-vehicle 0
231.0 784.0 314.0 753.0 375.0 931.0 291.0 961.0 tennis-court 0
