imagesource:GoogleEarth
gsd:0.270078790096
661.0 127.0 650.0 129.0 647.0 107.0 657.0 104.0 ship 1
683.0 72.0 672.0 50.0 743.0 24.0 751.0 42.0 harbor 0
768.0 339.0 762.0 325.0 835.0 295.0 841.0 308.0 harbor 0
587.0 393.0 573.0 408.0 494.0 339.0 510.0 322.0 harbor 0
495.0 375.0 486.0 383.0 467.0 364.0 475.0 356.0 harbor 0
603.0 510.0 581.0 532.0 462.0 420.0 486.0 397.0 harbor 0
541.0 578.0 518.0 605.0 401.0 504.0 426.0 481.0 harbor 0
485.0 656.0 465.0 681.0 362.0 592.0 384.0 570.0 harbor 0
26.0 205.0 24.0 194.0 45.0 193.0 46.0 203.0 small-vehicle 0
43.0 216.0 53.0 218.0 48.0 236.0 38.0 235.0 small-vehicle 0
39.0 248.0 49.0 242.0 59.0 265.0 49.0 269.0 small-vehicle 0
125.0 243.0 123.0 233.0 145.0 232.0 146.0 241.0 small-vehicle 0
32.0 338.0 32.0 330.0 53.0 328.0 53.0 336.0 small-vehicle 0
214.0 344.0 210.0 353.0 189.0 344.0 193.0 336.0 small-vehicle 0
245.0 345.0 237.0 352.0 222.0 338.0 228.0 331.0 small-vehicle 0
247.0 327.0 244.0 338.0 224.0 330.0 227.0 320.0 small-vehicle 0
144.0 641.0 138.0 634.0 154.0 622.0 160.0 628.0 small-vehicle 0
29.0 545.0 42.0 542.0 44.0 563.0 31.0 565.0 small-vehicle 0
401.0 128.0 392.0 120.0 410.0 103.0 419.0 113.0 small-vehicle 0
534.0 24.0 539.0 35.0 518.0 43.0 513.0 32.0 small-vehicle 0
449.0 4.0 462.0 4.0 463.0 21.0 450.0 22.0 small-vehicle 0
129.0 559.0 146.0 554.0 153.0 587.0 136.0 592.0 ship 0
492.0 644.0 504.0 651.0 480.0 685.0 468.0 678.0 ship 0
559.0 385.0 566.0 376.0 588.0 392.0 578.0 402.0 ship 0
214.0 356.0 219.0 345.0 242.0 355.0 237.0 366.0 ship 0
420.0 871.0 367.0 935.0 192.0 783.0 248.0 718.0 harbor 0
329.0 518.0 335.0 511.0 349.0 523.0 342.0 530.0 ship 0
792.0 331.0 795.0 342.0 771.0 350.0 767.0 340.0 ship 0
345.0 452.0 351.0 447.0 359.0 455.0 354.0 460.0 small-vehicle 1
696.0 145.0 709.0 139.0 722.0 166.0 710.0 173.0 ship 0
391.0 409.0 382.0 406.0 388.0 390.0 397.0 393.0 small-vehicle 0
727.0 179.0 711.0 150.0 750.0 131.0 765.0 159.0 harbor 0
