imagesource:GoogleEarth
gsd:0.540163847855
810.0 409.0 803.0 409.0 803.0 396.0 810.0 395.0 ship 1
377.0 513.0 382.0 521.0 361.0 538.0 355.0 528.0 ship 0
375.0 529.0 379.0 535.0 365.0 545.0 362.0 537.0 ship 0
353.0 493.0 356.0 499.0 342.0 509.0 339.0 502.0 ship 0
804.0 300.0 810.0 297.0 819.0 312.0 813.0 316.0 ship 0
383.0 490.0 378.0 483.0 390.0 472.0 397.0 478.0 ship 0
328.0 539.0 324.0 531.0 339.0 524.0 344.0 531.0 ship 0
349.0 565.0 345.0 560.0 360.0 548.0 366.0 554.0 ship 0
377.0 549.0 381.0 555.0 364.0 565.0 360.0 561.0 ship 0
380.0 538.0 383.0 545.0 371.0 551.0 367.0 546.0 ship 1
542.0 380.0 536.0 386.0 527.0 372.0 534.0 368.0 ship 0
359.0 496.0 364.0 503.0 348.0 517.0 343.0 511.0 ship 0
349.0 532.0 354.0 543.0 334.0 555.0 328.0 548.0 ship 0
751.0 385.0 747.0 380.0 756.0 373.0 760.0 378.0 large-vehicle 1
318.0 527.0 311.0 518.0 332.0 506.0 338.0 514.0 ship 0
165.0 410.0 177.0 410.0 176.0 434.0 164.0 435.0 ship 0
563.0 856.0 552.0 840.0 643.0 769.0 653.0 784.0 harbor 0
521.0 806.0 513.0 792.0 616.0 721.0 624.0 734.0 harbor 0
498.0 776.0 482.0 756.0 560.0 704.0 572.0 725.0 harbor 0
453.0 710.0 441.0 692.0 561.0 610.0 572.0 628.0 harbor 0
440.0 583.0 430.0 570.0 496.0 521.0 506.0 535.0 harbor 0
339.0 584.0 302.0 527.0 422.0 442.0 462.0 501.0 harbor 0
310.0 418.0 299.0 400.0 357.0 358.0 368.0 376.0 harbor 0
269.0 384.0 259.0 369.0 326.0 328.0 335.0 344.0 harbor 0
817.0 415.0 810.0 412.0 817.0 400.0 822.0 403.0 ship 1
268.0 357.0 280.0 349.0 284.0 356.0 272.0 363.0 ship 1
831.0 412.0 826.0 405.0 838.0 396.0 841.0 403.0 ship 1
387.0 494.0 385.0 489.0 397.0 478.0 401.0 484.0 ship 1
799.0 291.0 793.0 294.0 787.0 281.0 794.0 278.0 small-vehicle 1
792.0 426.0 799.0 425.0 802.0 437.0 796.0 439.0 small-vehicle 1
764.0 388.0 761.0 383.0 774.0 377.0 776.0 384.0 small-vehicle 1
657.0 314.0 660.0 319.0 647.0 327.0 645.0 321.0 small-vehicle 1
526.0 793.0 522.0 787.0 534.0 780.0 537.0 786.0 ship 1
537.0 422.0 533.0 416.0 544.0 411.0 547.0 417.0 small-vehicle 1
532.0 414.0 527.0 408.0 537.0 402.0 540.0 409.0 small-vehicle 1
515.0 390.0 512.0 398.0 501.0 392.0 504.0 385.0 ship 1
533.0 381.0 529.0 384.0 523.0 375.0 527.0 372.0 ship 1
562.0 381.0 557.0 385.0 549.0 374.0 554.0 370.0 ship 1
398.0 469.0 404.0 465.0 411.0 477.0 406.0 480.0 ship 1
291.0 154.0 288.0 149.0 298.0 143.0 301.0 148.0 large-vehicle 1
472.0 211.0 466.0 211.0 467.0 196.0 474.0 196.0 small-vehicle 1
366.0 150.0 367.0 156.0 357.0 158.0 355.0 153.0 small-vehicle 1
33.0 86.0 38.0 85.0 40.0 97.0 35.0 98.0 small-vehicle 1
26.0 89.0 32.0 88.0 33.0 100.0 28.0 102.0 small-vehicle 1
141.0 58.0 146.0 55.0 151.0 66.0 146.0 68.0 small-vehicle 1
113.0 21.0 120.0 19.0 122.0 31.0 117.0 33.0 small-vehicle 1
107.0 25.0 112.0 23.0 116.0 35.0 110.0 36.0 small-vehicle 1
102.0 28.0 107.0 32.0 98.0 42.0 92.0 38.0 small-vehicle 1
150.0 18.0 155.0 14.0 163.0 30.0 157.0 33.0 ship 1
10.0 2.0 18.0 2.0 16.0 16.0 8.0 15.0 ship 1
167.0 435.0 142.0 435.0 149.0 330.0 173.0 330.0 harbor 0
