imagesource:GoogleEarth
gsd:0.254614338275
563.0 1063.0 582.0 1067.0 574.0 1101.0 557.0 1098.0 small-vehicle 1
1569.0 535.0 1553.0 537.0 1546.0 510.0 1563.0 505.0 ship 0
145.0 261.0 168.0 251.0 191.0 298.0 166.0 310.0 swimming-pool 0
214.0 509.0 206.0 519.0 152.0 473.0 159.0 464.0 harbor 0
342.0 456.0 331.0 459.0 286.0 359.0 296.0 354.0 harbor 0
441.0 401.0 386.0 431.0 319.0 306.0 370.0 279.0 harbor 0
573.0 331.0 529.0 359.0 473.0 270.0 518.0 240.0 harbor 0
765.0 58.0 745.0 79.0 708.0 43.0 728.0 22.0 swimming-pool 0
1179.0 150.0 1143.0 189.0 1059.0 116.0 1092.0 79.0 harbor 0
1366.0 172.0 1312.0 163.0 1326.0 39.0 1380.0 45.0 harbor 0
1561.0 507.0 1580.0 503.0 1597.0 589.0 1580.0 593.0 harbor 0
1410.0 510.0 1458.0 505.0 1468.0 580.0 1419.0 585.0 harbor 0
1287.0 535.0 1326.0 520.0 1343.0 572.0 1306.0 588.0 harbor 0
1198.0 913.0 1195.0 888.0 1247.0 882.0 1250.0 906.0 harbor 0
409.0 825.0 463.0 789.0 516.0 870.0 462.0 906.0 harbor 0
479.0 307.0 492.0 299.0 508.0 326.0 498.0 337.0 ship 0
369.0 397.0 383.0 390.0 394.0 412.0 382.0 419.0 ship 0
500.0 22.0 512.0 13.0 528.0 41.0 517.0 50.0 ship 0
143.0 114.0 155.0 113.0 156.0 136.0 146.0 138.0 small-vehicle 0
876.0 847.0 875.0 858.0 853.0 854.0 854.0 843.0 small-vehicle 0
896.0 863.0 909.0 864.0 908.0 886.0 897.0 885.0 small-vehicle 0
894.0 893.0 903.0 895.0 902.0 914.0 892.0 912.0 small-vehicle 0
703.0 1056.0 716.0 1056.0 713.0 1086.0 701.0 1086.0 small-vehicle 0
850.0 853.0 858.0 863.0 837.0 878.0 830.0 869.0 ship 0
1196.0 886.0 1208.0 884.0 1211.0 910.0 1199.0 912.0 ship 0
30.0 313.0 50.0 306.0 60.0 344.0 40.0 350.0 swimming-pool 0
