imagesource:GoogleEarth
gsd:0.523444778105
50.0 32.0 55.0 33.0 52.0 45.0 47.0 44.0 small-vehicle 1
262.0 798.0 258.0 802.0 252.0 790.0 256.0 787.0 small-vehicle 1
267.0 796.0 263.0 799.0 258.0 787.0 262.0 785.0 small-vehicle 1
378.0 594.0 387.0 588.0 394.0 600.0 385.0 605.0 small-vehicle 1
521.0 425.0 530.0 432.0 513.0 450.0 506.0 442.0 ship 0
509.0 419.0 518.0 426.0 507.0 440.0 499.0 434.0 ship 0
814.0 180.0 811.0 164.0 835.0 161.0 837.0 177.0 swimming-pool 0
708.0 362.0 701.0 370.0 652.0 328.0 659.0 321.0 harbor 0
659.0 411.0 652.0 419.0 616.0 390.0 622.0 383.0 harbor 0
626.0 773.0 613.0 782.0 592.0 751.0 606.0 741.0 harbor 0
490.0 526.0 495.0 535.0 456.0 556.0 450.0 546.0 harbor 0
269.0 264.0 259.0 249.0 278.0 235.0 289.0 249.0 harbor 0
361.0 312.0 354.0 303.0 365.0 295.0 371.0 304.0 harbor 1
302.0 386.0 313.0 391.0 286.0 437.0 275.0 431.0 harbor 0
258.0 344.0 267.0 364.0 235.0 381.0 225.0 360.0 harbor 0
