imagesource:GoogleEarth
gsd:0.122291322392
1159.0 49.0 1150.0 33.0 1181.0 16.0 1191.0 32.0 small-vehicle 0
1041.0 37.0 1033.0 23.0 1061.0 9.0 1067.0 22.0 small-vehicle 0
1201.0 278.0 1212.0 296.0 1184.0 308.0 1175.0 290.0 small-vehicle 0
1239.0 113.0 1248.0 130.0 1216.0 149.0 1206.0 135.0 small-vehicle 0
1055.0 80.0 1047.0 59.0 1086.0 41.0 1097.0 60.0 small-vehicle 0
1092.0 140.0 1084.0 123.0 1121.0 106.0 1127.0 122.0 small-vehicle 0
287.0 518.0 193.0 337.0 382.0 246.0 471.0 433.0 baseball-diamond 0
1018.0 538.0 1102.0 491.0 1198.0 664.0 1115.0 710.0 tennis-court 0
919.0 591.0 1002.0 546.0 1099.0 719.0 1017.0 764.0 tennis-court 0
923.0 477.0 870.0 384.0 1019.0 300.0 1076.0 396.0 basketball-court 0
753.0 571.0 700.0 478.0 848.0 394.0 901.0 488.0 basketball-court 0
