imagesource:GoogleEarth
gsd:0.123524985796
233.0 900.0 250.0 892.0 264.0 932.0 246.0 939.0 small-vehicle 1
1028.0 422.0 1046.0 414.0 1081.0 494.0 1062.0 501.0 large-vehicle 0
988.0 561.0 1005.0 555.0 1039.0 632.0 1021.0 641.0 large-vehicle 0
966.0 570.0 983.0 563.0 1016.0 641.0 996.0 647.0 large-vehicle 0
944.0 581.0 960.0 574.0 991.0 655.0 975.0 662.0 large-vehicle 0
875.0 616.0 891.0 608.0 920.0 679.0 901.0 688.0 large-vehicle 0
821.0 626.0 840.0 620.0 871.0 701.0 848.0 708.0 large-vehicle 0
1083.0 404.0 1101.0 397.0 1129.0 474.0 1111.0 481.0 large-vehicle 0
998.0 449.0 1014.0 441.0 1051.0 519.0 1031.0 526.0 large-vehicle 0
456.0 621.0 471.0 614.0 494.0 675.0 475.0 681.0 large-vehicle 0
974.0 447.0 994.0 441.0 1024.0 517.0 1005.0 526.0 large-vehicle 0
898.0 470.0 920.0 462.0 952.0 543.0 931.0 552.0 large-vehicle 0
620.0 554.0 638.0 546.0 669.0 613.0 648.0 623.0 large-vehicle 0
543.0 568.0 565.0 561.0 592.0 643.0 573.0 651.0 large-vehicle 0
525.0 592.0 543.0 583.0 568.0 655.0 548.0 661.0 large-vehicle 0
502.0 604.0 516.0 597.0 539.0 658.0 523.0 663.0 large-vehicle 0
1038.0 543.0 1056.0 537.0 1089.0 614.0 1071.0 620.0 large-vehicle 0
618.0 226.0 610.0 206.0 692.0 168.0 703.0 192.0 large-vehicle 0
1132.0 382.0 1150.0 376.0 1182.0 457.0 1164.0 464.0 large-vehicle 0
1156.0 375.0 1176.0 369.0 1206.0 446.0 1187.0 454.0 large-vehicle 0
1183.0 365.0 1200.0 358.0 1232.0 439.0 1214.0 445.0 large-vehicle 0
1209.0 354.0 1225.0 349.0 1257.0 429.0 1238.0 437.0 large-vehicle 0
1234.0 345.0 1252.0 339.0 1284.0 419.0 1265.0 427.0 large-vehicle 0
1014.0 549.0 1031.0 543.0 1063.0 626.0 1045.0 632.0 large-vehicle 0
896.0 597.0 912.0 592.0 944.0 675.0 925.0 682.0 large-vehicle 0
153.0 165.0 148.0 151.0 187.0 136.0 193.0 151.0 small-vehicle 0
197.0 156.0 202.0 168.0 168.0 181.0 164.0 168.0 small-vehicle 0
179.0 203.0 173.0 187.0 207.0 174.0 214.0 191.0 small-vehicle 0
289.0 69.0 307.0 61.0 320.0 95.0 303.0 105.0 small-vehicle 0
374.0 305.0 367.0 289.0 406.0 274.0 412.0 291.0 small-vehicle 0
437.0 283.0 432.0 269.0 469.0 256.0 473.0 271.0 small-vehicle 0
491.0 298.0 498.0 317.0 459.0 337.0 449.0 322.0 small-vehicle 0
386.0 334.0 395.0 351.0 360.0 370.0 351.0 355.0 small-vehicle 0
477.0 610.0 493.0 601.0 518.0 663.0 502.0 671.0 large-vehicle 0
431.0 630.0 450.0 622.0 472.0 686.0 451.0 693.0 large-vehicle 0
733.0 320.0 710.0 326.0 699.0 277.0 720.0 272.0 small-vehicle 1
615.0 385.0 598.0 392.0 566.0 313.0 584.0 305.0 large-vehicle 0
844.0 313.0 826.0 318.0 798.0 236.0 816.0 231.0 large-vehicle 0
821.0 316.0 804.0 322.0 772.0 245.0 790.0 237.0 large-vehicle 0
795.0 326.0 777.0 332.0 750.0 252.0 769.0 245.0 large-vehicle 0
767.0 339.0 749.0 343.0 723.0 261.0 738.0 256.0 large-vehicle 0
661.0 354.0 644.0 361.0 622.0 299.0 644.0 292.0 large-vehicle 0
644.0 377.0 625.0 384.0 592.0 306.0 607.0 296.0 large-vehicle 0
334.0 492.0 316.0 499.0 292.0 416.0 311.0 412.0 large-vehicle 0
382.0 648.0 402.0 641.0 423.0 701.0 406.0 708.0 large-vehicle 0
365.0 475.0 348.0 480.0 312.0 403.0 331.0 393.0 large-vehicle 0
390.0 465.0 374.0 472.0 340.0 390.0 359.0 382.0 large-vehicle 0
416.0 457.0 397.0 464.0 367.0 381.0 386.0 374.0 large-vehicle 0
438.0 446.0 421.0 453.0 393.0 372.0 411.0 365.0 large-vehicle 0
462.0 440.0 445.0 445.0 418.0 361.0 435.0 356.0 large-vehicle 0
487.0 432.0 470.0 437.0 441.0 354.0 460.0 346.0 large-vehicle 0
869.0 299.0 850.0 307.0 824.0 227.0 839.0 219.0 large-vehicle 0
921.0 282.0 904.0 288.0 872.0 211.0 890.0 202.0 large-vehicle 0
945.0 275.0 930.0 282.0 895.0 201.0 914.0 194.0 large-vehicle 0
971.0 266.0 955.0 272.0 925.0 191.0 942.0 185.0 large-vehicle 0
994.0 256.0 981.0 263.0 950.0 182.0 966.0 175.0 large-vehicle 0
1069.0 229.0 1050.0 236.0 1023.0 157.0 1040.0 148.0 large-vehicle 0
1093.0 219.0 1074.0 225.0 1049.0 143.0 1070.0 137.0 large-vehicle 0
1123.0 214.0 1105.0 220.0 1075.0 138.0 1096.0 128.0 large-vehicle 0
1174.0 192.0 1156.0 199.0 1124.0 121.0 1144.0 112.0 large-vehicle 0
1202.0 189.0 1185.0 195.0 1151.0 116.0 1169.0 109.0 large-vehicle 0
767.0 443.0 756.0 428.0 836.0 385.0 846.0 402.0 large-vehicle 0
764.0 367.0 770.0 390.0 638.0 445.0 628.0 423.0 large-vehicle 0
751.0 496.0 745.0 478.0 825.0 454.0 831.0 472.0 large-vehicle 0
326.0 568.0 346.0 560.0 367.0 621.0 345.0 628.0 large-vehicle 0
429.0 543.0 447.0 535.0 469.0 599.0 451.0 605.0 large-vehicle 0
457.0 536.0 476.0 529.0 496.0 588.0 478.0 596.0 large-vehicle 0
353.0 648.0 372.0 641.0 400.0 720.0 381.0 725.0 large-vehicle 0
56.0 356.0 72.0 349.0 85.0 386.0 69.0 393.0 small-vehicle 0
66.0 408.0 45.0 414.0 28.0 365.0 47.0 356.0 small-vehicle 0
152.0 517.0 129.0 528.0 102.0 471.0 128.0 461.0 small-vehicle 0
926.0 710.0 921.0 696.0 959.0 682.0 965.0 698.0 small-vehicle 0
900.0 813.0 881.0 821.0 865.0 782.0 882.0 774.0 small-vehicle 0
848.0 783.0 855.0 799.0 822.0 813.0 814.0 796.0 small-vehicle 0
806.0 798.0 813.0 816.0 774.0 829.0 767.0 813.0 small-vehicle 0
758.0 817.0 766.0 835.0 726.0 849.0 720.0 832.0 small-vehicle 0
706.0 834.0 713.0 850.0 675.0 865.0 667.0 848.0 small-vehicle 0
971.0 694.0 968.0 676.0 1001.0 669.0 1005.0 687.0 small-vehicle 0
876.0 731.0 869.0 714.0 908.0 701.0 914.0 718.0 small-vehicle 0
174.0 515.0 154.0 521.0 143.0 479.0 162.0 475.0 small-vehicle 0
684.0 716.0 701.0 710.0 717.0 756.0 700.0 763.0 small-vehicle 0
707.0 716.0 722.0 710.0 736.0 751.0 720.0 757.0 small-vehicle 0
825.0 750.0 817.0 734.0 861.0 715.0 867.0 733.0 small-vehicle 0
781.0 767.0 776.0 753.0 812.0 738.0 818.0 754.0 small-vehicle 0
709.0 795.0 704.0 776.0 742.0 764.0 748.0 782.0 small-vehicle 0
658.0 812.0 651.0 794.0 690.0 779.0 699.0 796.0 small-vehicle 0
927.0 808.0 910.0 816.0 893.0 776.0 910.0 769.0 small-vehicle 0
950.0 800.0 933.0 806.0 917.0 772.0 935.0 764.0 small-vehicle 0
969.0 784.0 951.0 792.0 935.0 760.0 955.0 752.0 small-vehicle 0
957.0 748.0 976.0 741.0 991.0 778.0 974.0 784.0 small-vehicle 0
984.0 740.0 999.0 733.0 1015.0 770.0 999.0 778.0 small-vehicle 0
1039.0 759.0 1021.0 766.0 1006.0 734.0 1024.0 725.0 small-vehicle 0
1152.0 679.0 1175.0 669.0 1195.0 718.0 1171.0 727.0 small-vehicle 0
1206.0 671.0 1227.0 664.0 1243.0 706.0 1220.0 713.0 small-vehicle 0
1255.0 648.0 1276.0 641.0 1291.0 681.0 1272.0 687.0 small-vehicle 0
1234.0 665.0 1250.0 657.0 1269.0 699.0 1250.0 705.0 small-vehicle 0
1290.0 933.0 1270.0 937.0 1260.0 889.0 1276.0 885.0 small-vehicle 0
1341.0 797.0 1360.0 786.0 1380.0 831.0 1362.0 842.0 small-vehicle 0
1313.0 538.0 1298.0 546.0 1284.0 509.0 1301.0 503.0 small-vehicle 0
1290.0 384.0 1309.0 377.0 1321.0 416.0 1304.0 424.0 small-vehicle 0
659.0 459.0 677.0 453.0 689.0 491.0 672.0 495.0 small-vehicle 0
825.0 528.0 804.0 534.0 795.0 490.0 814.0 484.0 small-vehicle 1
40.0 72.0 47.0 88.0 20.0 97.0 16.0 81.0 small-vehicle 0
664.0 735.0 681.0 727.0 693.0 763.0 677.0 771.0 small-vehicle 0
1118.0 69.0 1126.0 85.0 1087.0 105.0 1078.0 88.0 small-vehicle 0
1065.0 88.0 1073.0 105.0 1030.0 124.0 1023.0 107.0 small-vehicle 0
602.0 865.0 610.0 881.0 580.0 895.0 573.0 878.0 small-vehicle 0
200.0 511.0 180.0 516.0 172.0 476.0 193.0 472.0 small-vehicle 0
11.0 514.0 33.0 509.0 42.0 552.0 22.0 559.0 small-vehicle 0
238.0 579.0 248.0 597.0 200.0 617.0 192.0 597.0 small-vehicle 0
242.0 602.0 251.0 622.0 213.0 635.0 204.0 618.0 small-vehicle 0
301.0 606.0 318.0 600.0 331.0 635.0 314.0 641.0 small-vehicle 0
228.0 682.0 220.0 665.0 254.0 651.0 263.0 669.0 small-vehicle 0
291.0 375.0 300.0 386.0 268.0 408.0 259.0 395.0 small-vehicle 0
89.0 374.0 85.0 356.0 130.0 342.0 134.0 359.0 small-vehicle 0
641.0 241.0 651.0 257.0 614.0 275.0 604.0 262.0 small-vehicle 0
95.0 211.0 101.0 229.0 73.0 241.0 65.0 225.0 small-vehicle 0
293.0 745.0 299.0 759.0 268.0 776.0 261.0 762.0 small-vehicle 0
348.0 742.0 364.0 733.0 382.0 776.0 367.0 785.0 small-vehicle 0
622.0 748.0 637.0 741.0 653.0 774.0 637.0 783.0 small-vehicle 0
538.0 778.0 558.0 771.0 572.0 808.0 554.0 814.0 small-vehicle 0
447.0 718.0 464.0 710.0 479.0 745.0 463.0 751.0 small-vehicle 0
998.0 115.0 1003.0 131.0 958.0 147.0 950.0 130.0 small-vehicle 0
488.0 700.0 509.0 691.0 522.0 729.0 506.0 737.0 small-vehicle 0
544.0 726.0 522.0 733.0 508.0 690.0 528.0 683.0 small-vehicle 0
565.0 717.0 545.0 722.0 532.0 684.0 551.0 677.0 small-vehicle 0
585.0 705.0 566.0 713.0 549.0 677.0 570.0 669.0 small-vehicle 0
623.0 690.0 607.0 698.0 591.0 662.0 610.0 652.0 small-vehicle 0
643.0 680.0 629.0 688.0 610.0 652.0 628.0 643.0 small-vehicle 0
601.0 755.0 621.0 749.0 634.0 783.0 615.0 790.0 small-vehicle 0
869.0 92.0 848.0 99.0 837.0 60.0 856.0 55.0 small-vehicle 0
912.0 93.0 893.0 100.0 880.0 62.0 897.0 56.0 small-vehicle 0
703.0 222.0 711.0 243.0 669.0 258.0 660.0 238.0 small-vehicle 0
818.0 179.0 827.0 200.0 785.0 213.0 778.0 193.0 small-vehicle 0
770.0 198.0 777.0 219.0 741.0 233.0 731.0 212.0 small-vehicle 0
887.0 155.0 896.0 175.0 844.0 195.0 834.0 177.0 small-vehicle 0
940.0 134.0 946.0 152.0 908.0 170.0 899.0 155.0 small-vehicle 0
517.0 421.0 498.0 426.0 470.0 344.0 491.0 337.0 large-vehicle 0
