imagesource:GoogleEarth
gsd:0.129851936444
784.0 155.0 874.0 3.0 1297.0 3.0 1251.0 411.0 soccer-ball-field 1
1044.0 985.0 1127.0 994.0 1112.0 1173.0 1027.0 1167.0 tennis-court 0
931.0 974.0 1014.0 982.0 998.0 1162.0 915.0 1157.0 tennis-court 0
817.0 964.0 904.0 972.0 887.0 1153.0 801.0 1145.0 tennis-court 0
705.0 952.0 792.0 961.0 774.0 1145.0 690.0 1136.0 tennis-court 0
657.0 326.0 743.0 333.0 725.0 515.0 639.0 508.0 tennis-court 0
1092.0 577.0 1177.0 584.0 1162.0 766.0 1078.0 760.0 tennis-court 0
980.0 566.0 1065.0 574.0 1051.0 755.0 964.0 749.0 tennis-court 0
867.0 558.0 953.0 565.0 938.0 747.0 850.0 739.0 tennis-court 0
518.0 619.0 603.0 627.0 587.0 809.0 502.0 801.0 tennis-court 0
406.0 609.0 492.0 616.0 474.0 797.0 391.0 791.0 tennis-court 0
296.0 597.0 381.0 605.0 364.0 788.0 278.0 782.0 tennis-court 0
187.0 588.0 270.0 598.0 252.0 779.0 167.0 769.0 tennis-court 0
547.0 316.0 632.0 323.0 614.0 507.0 529.0 499.0 tennis-court 0
435.0 304.0 521.0 314.0 504.0 495.0 419.0 488.0 tennis-court 0
