imagesource:GoogleEarth
gsd:0.127059482525
968.0 1060.0 950.0 1055.0 961.0 1016.0 977.0 1021.0 small-vehicle 1
410.0 747.0 428.0 751.0 398.0 838.0 377.0 832.0 large-vehicle 0
466.0 752.0 484.0 754.0 464.0 833.0 446.0 832.0 large-vehicle 0
494.0 762.0 512.0 766.0 487.0 853.0 469.0 847.0 large-vehicle 0
520.0 781.0 539.0 787.0 515.0 873.0 494.0 868.0 large-vehicle 0
542.0 822.0 558.0 826.0 538.0 896.0 518.0 892.0 large-vehicle 0
564.0 863.0 582.0 868.0 558.0 946.0 538.0 941.0 large-vehicle 0
611.0 863.0 631.0 866.0 615.0 952.0 596.0 949.0 large-vehicle 0
552.0 760.0 558.0 742.0 644.0 763.0 640.0 779.0 large-vehicle 0
559.0 735.0 564.0 718.0 644.0 737.0 638.0 757.0 large-vehicle 0
572.0 712.0 577.0 693.0 658.0 719.0 654.0 736.0 large-vehicle 0
578.0 687.0 582.0 669.0 657.0 689.0 651.0 708.0 large-vehicle 0
574.0 657.0 579.0 639.0 665.0 663.0 659.0 679.0 large-vehicle 0
582.0 632.0 590.0 612.0 679.0 639.0 674.0 659.0 large-vehicle 0
593.0 608.0 601.0 588.0 683.0 609.0 677.0 628.0 large-vehicle 0
705.0 584.0 724.0 587.0 704.0 657.0 689.0 655.0 large-vehicle 0
738.0 592.0 756.0 599.0 721.0 686.0 704.0 679.0 large-vehicle 0
773.0 602.0 789.0 610.0 761.0 671.0 743.0 660.0 large-vehicle 0
792.0 626.0 810.0 637.0 786.0 684.0 767.0 672.0 large-vehicle 0
438.0 756.0 454.0 763.0 426.0 839.0 411.0 832.0 large-vehicle 0
385.0 731.0 405.0 736.0 381.0 805.0 363.0 800.0 large-vehicle 0
735.0 769.0 739.0 752.0 822.0 777.0 818.0 793.0 large-vehicle 0
320.0 722.0 339.0 727.0 318.0 806.0 298.0 800.0 large-vehicle 0
373.0 291.0 380.0 276.0 433.0 293.0 425.0 308.0 large-vehicle 0
326.0 361.0 331.0 341.0 416.0 359.0 411.0 376.0 large-vehicle 0
318.0 381.0 324.0 363.0 411.0 381.0 405.0 402.0 large-vehicle 0
311.0 409.0 317.0 391.0 406.0 411.0 400.0 432.0 large-vehicle 0
303.0 432.0 311.0 415.0 397.0 438.0 389.0 456.0 large-vehicle 0
365.0 485.0 358.0 506.0 267.0 476.0 275.0 459.0 large-vehicle 0
362.0 509.0 357.0 526.0 269.0 506.0 276.0 486.0 large-vehicle 0
366.0 535.0 359.0 554.0 273.0 534.0 278.0 514.0 large-vehicle 0
359.0 559.0 352.0 579.0 268.0 558.0 275.0 536.0 large-vehicle 0
354.0 583.0 346.0 604.0 261.0 582.0 269.0 562.0 large-vehicle 0
343.0 611.0 337.0 626.0 256.0 603.0 262.0 584.0 large-vehicle 0
325.0 652.0 318.0 669.0 235.0 645.0 242.0 626.0 large-vehicle 0
322.0 676.0 317.0 691.0 236.0 675.0 239.0 658.0 large-vehicle 0
318.0 699.0 312.0 715.0 219.0 695.0 224.0 679.0 large-vehicle 0
314.0 720.0 306.0 739.0 216.0 717.0 222.0 701.0 large-vehicle 0
291.0 766.0 283.0 785.0 198.0 751.0 208.0 732.0 large-vehicle 0
258.0 807.0 251.0 826.0 193.0 810.0 198.0 792.0 large-vehicle 0
806.0 688.0 809.0 706.0 741.0 722.0 737.0 704.0 large-vehicle 0
745.0 804.0 751.0 783.0 833.0 804.0 825.0 823.0 large-vehicle 0
751.0 16.0 742.0 34.0 707.0 21.0 716.0 3.0 small-vehicle 1
555.0 293.0 533.0 285.0 547.0 239.0 569.0 246.0 small-vehicle 0
595.0 255.0 615.0 263.0 599.0 301.0 583.0 295.0 small-vehicle 0
619.0 267.0 638.0 275.0 624.0 312.0 605.0 306.0 small-vehicle 0
257.0 751.0 259.0 733.0 301.0 741.0 299.0 759.0 small-vehicle 0
255.0 779.0 250.0 796.0 203.0 781.0 206.0 764.0 small-vehicle 0
740.0 745.0 743.0 728.0 783.0 740.0 781.0 758.0 small-vehicle 0
698.0 759.0 726.0 766.0 716.0 811.0 691.0 805.0 small-vehicle 0
850.0 799.0 829.0 788.0 846.0 750.0 867.0 759.0 ship 0
1023.0 708.0 1029.0 686.0 1067.0 695.0 1062.0 716.0 small-vehicle 0
781.0 727.0 787.0 710.0 839.0 724.0 835.0 743.0 small-vehicle 0
836.0 743.0 840.0 725.0 883.0 736.0 877.0 754.0 small-vehicle 0
812.0 583.0 828.0 591.0 813.0 624.0 796.0 617.0 small-vehicle 0
843.0 637.0 858.0 647.0 838.0 679.0 822.0 668.0 small-vehicle 0
819.0 670.0 804.0 664.0 819.0 630.0 834.0 637.0 small-vehicle 0
852.0 594.0 872.0 600.0 857.0 638.0 840.0 630.0 small-vehicle 0
810.0 389.0 813.0 373.0 854.0 385.0 848.0 401.0 small-vehicle 0
742.0 39.0 737.0 53.0 700.0 41.0 706.0 26.0 small-vehicle 0
441.0 92.0 434.0 115.0 361.0 97.0 367.0 74.0 ship 0
574.0 248.0 594.0 256.0 579.0 294.0 562.0 288.0 small-vehicle 0
552.0 226.0 550.0 208.0 596.0 203.0 599.0 223.0 small-vehicle 0
734.0 824.0 741.0 806.0 834.0 834.0 825.0 853.0 large-vehicle 0
595.0 168.0 598.0 185.0 562.0 189.0 558.0 174.0 small-vehicle 0
738.0 855.0 744.0 836.0 830.0 857.0 825.0 878.0 large-vehicle 0
727.0 884.0 731.0 867.0 820.0 882.0 817.0 901.0 large-vehicle 0
706.0 916.0 710.0 897.0 802.0 912.0 798.0 932.0 large-vehicle 0
681.0 959.0 688.0 942.0 778.0 970.0 770.0 989.0 large-vehicle 0
661.0 977.0 680.0 984.0 651.0 1074.0 633.0 1068.0 large-vehicle 0
540.0 947.0 558.0 954.0 537.0 1041.0 517.0 1035.0 large-vehicle 0
464.0 212.0 457.0 232.0 370.0 200.0 378.0 179.0 large-vehicle 0
454.0 246.0 448.0 264.0 387.0 246.0 395.0 226.0 large-vehicle 0
335.0 311.0 345.0 289.0 433.0 318.0 425.0 340.0 large-vehicle 0
254.0 841.0 249.0 859.0 168.0 836.0 175.0 817.0 large-vehicle 0
356.0 724.0 376.0 729.0 349.0 815.0 330.0 809.0 large-vehicle 0
582.0 894.0 601.0 899.0 582.0 962.0 564.0 957.0 large-vehicle 0
650.0 970.0 628.0 964.0 651.0 884.0 671.0 889.0 large-vehicle 0
562.0 963.0 579.0 967.0 555.0 1051.0 537.0 1046.0 large-vehicle 0
597.0 977.0 615.0 983.0 588.0 1066.0 570.0 1060.0 large-vehicle 0
634.0 977.0 651.0 983.0 620.0 1065.0 602.0 1059.0 large-vehicle 0
357.0 164.0 360.0 146.0 415.0 161.0 411.0 179.0 small-vehicle 0
444.0 267.0 438.0 289.0 366.0 269.0 374.0 245.0 large-vehicle 0
