imagesource:GoogleEarth
gsd:0.123593462413
226.0 394.0 227.0 423.0 167.0 422.0 167.0 392.0 large-vehicle 0
1340.0 241.0 1340.0 260.0 1283.0 264.0 1282.0 242.0 large-vehicle 0
1178.0 714.0 1160.0 712.0 1160.0 672.0 1180.0 673.0 small-vehicle 0
1155.0 713.0 1135.0 712.0 1137.0 670.0 1156.0 671.0 small-vehicle 0
624.0 430.0 648.0 430.0 648.0 480.0 624.0 480.0 small-vehicle 0
600.0 436.0 621.0 436.0 621.0 473.0 600.0 473.0 small-vehicle 0
1313.0 142.0 1311.0 122.0 1368.0 122.0 1367.0 144.0 large-vehicle 0
1339.0 208.0 1339.0 228.0 1291.0 226.0 1290.0 209.0 large-vehicle 0
1334.0 177.0 1335.0 197.0 1284.0 198.0 1283.0 176.0 large-vehicle 0
412.0 541.0 409.0 561.0 346.0 556.0 346.0 535.0 large-vehicle 0
210.0 766.0 213.0 742.0 407.0 745.0 404.0 768.0 large-vehicle 0
331.0 862.0 333.0 836.0 474.0 840.0 471.0 863.0 large-vehicle 0
945.0 554.0 944.0 575.0 823.0 579.0 821.0 556.0 large-vehicle 0
961.0 483.0 962.0 505.0 841.0 507.0 839.0 485.0 large-vehicle 0
1334.0 149.0 1336.0 170.0 1285.0 171.0 1283.0 151.0 large-vehicle 0
1147.0 586.0 1147.0 566.0 1240.0 569.0 1234.0 592.0 large-vehicle 0
1276.0 594.0 1276.0 572.0 1327.0 575.0 1327.0 596.0 small-vehicle 0
1154.0 524.0 1154.0 501.0 1238.0 509.0 1235.0 532.0 large-vehicle 0
1158.0 433.0 1161.0 412.0 1243.0 421.0 1240.0 443.0 large-vehicle 0
1027.0 580.0 1025.0 561.0 1111.0 556.0 1110.0 579.0 large-vehicle 0
1027.0 527.0 1025.0 507.0 1115.0 503.0 1114.0 523.0 large-vehicle 0
1022.0 405.0 1022.0 386.0 1114.0 380.0 1114.0 400.0 large-vehicle 0
569.0 566.0 567.0 584.0 508.0 587.0 507.0 569.0 large-vehicle 0
226.0 578.0 226.0 599.0 140.0 598.0 141.0 575.0 large-vehicle 0
231.0 466.0 228.0 487.0 146.0 485.0 145.0 466.0 large-vehicle 0
229.0 439.0 226.0 461.0 149.0 457.0 150.0 433.0 large-vehicle 0
447.0 413.0 426.0 409.0 432.0 342.0 456.0 344.0 large-vehicle 0
420.0 412.0 396.0 412.0 399.0 343.0 424.0 345.0 large-vehicle 0
389.0 411.0 367.0 412.0 368.0 343.0 394.0 346.0 large-vehicle 0
360.0 412.0 337.0 412.0 342.0 342.0 364.0 343.0 large-vehicle 0
1183.0 675.0 1205.0 677.0 1203.0 713.0 1184.0 714.0 small-vehicle 0
1286.0 563.0 1286.0 543.0 1328.0 544.0 1327.0 563.0 small-vehicle 0
787.0 418.0 768.0 419.0 766.0 392.0 785.0 390.0 small-vehicle 0
1207.0 675.0 1227.0 678.0 1222.0 720.0 1203.0 717.0 small-vehicle 0
399.0 636.0 424.0 636.0 426.0 695.0 399.0 694.0 small-vehicle 0
466.0 655.0 494.0 654.0 494.0 704.0 467.0 703.0 small-vehicle 0
427.0 639.0 449.0 640.0 448.0 696.0 426.0 694.0 small-vehicle 0
336.0 633.0 367.0 634.0 366.0 691.0 335.0 694.0 small-vehicle 0
811.0 660.0 829.0 661.0 827.0 701.0 811.0 701.0 small-vehicle 0
830.0 663.0 849.0 664.0 851.0 705.0 830.0 708.0 small-vehicle 0
857.0 666.0 879.0 666.0 877.0 709.0 856.0 710.0 small-vehicle 0
886.0 671.0 906.0 670.0 903.0 709.0 884.0 708.0 small-vehicle 0
949.0 675.0 966.0 673.0 966.0 713.0 948.0 713.0 small-vehicle 0
974.0 672.0 993.0 672.0 991.0 713.0 974.0 712.0 small-vehicle 0
997.0 670.0 1016.0 670.0 1015.0 709.0 997.0 710.0 small-vehicle 0
1019.0 669.0 1041.0 669.0 1040.0 711.0 1021.0 710.0 small-vehicle 0
1230.0 676.0 1252.0 674.0 1252.0 718.0 1230.0 719.0 small-vehicle 0
701.0 477.0 679.0 477.0 678.0 432.0 700.0 431.0 small-vehicle 0
1281.0 517.0 1280.0 498.0 1326.0 500.0 1325.0 519.0 small-vehicle 0
789.0 478.0 769.0 478.0 767.0 430.0 787.0 430.0 small-vehicle 0
806.0 706.0 783.0 705.0 784.0 662.0 806.0 662.0 small-vehicle 0
1244.0 59.0 1243.0 78.0 1200.0 79.0 1200.0 59.0 small-vehicle 0
1242.0 81.0 1243.0 101.0 1203.0 100.0 1201.0 82.0 small-vehicle 0
1240.0 139.0 1240.0 158.0 1201.0 155.0 1202.0 137.0 small-vehicle 0
1197.0 314.0 1198.0 297.0 1238.0 303.0 1236.0 319.0 small-vehicle 0
1193.0 341.0 1194.0 323.0 1234.0 326.0 1236.0 344.0 small-vehicle 0
1335.0 861.0 1334.0 878.0 1295.0 876.0 1295.0 859.0 small-vehicle 0
926.0 710.0 905.0 710.0 904.0 674.0 927.0 674.0 small-vehicle 0
847.0 424.0 846.0 403.0 889.0 403.0 888.0 424.0 small-vehicle 0
847.0 395.0 847.0 373.0 895.0 374.0 896.0 395.0 small-vehicle 0
896.0 393.0 896.0 372.0 945.0 376.0 946.0 395.0 small-vehicle 0
1138.0 409.0 1117.0 408.0 1117.0 364.0 1136.0 364.0 small-vehicle 0
331.0 410.0 305.0 408.0 309.0 346.0 337.0 345.0 large-vehicle 0
