imagesource:GoogleEarth
gsd:0.12399158194
262.0 1116.0 274.0 1103.0 306.0 1131.0 294.0 1144.0 small-vehicle 0
1041.0 685.0 1055.0 699.0 1029.0 731.0 1015.0 719.0 small-vehicle 0
753.0 809.0 766.0 824.0 741.0 847.0 728.0 835.0 small-vehicle 0
571.0 1000.0 586.0 1014.0 562.0 1039.0 547.0 1026.0 small-vehicle 0
784.0 776.0 798.0 789.0 773.0 815.0 760.0 804.0 small-vehicle 0
646.0 472.0 710.0 406.0 851.0 540.0 789.0 606.0 tennis-court 0
562.0 561.0 624.0 494.0 766.0 628.0 703.0 696.0 tennis-court 0
477.0 653.0 541.0 583.0 681.0 721.0 619.0 787.0 tennis-court 0
391.0 742.0 456.0 677.0 595.0 808.0 535.0 875.0 tennis-court 0
309.0 831.0 371.0 765.0 512.0 897.0 450.0 964.0 tennis-court 0
225.0 921.0 287.0 854.0 428.0 987.0 365.0 1054.0 tennis-court 0
