imagesource:GoogleEarth
gsd:0.134765603367
412.0 447.0 412.0 474.0 367.0 475.0 367.0 450.0 ship 0
412.0 75.0 413.0 100.0 349.0 100.0 350.0 75.0 ship 0
310.0 1107.0 304.0 1053.0 659.0 1020.0 668.0 1078.0 harbor 0
801.0 956.0 843.0 949.0 855.0 1028.0 813.0 1036.0 swimming-pool 0
333.0 849.0 325.0 773.0 640.0 743.0 648.0 820.0 harbor 0
331.0 408.0 645.0 408.0 645.0 487.0 331.0 487.0 harbor 0
150.0 199.0 646.0 199.0 646.0 269.0 150.0 269.0 harbor 0
324.0 38.0 640.0 38.0 640.0 113.0 324.0 113.0 harbor 0
