imagesource:GoogleEarth
gsd:0.141762490619
373.0 1194.0 375.0 1176.0 421.0 1180.0 420.0 1200.0 ship 0
361.0 1054.0 363.0 1034.0 409.0 1037.0 408.0 1057.0 ship 0
419.0 1199.0 412.0 1239.0 283.0 1222.0 287.0 1185.0 harbor 0
407.0 1058.0 403.0 1094.0 300.0 1088.0 305.0 1051.0 harbor 0
320.0 836.0 336.0 868.0 267.0 909.0 251.0 873.0 harbor 0
239.0 563.0 239.0 599.0 147.0 605.0 145.0 567.0 harbor 0
219.0 338.0 221.0 375.0 135.0 385.0 130.0 345.0 harbor 0
182.0 151.0 167.0 170.0 72.0 100.0 85.0 81.0 harbor 0
