imagesource:GoogleEarth
gsd:0.263157695007
950.0 542.0 954.0 552.0 927.0 555.0 926.0 546.0 ship 1
206.0 193.0 202.0 201.0 183.0 193.0 187.0 183.0 small-vehicle 1
285.0 807.0 291.0 800.0 307.0 812.0 301.0 820.0 ship 0
813.0 228.0 803.0 221.0 822.0 200.0 832.0 210.0 ship 0
964.0 450.0 958.0 440.0 983.0 429.0 988.0 441.0 ship 0
528.0 17.0 525.0 2.0 550.0 1.0 554.0 12.0 ship 0
582.0 284.0 584.0 267.0 618.0 274.0 613.0 292.0 ship 0
931.0 580.0 928.0 556.0 1035.0 538.0 1040.0 560.0 harbor 0
953.0 440.0 947.0 419.0 1006.0 398.0 1013.0 418.0 harbor 0
822.0 247.0 807.0 229.0 871.0 177.0 886.0 197.0 harbor 0
313.0 808.0 288.0 835.0 129.0 708.0 152.0 682.0 harbor 0
373.0 536.0 362.0 556.0 285.0 518.0 296.0 502.0 harbor 0
529.0 461.0 499.0 501.0 378.0 427.0 407.0 388.0 harbor 0
619.0 256.0 613.0 276.0 368.0 215.0 375.0 193.0 harbor 0
