imagesource:GoogleEarth
gsd:0.127671143642
1387.0 213.0 1397.0 205.0 1419.0 237.0 1406.0 244.0 ship 0
1844.0 446.0 1815.0 407.0 1834.0 393.0 1860.0 434.0 ship 0
621.0 586.0 643.0 585.0 645.0 649.0 622.0 649.0 ship 0
1341.0 148.0 1359.0 135.0 1388.0 181.0 1373.0 193.0 ship 0
1321.0 189.0 1338.0 178.0 1359.0 216.0 1342.0 229.0 ship 0
788.0 555.0 785.0 537.0 823.0 531.0 826.0 549.0 small-vehicle 0
520.0 644.0 502.0 645.0 498.0 604.0 515.0 602.0 small-vehicle 0
2169.0 617.0 2133.0 645.0 1880.0 308.0 1910.0 278.0 harbor 0
1995.0 823.0 1960.0 848.0 1652.0 438.0 1689.0 409.0 harbor 0
1288.0 991.0 1260.0 1011.0 1075.0 753.0 1106.0 728.0 harbor 0
885.0 1559.0 808.0 1562.0 795.0 924.0 879.0 921.0 harbor 0
386.0 1523.0 326.0 1521.0 320.0 977.0 388.0 977.0 harbor 0
