imagesource:GoogleEarth
gsd:0.131374087001
23.0 303.0 25.0 286.0 75.0 291.0 73.0 310.0 ship 0
454.0 681.0 435.0 683.0 437.0 599.0 455.0 598.0 large-vehicle 0
495.0 1048.0 478.0 1048.0 479.0 960.0 499.0 959.0 large-vehicle 0
427.0 981.0 445.0 981.0 440.0 1069.0 422.0 1069.0 large-vehicle 0
415.0 1050.0 397.0 1046.0 404.0 961.0 425.0 961.0 large-vehicle 0
395.0 1036.0 376.0 1034.0 381.0 946.0 395.0 946.0 large-vehicle 0
370.0 1035.0 350.0 1035.0 352.0 949.0 371.0 948.0 large-vehicle 0
345.0 1034.0 328.0 1035.0 329.0 952.0 347.0 950.0 large-vehicle 0
251.0 842.0 247.0 860.0 167.0 854.0 168.0 836.0 large-vehicle 0
257.0 685.0 256.0 704.0 169.0 704.0 170.0 684.0 large-vehicle 0
555.0 699.0 537.0 698.0 541.0 615.0 558.0 617.0 large-vehicle 0
479.0 690.0 460.0 686.0 468.0 601.0 485.0 604.0 large-vehicle 0
424.0 685.0 404.0 685.0 411.0 596.0 432.0 597.0 large-vehicle 0
587.0 1126.0 588.0 1111.0 639.0 1112.0 638.0 1127.0 large-vehicle 0
343.0 676.0 323.0 675.0 335.0 590.0 352.0 592.0 large-vehicle 0
316.0 674.0 297.0 672.0 308.0 586.0 325.0 588.0 large-vehicle 0
290.0 676.0 272.0 673.0 282.0 585.0 301.0 588.0 large-vehicle 0
639.0 407.0 619.0 407.0 621.0 359.0 641.0 361.0 large-vehicle 0
480.0 455.0 478.0 472.0 397.0 464.0 396.0 445.0 large-vehicle 0
469.0 423.0 467.0 441.0 382.0 432.0 386.0 412.0 large-vehicle 0
471.0 399.0 467.0 418.0 381.0 403.0 386.0 385.0 large-vehicle 0
477.0 362.0 475.0 384.0 389.0 379.0 388.0 357.0 large-vehicle 0
459.0 314.0 456.0 334.0 373.0 318.0 378.0 296.0 large-vehicle 0
547.0 354.0 532.0 372.0 468.0 319.0 482.0 303.0 large-vehicle 0
589.0 1156.0 589.0 1140.0 637.0 1139.0 635.0 1155.0 large-vehicle 0
582.0 1101.0 583.0 1086.0 638.0 1088.0 635.0 1103.0 large-vehicle 0
525.0 459.0 524.0 477.0 487.0 474.0 487.0 457.0 large-vehicle 0
259.0 714.0 261.0 732.0 175.0 736.0 174.0 719.0 large-vehicle 0
600.0 715.0 599.0 693.0 659.0 697.0 659.0 717.0 large-vehicle 0
600.0 736.0 601.0 719.0 652.0 723.0 650.0 739.0 large-vehicle 0
649.0 744.0 646.0 761.0 602.0 760.0 602.0 742.0 large-vehicle 0
600.0 785.0 601.0 765.0 658.0 769.0 655.0 788.0 large-vehicle 0
568.0 515.0 566.0 529.0 522.0 521.0 524.0 506.0 large-vehicle 0
524.0 484.0 521.0 497.0 475.0 490.0 478.0 475.0 large-vehicle 0
577.0 466.0 577.0 480.0 532.0 479.0 531.0 465.0 large-vehicle 0
459.0 479.0 456.0 496.0 372.0 482.0 376.0 464.0 large-vehicle 0
254.0 812.0 252.0 830.0 165.0 824.0 166.0 805.0 large-vehicle 0
258.0 739.0 259.0 758.0 174.0 764.0 172.0 746.0 large-vehicle 0
241.0 665.0 223.0 664.0 226.0 584.0 244.0 583.0 large-vehicle 0
586.0 1081.0 587.0 1061.0 635.0 1061.0 635.0 1080.0 large-vehicle 0
569.0 863.0 568.0 849.0 619.0 848.0 619.0 864.0 large-vehicle 0
562.0 888.0 561.0 873.0 616.0 872.0 615.0 889.0 large-vehicle 0
394.0 685.0 375.0 682.0 386.0 597.0 404.0 599.0 large-vehicle 0
369.0 679.0 353.0 677.0 361.0 596.0 379.0 599.0 large-vehicle 0
577.0 703.0 560.0 700.0 565.0 617.0 584.0 617.0 large-vehicle 0
533.0 698.0 514.0 698.0 515.0 619.0 534.0 618.0 large-vehicle 0
504.0 692.0 487.0 690.0 494.0 604.0 512.0 605.0 large-vehicle 0
561.0 929.0 561.0 914.0 609.0 911.0 609.0 926.0 large-vehicle 0
564.0 952.0 563.0 935.0 609.0 932.0 609.0 950.0 large-vehicle 0
575.0 1033.0 575.0 1012.0 628.0 1011.0 628.0 1034.0 large-vehicle 0
482.0 279.0 466.0 289.0 410.0 226.0 425.0 213.0 large-vehicle 0
