imagesource:GoogleEarth
gsd:0.250936226503
641.0 177.0 648.0 182.0 640.0 200.0 631.0 195.0 small-vehicle 0
781.0 461.0 758.0 446.0 795.0 381.0 818.0 396.0 harbor 0
360.0 198.0 333.0 194.0 346.0 123.0 372.0 127.0 harbor 0
312.0 439.0 327.0 448.0 295.0 501.0 280.0 493.0 harbor 0
476.0 577.0 494.0 590.0 449.0 659.0 433.0 645.0 harbor 0
621.0 659.0 661.0 681.0 627.0 753.0 586.0 733.0 harbor 0
798.0 741.0 818.0 751.0 789.0 811.0 769.0 801.0 harbor 0
1007.0 579.0 965.0 565.0 989.0 493.0 1033.0 509.0 harbor 0
1168.0 619.0 1125.0 595.0 1154.0 545.0 1194.0 569.0 harbor 0
481.0 301.0 454.0 286.0 499.0 213.0 523.0 230.0 harbor 0
610.0 375.0 556.0 347.0 593.0 276.0 646.0 307.0 harbor 0
325.0 158.0 339.0 159.0 331.0 200.0 317.0 198.0 ship 0
1084.0 320.0 1085.0 327.0 1064.0 326.0 1064.0 318.0 small-vehicle 1
594.0 343.0 588.0 356.0 559.0 338.0 566.0 325.0 ship 0
786.0 734.0 791.0 721.0 825.0 738.0 819.0 750.0 ship 0
960.0 536.0 974.0 541.0 962.0 572.0 950.0 568.0 ship 0
757.0 418.0 769.0 425.0 754.0 451.0 743.0 445.0 ship 0
317.0 481.0 308.0 476.0 321.0 453.0 331.0 461.0 ship 0
791.0 770.0 782.0 770.0 783.0 750.0 792.0 749.0 ship 0
1155.0 589.0 1146.0 583.0 1162.0 564.0 1172.0 571.0 ship 0
1080.0 294.0 1080.0 301.0 1060.0 298.0 1062.0 291.0 small-vehicle 1
1080.0 305.0 1080.0 312.0 1059.0 313.0 1058.0 304.0 small-vehicle 1
173.0 146.0 157.0 130.0 206.0 72.0 222.0 86.0 harbor 0
