imagesource:GoogleEarth
gsd:0.124311415811
884.0 1104.0 893.0 1084.0 963.0 1107.0 953.0 1122.0 ship 0
737.0 884.0 758.0 890.0 748.0 937.0 729.0 932.0 small-vehicle 0
838.0 959.0 810.0 957.0 811.0 900.0 842.0 901.0 ship 0
1705.0 707.0 1729.0 706.0 1736.0 764.0 1712.0 767.0 ship 0
1007.0 755.0 1026.0 763.0 1011.0 816.0 990.0 810.0 ship 0
234.0 453.0 241.0 430.0 281.0 443.0 274.0 463.0 ship 0
321.0 154.0 346.0 151.0 351.0 224.0 326.0 227.0 ship 0
1734.0 678.0 1795.0 668.0 1824.0 848.0 1764.0 857.0 harbor 0
735.0 694.0 775.0 702.0 760.0 774.0 720.0 764.0 harbor 0
1373.0 570.0 1451.0 571.0 1445.0 796.0 1360.0 793.0 harbor 0
961.0 752.0 1003.0 762.0 978.0 854.0 938.0 845.0 harbor 0
473.0 443.0 580.0 467.0 537.0 653.0 429.0 623.0 harbor 0
229.0 257.0 309.0 269.0 279.0 490.0 196.0 480.0 harbor 0
