imagesource:GoogleEarth
gsd:0.132054100566
1217.0 1330.0 1202.0 1334.0 1188.0 1295.0 1205.0 1291.0 small-vehicle 1
719.0 368.0 736.0 357.0 767.0 398.0 750.0 412.0 ship 0
1205.0 1284.0 1180.0 1290.0 1165.0 1238.0 1187.0 1230.0 ship 0
1023.0 371.0 1061.0 351.0 1192.0 611.0 1154.0 632.0 harbor 0
657.0 291.0 709.0 261.0 914.0 652.0 866.0 679.0 harbor 0
526.0 493.0 563.0 470.0 743.0 793.0 710.0 814.0 harbor 0
328.0 560.0 371.0 536.0 562.0 892.0 517.0 922.0 harbor 0
179.0 647.0 225.0 623.0 433.0 1031.0 388.0 1061.0 harbor 0
