imagesource:GoogleEarth
gsd:0.129292507122
248.0 525.0 261.0 509.0 288.0 529.0 277.0 543.0 small-vehicle 0
286.0 528.0 297.0 514.0 337.0 544.0 324.0 562.0 large-vehicle 0
371.0 232.0 387.0 247.0 279.0 379.0 259.0 365.0 large-vehicle 0
413.0 277.0 428.0 292.0 321.0 417.0 305.0 400.0 large-vehicle 0
484.0 327.0 502.0 342.0 398.0 472.0 380.0 459.0 large-vehicle 0
529.0 378.0 545.0 392.0 446.0 514.0 426.0 495.0 large-vehicle 0
547.0 404.0 562.0 412.0 463.0 535.0 442.0 521.0 large-vehicle 0
586.0 459.0 601.0 475.0 552.0 532.0 537.0 519.0 large-vehicle 0
270.0 345.0 249.0 332.0 298.0 269.0 316.0 285.0 large-vehicle 0
92.0 549.0 73.0 533.0 121.0 474.0 138.0 488.0 large-vehicle 0
628.0 543.0 645.0 555.0 594.0 617.0 578.0 602.0 large-vehicle 0
660.0 566.0 676.0 584.0 619.0 637.0 604.0 619.0 large-vehicle 0
510.0 644.0 528.0 657.0 492.0 699.0 475.0 684.0 large-vehicle 0
66.0 127.0 53.0 140.0 30.0 111.0 45.0 99.0 small-vehicle 0
96.0 162.0 80.0 173.0 58.0 143.0 73.0 132.0 small-vehicle 0
226.0 279.0 217.0 295.0 184.0 272.0 195.0 257.0 small-vehicle 0
220.0 310.0 210.0 322.0 176.0 296.0 188.0 283.0 small-vehicle 0
198.0 317.0 187.0 332.0 154.0 306.0 167.0 292.0 small-vehicle 0
170.0 361.0 160.0 376.0 123.0 347.0 134.0 332.0 small-vehicle 0
594.0 777.0 606.0 761.0 639.0 792.0 628.0 807.0 small-vehicle 0
561.0 817.0 576.0 800.0 612.0 827.0 602.0 844.0 small-vehicle 0
890.0 373.0 900.0 357.0 936.0 385.0 927.0 399.0 small-vehicle 0
337.0 452.0 320.0 438.0 363.0 381.0 382.0 399.0 large-vehicle 0
458.0 411.0 477.0 426.0 425.0 486.0 407.0 471.0 large-vehicle 0
412.0 320.0 433.0 335.0 386.0 396.0 363.0 380.0 large-vehicle 0
350.0 503.0 338.0 518.0 293.0 487.0 307.0 469.0 large-vehicle 0
303.0 460.0 319.0 441.0 376.0 491.0 360.0 508.0 large-vehicle 0
418.0 122.0 435.0 108.0 546.0 240.0 526.0 251.0 large-vehicle 0
