imagesource:GoogleEarth
gsd:0.287140549185
163.0 506.0 161.0 495.0 188.0 489.0 192.0 501.0 ship 0
206.0 630.0 209.0 642.0 175.0 653.0 171.0 640.0 ship 0
302.0 1422.0 305.0 1404.0 425.0 1421.0 423.0 1439.0 harbor 0
312.0 1325.0 319.0 1285.0 493.0 1306.0 489.0 1346.0 harbor 0
286.0 1197.0 284.0 1168.0 449.0 1158.0 453.0 1186.0 harbor 0
228.0 909.0 227.0 876.0 420.0 861.0 424.0 898.0 harbor 0
199.0 763.0 193.0 741.0 409.0 675.0 415.0 695.0 harbor 0
181.0 673.0 176.0 654.0 408.0 587.0 415.0 603.0 harbor 0
153.0 517.0 149.0 486.0 372.0 444.0 378.0 472.0 harbor 0
65.0 270.0 59.0 259.0 135.0 220.0 139.0 229.0 harbor 0
