imagesource:GoogleEarth
gsd:0.269587491647
704.0 430.0 697.0 426.0 707.0 405.0 716.0 410.0 small-vehicle 0
704.0 409.0 694.0 404.0 704.0 383.0 715.0 389.0 small-vehicle 0
708.0 384.0 704.0 374.0 725.0 366.0 728.0 377.0 small-vehicle 0
604.0 764.0 614.0 775.0 591.0 796.0 582.0 786.0 ship 0
345.0 333.0 353.0 344.0 327.0 363.0 318.0 352.0 ship 0
226.0 290.0 186.0 261.0 352.0 58.0 387.0 88.0 harbor 0
343.0 400.0 325.0 365.0 459.0 282.0 476.0 316.0 harbor 0
572.0 795.0 556.0 779.0 683.0 662.0 696.0 678.0 harbor 0
659.0 882.0 641.0 869.0 737.0 744.0 754.0 758.0 harbor 0
526.0 59.0 545.0 50.0 565.0 91.0 548.0 101.0 swimming-pool 0
