imagesource:GoogleEarth
gsd:0.124294213576
2136.0 1107.0 2118.0 1119.0 2085.0 1077.0 2110.0 1061.0 ship 0
818.0 506.0 797.0 514.0 775.0 463.0 798.0 452.0 ship 0
339.0 524.0 356.0 523.0 362.0 561.0 344.0 563.0 ship 0
1977.0 133.0 2008.0 123.0 2101.0 423.0 2066.0 434.0 harbor 0
1790.0 172.0 1864.0 152.0 1959.0 495.0 1888.0 515.0 harbor 0
1643.0 255.0 1683.0 243.0 1773.0 548.0 1729.0 561.0 harbor 0
1370.0 230.0 1474.0 196.0 1605.0 605.0 1500.0 643.0 harbor 0
1134.0 293.0 1228.0 254.0 1423.0 705.0 1341.0 748.0 harbor 0
753.0 443.0 847.0 405.0 995.0 758.0 898.0 807.0 harbor 0
260.0 349.0 345.0 336.0 407.0 843.0 316.0 853.0 harbor 0
16.0 500.0 84.0 488.0 164.0 934.0 91.0 951.0 harbor 0
