imagesource:GoogleEarth
gsd:0.13783404832
606.0 1128.0 602.0 1119.0 747.0 1059.0 751.0 1067.0 harbor 0
459.0 1055.0 443.0 1016.0 688.0 906.0 706.0 951.0 harbor 0
422.0 816.0 408.0 782.0 603.0 712.0 614.0 750.0 harbor 0
339.0 698.0 325.0 664.0 554.0 566.0 570.0 603.0 harbor 0
304.0 607.0 293.0 572.0 522.0 490.0 537.0 528.0 harbor 0
259.0 473.0 246.0 439.0 473.0 337.0 490.0 374.0 harbor 0
195.0 320.0 182.0 272.0 407.0 185.0 424.0 234.0 harbor 0
151.0 182.0 139.0 143.0 364.0 58.0 379.0 99.0 harbor 0
