imagesource:GoogleEarth
gsd:0.120120476522
427.0 306.0 441.0 307.0 441.0 338.0 427.0 338.0 ship 0
1393.0 453.0 1413.0 453.0 1414.0 509.0 1389.0 509.0 ship 0
1589.0 486.0 1611.0 488.0 1608.0 539.0 1586.0 539.0 ship 0
71.0 178.0 93.0 187.0 69.0 251.0 45.0 241.0 ship 0
2111.0 261.0 2061.0 268.0 2049.0 126.0 2103.0 119.0 harbor 0
1801.0 438.0 1760.0 435.0 1779.0 229.0 1821.0 233.0 harbor 0
1587.0 536.0 1529.0 532.0 1555.0 294.0 1609.0 298.0 harbor 0
1389.0 506.0 1344.0 502.0 1381.0 297.0 1421.0 303.0 harbor 0
1114.0 434.0 1072.0 439.0 1064.0 304.0 1106.0 300.0 harbor 0
786.0 445.0 720.0 433.0 770.0 261.0 835.0 277.0 harbor 0
471.0 305.0 431.0 288.0 477.0 175.0 515.0 191.0 harbor 0
100.0 284.0 59.0 263.0 153.0 95.0 197.0 122.0 harbor 0
