imagesource:GoogleEarth
gsd:0.127340051218
296.0 850.0 313.0 865.0 282.0 898.0 265.0 886.0 small-vehicle 1
1143.0 779.0 1133.0 793.0 1059.0 752.0 1072.0 734.0 large-vehicle 0
1058.0 848.0 1070.0 832.0 1139.0 877.0 1125.0 894.0 large-vehicle 0
335.0 338.0 350.0 349.0 305.0 413.0 287.0 401.0 large-vehicle 0
356.0 355.0 370.0 368.0 316.0 431.0 300.0 418.0 large-vehicle 0
388.0 387.0 403.0 401.0 355.0 461.0 339.0 451.0 large-vehicle 0
449.0 429.0 463.0 441.0 412.0 503.0 396.0 491.0 large-vehicle 0
468.0 445.0 482.0 456.0 435.0 519.0 420.0 508.0 large-vehicle 0
509.0 472.0 523.0 485.0 480.0 552.0 463.0 539.0 large-vehicle 0
620.0 558.0 635.0 571.0 586.0 634.0 571.0 625.0 large-vehicle 0
644.0 568.0 658.0 577.0 614.0 639.0 598.0 628.0 large-vehicle 0
659.0 588.0 676.0 598.0 625.0 666.0 611.0 653.0 large-vehicle 0
739.0 642.0 753.0 656.0 703.0 718.0 689.0 709.0 large-vehicle 0
758.0 658.0 773.0 670.0 722.0 737.0 705.0 725.0 large-vehicle 0
782.0 666.0 798.0 677.0 748.0 745.0 730.0 732.0 large-vehicle 0
797.0 687.0 810.0 698.0 766.0 765.0 747.0 752.0 large-vehicle 0
813.0 703.0 829.0 715.0 784.0 777.0 770.0 764.0 large-vehicle 0
837.0 719.0 851.0 730.0 806.0 793.0 790.0 782.0 large-vehicle 0
856.0 739.0 868.0 750.0 822.0 813.0 808.0 802.0 large-vehicle 0
875.0 754.0 889.0 765.0 838.0 824.0 825.0 812.0 large-vehicle 0
891.0 779.0 908.0 791.0 869.0 835.0 856.0 823.0 large-vehicle 0
283.0 259.0 272.0 272.0 226.0 231.0 238.0 219.0 large-vehicle 0
266.0 275.0 255.0 289.0 206.0 255.0 218.0 239.0 large-vehicle 0
486.0 241.0 472.0 229.0 520.0 163.0 535.0 173.0 large-vehicle 0
609.0 316.0 594.0 305.0 642.0 244.0 657.0 254.0 large-vehicle 0
628.0 327.0 615.0 317.0 662.0 257.0 677.0 268.0 large-vehicle 0
408.0 399.0 422.0 412.0 375.0 474.0 361.0 465.0 large-vehicle 0
487.0 456.0 503.0 466.0 455.0 534.0 441.0 523.0 large-vehicle 0
532.0 486.0 548.0 497.0 504.0 565.0 488.0 556.0 large-vehicle 0
581.0 528.0 596.0 538.0 548.0 603.0 532.0 592.0 large-vehicle 0
599.0 546.0 616.0 557.0 568.0 621.0 551.0 610.0 large-vehicle 0
1016.0 781.0 1028.0 766.0 1098.0 814.0 1085.0 830.0 large-vehicle 0
1050.0 736.0 1036.0 726.0 1091.0 656.0 1107.0 667.0 large-vehicle 0
1039.0 876.0 1053.0 857.0 1114.0 899.0 1101.0 921.0 large-vehicle 0
1061.0 632.0 1074.0 645.0 1020.0 715.0 1005.0 706.0 large-vehicle 0
409.0 179.0 394.0 166.0 447.0 96.0 463.0 109.0 large-vehicle 0
432.0 192.0 418.0 180.0 469.0 112.0 484.0 124.0 large-vehicle 0
453.0 206.0 436.0 195.0 491.0 126.0 505.0 138.0 large-vehicle 0
513.0 248.0 499.0 236.0 551.0 172.0 568.0 185.0 large-vehicle 0
550.0 278.0 534.0 266.0 589.0 202.0 603.0 212.0 large-vehicle 0
571.0 294.0 556.0 282.0 605.0 217.0 621.0 226.0 large-vehicle 0
671.0 354.0 655.0 343.0 692.0 289.0 707.0 301.0 large-vehicle 0
679.0 384.0 663.0 369.0 713.0 303.0 728.0 315.0 large-vehicle 0
744.0 418.0 729.0 406.0 771.0 352.0 785.0 365.0 large-vehicle 0
786.0 443.0 774.0 430.0 811.0 379.0 828.0 390.0 large-vehicle 0
824.0 466.0 810.0 454.0 851.0 406.0 864.0 417.0 large-vehicle 0
845.0 480.0 829.0 471.0 867.0 419.0 883.0 429.0 large-vehicle 0
863.0 495.0 850.0 486.0 894.0 434.0 908.0 444.0 large-vehicle 0
884.0 511.0 870.0 501.0 908.0 446.0 925.0 456.0 large-vehicle 0
411.0 110.0 393.0 126.0 333.0 71.0 349.0 55.0 large-vehicle 0
356.0 166.0 343.0 181.0 282.0 131.0 292.0 115.0 large-vehicle 0
341.0 186.0 328.0 199.0 264.0 149.0 275.0 134.0 large-vehicle 0
306.0 230.0 296.0 246.0 232.0 197.0 244.0 182.0 large-vehicle 0
249.0 301.0 236.0 317.0 186.0 283.0 196.0 268.0 large-vehicle 0
370.0 264.0 356.0 252.0 409.0 187.0 425.0 196.0 large-vehicle 0
456.0 322.0 440.0 308.0 491.0 243.0 507.0 255.0 large-vehicle 0
482.0 330.0 467.0 317.0 512.0 258.0 527.0 269.0 large-vehicle 0
559.0 385.0 543.0 373.0 587.0 313.0 604.0 322.0 large-vehicle 0
619.0 426.0 606.0 416.0 643.0 363.0 656.0 373.0 large-vehicle 0
704.0 475.0 687.0 465.0 722.0 413.0 739.0 424.0 large-vehicle 0
743.0 499.0 727.0 486.0 769.0 437.0 783.0 447.0 large-vehicle 0
763.0 549.0 749.0 536.0 788.0 489.0 803.0 500.0 large-vehicle 0
860.0 592.0 843.0 580.0 883.0 528.0 899.0 539.0 large-vehicle 0
903.0 623.0 887.0 612.0 930.0 553.0 949.0 564.0 large-vehicle 0
697.0 615.0 714.0 625.0 664.0 691.0 647.0 679.0 large-vehicle 0
718.0 628.0 732.0 640.0 684.0 705.0 669.0 694.0 large-vehicle 0
865.0 626.0 850.0 615.0 890.0 561.0 906.0 572.0 large-vehicle 0
913.0 646.0 897.0 634.0 952.0 569.0 965.0 579.0 large-vehicle 0
252.0 1099.0 241.0 1114.0 209.0 1092.0 218.0 1076.0 small-vehicle 0
317.0 1170.0 328.0 1155.0 365.0 1182.0 354.0 1195.0 small-vehicle 0
562.0 1145.0 575.0 1128.0 609.0 1158.0 600.0 1172.0 small-vehicle 0
579.0 1130.0 590.0 1112.0 630.0 1143.0 618.0 1161.0 small-vehicle 0
611.0 1085.0 624.0 1067.0 660.0 1095.0 647.0 1114.0 small-vehicle 0
685.0 1094.0 667.0 1081.0 691.0 1051.0 706.0 1060.0 small-vehicle 0
712.0 1056.0 697.0 1042.0 725.0 1011.0 740.0 1027.0 small-vehicle 0
802.0 1049.0 813.0 1036.0 844.0 1061.0 832.0 1075.0 small-vehicle 0
760.0 1170.0 775.0 1160.0 795.0 1188.0 780.0 1199.0 small-vehicle 0
778.0 1082.0 786.0 1067.0 821.0 1094.0 810.0 1106.0 small-vehicle 0
812.0 1030.0 820.0 1017.0 852.0 1039.0 844.0 1051.0 small-vehicle 0
825.0 1013.0 838.0 994.0 868.0 1017.0 855.0 1035.0 small-vehicle 0
901.0 979.0 913.0 964.0 944.0 992.0 933.0 1005.0 small-vehicle 0
878.0 1012.0 891.0 1000.0 917.0 1024.0 905.0 1039.0 small-vehicle 0
867.0 944.0 881.0 930.0 908.0 953.0 896.0 967.0 small-vehicle 0
843.0 983.0 853.0 969.0 883.0 997.0 873.0 1008.0 small-vehicle 0
913.0 911.0 922.0 897.0 955.0 921.0 942.0 936.0 small-vehicle 0
948.0 944.0 960.0 930.0 989.0 957.0 977.0 970.0 small-vehicle 0
1018.0 906.0 1031.0 915.0 1009.0 949.0 997.0 939.0 small-vehicle 0
996.0 893.0 1007.0 900.0 986.0 932.0 975.0 924.0 small-vehicle 0
973.0 876.0 986.0 885.0 963.0 916.0 952.0 905.0 small-vehicle 0
942.0 897.0 931.0 886.0 954.0 858.0 966.0 868.0 small-vehicle 0
822.0 907.0 809.0 897.0 834.0 864.0 849.0 873.0 small-vehicle 0
791.0 952.0 775.0 940.0 799.0 905.0 816.0 916.0 small-vehicle 0
699.0 808.0 685.0 794.0 718.0 750.0 735.0 764.0 large-vehicle 0
930.0 824.0 947.0 837.0 910.0 879.0 896.0 866.0 large-vehicle 0
278.0 803.0 290.0 782.0 335.0 818.0 320.0 834.0 large-vehicle 0
102.0 488.0 122.0 508.0 65.0 569.0 48.0 551.0 large-vehicle 0
1073.0 983.0 1055.0 981.0 1058.0 941.0 1075.0 942.0 small-vehicle 0
241.0 818.0 254.0 831.0 229.0 856.0 217.0 843.0 small-vehicle 0
202.0 790.0 216.0 800.0 189.0 834.0 175.0 825.0 small-vehicle 0
176.0 818.0 160.0 806.0 186.0 770.0 204.0 784.0 small-vehicle 0
532.0 259.0 519.0 246.0 568.0 188.0 583.0 200.0 large-vehicle 0
594.0 424.0 578.0 410.0 623.0 349.0 638.0 360.0 large-vehicle 0
704.0 384.0 692.0 374.0 735.0 323.0 747.0 335.0 large-vehicle 0
727.0 394.0 714.0 383.0 757.0 334.0 771.0 346.0 large-vehicle 0
906.0 525.0 892.0 514.0 933.0 461.0 946.0 471.0 large-vehicle 0
915.0 551.0 903.0 539.0 942.0 491.0 957.0 501.0 large-vehicle 0
375.0 150.0 360.0 165.0 297.0 113.0 311.0 97.0 large-vehicle 0
749.0 525.0 735.0 512.0 775.0 465.0 792.0 476.0 large-vehicle 0
792.0 552.0 778.0 538.0 818.0 487.0 833.0 499.0 large-vehicle 0
815.0 562.0 801.0 549.0 845.0 501.0 859.0 514.0 large-vehicle 0
839.0 574.0 825.0 561.0 868.0 510.0 881.0 520.0 large-vehicle 0
934.0 659.0 919.0 647.0 972.0 579.0 985.0 590.0 large-vehicle 0
995.0 609.0 1012.0 618.0 983.0 672.0 966.0 661.0 large-vehicle 0
327.0 211.0 314.0 223.0 253.0 166.0 267.0 153.0 large-vehicle 0
766.0 425.0 752.0 415.0 791.0 362.0 806.0 374.0 large-vehicle 0
166.0 759.0 183.0 770.0 152.0 803.0 138.0 792.0 small-vehicle 0
805.0 455.0 791.0 444.0 831.0 392.0 845.0 404.0 large-vehicle 0
207.0 570.0 193.0 558.0 211.0 538.0 224.0 548.0 small-vehicle 0
220.0 583.0 208.0 571.0 232.0 543.0 244.0 554.0 small-vehicle 0
243.0 599.0 229.0 585.0 253.0 556.0 265.0 568.0 small-vehicle 0
268.0 570.0 280.0 579.0 258.0 607.0 246.0 599.0 small-vehicle 0
296.0 598.0 307.0 606.0 286.0 638.0 275.0 629.0 small-vehicle 0
229.0 680.0 242.0 689.0 223.0 721.0 212.0 713.0 small-vehicle 0
210.0 672.0 226.0 685.0 194.0 718.0 181.0 704.0 small-vehicle 0
192.0 660.0 209.0 671.0 187.0 695.0 171.0 686.0 small-vehicle 0
144.0 634.0 157.0 642.0 134.0 670.0 123.0 663.0 small-vehicle 0
80.0 691.0 96.0 702.0 68.0 736.0 51.0 726.0 small-vehicle 0
116.0 725.0 134.0 738.0 105.0 771.0 89.0 760.0 small-vehicle 0
138.0 739.0 154.0 751.0 127.0 784.0 112.0 775.0 small-vehicle 0
394.0 282.0 376.0 266.0 429.0 202.0 449.0 216.0 large-vehicle 0
