imagesource:GoogleEarth
gsd:0.250464490746
1355.0 345.0 1363.0 340.0 1374.0 363.0 1365.0 369.0 ship 0
329.0 773.0 299.0 786.0 249.0 655.0 281.0 643.0 harbor 0
520.0 50.0 512.0 54.0 504.0 34.0 513.0 32.0 small-vehicle 1
458.0 0.0 463.0 10.0 443.0 18.0 439.0 8.0 small-vehicle 0
306.0 64.0 310.0 73.0 289.0 82.0 285.0 74.0 small-vehicle 0
206.0 103.0 210.0 112.0 193.0 121.0 187.0 114.0 small-vehicle 0
151.0 178.0 141.0 181.0 133.0 157.0 144.0 153.0 small-vehicle 0
452.0 402.0 457.0 413.0 435.0 424.0 430.0 413.0 small-vehicle 0
554.0 350.0 559.0 361.0 538.0 370.0 532.0 360.0 small-vehicle 0
158.0 811.0 118.0 828.0 87.0 744.0 128.0 729.0 harbor 0
460.0 643.0 426.0 661.0 396.0 596.0 432.0 579.0 harbor 0
1131.0 58.0 1123.0 62.0 1113.0 42.0 1121.0 36.0 small-vehicle 1
525.0 618.0 492.0 633.0 467.0 567.0 499.0 552.0 harbor 0
621.0 580.0 585.0 596.0 516.0 420.0 547.0 408.0 harbor 0
673.0 530.0 654.0 542.0 629.0 491.0 650.0 481.0 harbor 0
790.0 489.0 768.0 496.0 753.0 439.0 773.0 432.0 harbor 0
999.0 493.0 977.0 505.0 937.0 410.0 958.0 398.0 harbor 0
1137.0 437.0 1106.0 449.0 1073.0 367.0 1101.0 354.0 harbor 0
1280.0 374.0 1258.0 384.0 1235.0 332.0 1256.0 323.0 harbor 0
1386.0 366.0 1356.0 379.0 1327.0 310.0 1358.0 296.0 harbor 0
556.0 136.0 547.0 140.0 538.0 117.0 547.0 114.0 small-vehicle 1
569.0 166.0 559.0 170.0 549.0 148.0 559.0 143.0 small-vehicle 1
722.0 266.0 715.0 255.0 740.0 243.0 745.0 255.0 small-vehicle 1
744.0 274.0 749.0 282.0 727.0 291.0 723.0 283.0 small-vehicle 0
1237.0 62.0 1240.0 71.0 1222.0 80.0 1218.0 71.0 small-vehicle 1
1048.0 130.0 1044.0 120.0 1068.0 112.0 1070.0 121.0 small-vehicle 1
883.0 214.0 887.0 223.0 869.0 232.0 863.0 223.0 small-vehicle 1
228.0 72.0 223.0 63.0 247.0 53.0 250.0 63.0 small-vehicle 1
288.0 43.0 284.0 33.0 308.0 22.0 310.0 32.0 small-vehicle 1
776.0 261.0 778.0 269.0 760.0 275.0 756.0 268.0 small-vehicle 1
1264.0 66.0 1260.0 56.0 1282.0 46.0 1286.0 57.0 small-vehicle 0
1288.0 57.0 1284.0 46.0 1310.0 36.0 1314.0 47.0 small-vehicle 0
406.0 21.0 412.0 33.0 381.0 44.0 376.0 33.0 ship 0
430.0 411.0 433.0 424.0 409.0 431.0 404.0 418.0 ship 0
72.0 160.0 76.0 171.0 47.0 182.0 42.0 169.0 ship 0
249.0 252.0 251.0 263.0 227.0 267.0 224.0 256.0 small-vehicle 0
79.0 284.0 81.0 294.0 63.0 300.0 58.0 289.0 small-vehicle 0
83.0 452.0 72.0 456.0 64.0 435.0 75.0 431.0 small-vehicle 0
863.0 207.0 859.0 197.0 880.0 189.0 883.0 198.0 small-vehicle 0
840.0 233.0 844.0 243.0 823.0 250.0 820.0 242.0 small-vehicle 0
766.0 246.0 762.0 236.0 787.0 228.0 792.0 237.0 small-vehicle 0
1307.0 208.0 1340.0 195.0 1348.0 213.0 1315.0 227.0 swimming-pool 0
