imagesource:GoogleEarth
gsd:0.263948238086
1238.0 941.0 1245.0 935.0 1257.0 956.0 1249.0 960.0 small-vehicle 1
861.0 468.0 855.0 462.0 872.0 450.0 876.0 459.0 small-vehicle 1
1221.0 1202.0 1241.0 1191.0 1262.0 1227.0 1242.0 1236.0 swimming-pool 0
1163.0 1033.0 1188.0 1019.0 1198.0 1035.0 1174.0 1049.0 swimming-pool 0
1065.0 616.0 1056.0 614.0 1059.0 591.0 1069.0 592.0 small-vehicle 0
811.0 317.0 805.0 308.0 822.0 297.0 826.0 306.0 small-vehicle 0
959.0 1411.0 946.0 1390.0 1115.0 1278.0 1131.0 1301.0 harbor 0
847.0 1197.0 822.0 1154.0 1018.0 1033.0 1044.0 1075.0 harbor 0
890.0 1052.0 869.0 1024.0 951.0 963.0 973.0 993.0 harbor 0
662.0 938.0 651.0 921.0 822.0 802.0 834.0 821.0 harbor 0
516.0 658.0 487.0 618.0 628.0 526.0 652.0 570.0 harbor 0
657.0 327.0 681.0 308.0 716.0 360.0 692.0 375.0 swimming-pool 0
292.0 455.0 271.0 432.0 432.0 292.0 449.0 316.0 harbor 0
160.0 383.0 131.0 348.0 356.0 165.0 387.0 205.0 harbor 0
