imagesource:GoogleEarth
gsd:0.137648312617
775.0 824.0 809.0 828.0 793.0 921.0 761.0 915.0 ship 0
439.0 743.0 469.0 741.0 470.0 821.0 441.0 822.0 ship 0
792.0 927.0 793.0 713.0 927.0 712.0 927.0 932.0 harbor 0
488.0 1280.0 543.0 1404.0 423.0 1451.0 365.0 1329.0 harbor 0
365.0 1109.0 376.0 1145.0 275.0 1182.0 262.0 1147.0 harbor 0
360.0 1007.0 365.0 1043.0 241.0 1061.0 234.0 1024.0 harbor 0
431.0 736.0 431.0 835.0 305.0 836.0 304.0 734.0 harbor 0
387.0 483.0 393.0 573.0 250.0 586.0 246.0 494.0 harbor 0
329.0 332.0 326.0 403.0 214.0 403.0 216.0 331.0 harbor 0
315.0 205.0 287.0 206.0 283.0 92.0 309.0 90.0 harbor 0
