imagesource:GoogleEarth
gsd:0.130103871334
620.0 442.0 648.0 423.0 771.0 558.0 745.0 581.0 large-vehicle 0
600.0 94.0 585.0 79.0 610.0 46.0 628.0 59.0 small-vehicle 0
585.0 220.0 597.0 228.0 575.0 260.0 562.0 251.0 small-vehicle 0
566.0 206.0 578.0 215.0 557.0 246.0 542.0 237.0 small-vehicle 0
550.0 191.0 562.0 201.0 538.0 234.0 525.0 221.0 small-vehicle 0
21.0 484.0 35.0 482.0 40.0 517.0 25.0 518.0 small-vehicle 0
355.0 292.0 339.0 285.0 364.0 240.0 379.0 248.0 small-vehicle 0
436.0 154.0 449.0 162.0 425.0 191.0 413.0 181.0 small-vehicle 0
485.0 134.0 499.0 144.0 470.0 178.0 455.0 167.0 small-vehicle 0
476.0 238.0 462.0 225.0 493.0 190.0 508.0 202.0 small-vehicle 0
471.0 180.0 484.0 191.0 465.0 216.0 450.0 204.0 small-vehicle 0
537.0 172.0 551.0 182.0 523.0 217.0 508.0 207.0 small-vehicle 0
501.0 147.0 517.0 158.0 491.0 186.0 477.0 175.0 small-vehicle 0
785.0 470.0 799.0 454.0 928.0 562.0 915.0 579.0 large-vehicle 0
623.0 313.0 635.0 322.0 614.0 352.0 600.0 342.0 small-vehicle 0
509.0 891.0 522.0 878.0 626.0 970.0 612.0 986.0 large-vehicle 0
688.0 693.0 700.0 680.0 800.0 769.0 786.0 783.0 large-vehicle 0
736.0 651.0 750.0 637.0 846.0 716.0 833.0 733.0 large-vehicle 0
702.0 657.0 714.0 643.0 824.0 741.0 810.0 757.0 large-vehicle 0
647.0 699.0 659.0 686.0 778.0 792.0 765.0 808.0 large-vehicle 0
481.0 911.0 493.0 900.0 604.0 996.0 591.0 1013.0 large-vehicle 0
626.0 729.0 638.0 713.0 758.0 817.0 743.0 835.0 large-vehicle 0
559.0 717.0 571.0 704.0 701.0 812.0 687.0 830.0 large-vehicle 0
377.0 225.0 391.0 209.0 514.0 311.0 499.0 325.0 large-vehicle 0
579.0 780.0 594.0 761.0 715.0 868.0 698.0 885.0 large-vehicle 0
531.0 873.0 546.0 858.0 648.0 943.0 634.0 960.0 large-vehicle 0
586.0 286.0 599.0 294.0 577.0 324.0 563.0 316.0 small-vehicle 0
831.0 104.0 846.0 116.0 823.0 146.0 808.0 135.0 small-vehicle 0
493.0 661.0 519.0 682.0 440.0 834.0 409.0 820.0 large-vehicle 0
994.0 383.0 1006.0 368.0 1034.0 393.0 1023.0 406.0 small-vehicle 0
665.0 290.0 682.0 302.0 659.0 335.0 643.0 325.0 small-vehicle 0
628.0 258.0 645.0 272.0 623.0 305.0 605.0 291.0 small-vehicle 0
650.0 277.0 664.0 286.0 643.0 320.0 628.0 310.0 small-vehicle 0
657.0 341.0 669.0 350.0 646.0 381.0 634.0 371.0 small-vehicle 0
672.0 355.0 687.0 364.0 661.0 395.0 648.0 386.0 small-vehicle 0
681.0 310.0 695.0 318.0 676.0 344.0 664.0 337.0 small-vehicle 0
715.0 336.0 731.0 348.0 712.0 377.0 697.0 366.0 small-vehicle 0
737.0 348.0 749.0 357.0 724.0 389.0 710.0 380.0 small-vehicle 0
690.0 429.0 672.0 414.0 702.0 380.0 718.0 395.0 small-vehicle 0
970.0 491.0 957.0 505.0 930.0 482.0 943.0 467.0 small-vehicle 0
983.0 452.0 972.0 462.0 945.0 441.0 957.0 428.0 small-vehicle 0
926.0 324.0 909.0 324.0 912.0 287.0 929.0 287.0 small-vehicle 0
868.0 193.0 856.0 184.0 883.0 150.0 895.0 162.0 small-vehicle 0
744.0 262.0 730.0 251.0 749.0 229.0 762.0 238.0 small-vehicle 0
724.0 249.0 710.0 237.0 731.0 215.0 745.0 226.0 small-vehicle 0
758.0 282.0 744.0 271.0 768.0 246.0 781.0 256.0 small-vehicle 0
775.0 294.0 764.0 283.0 783.0 262.0 796.0 272.0 small-vehicle 0
788.0 310.0 774.0 299.0 797.0 272.0 812.0 284.0 small-vehicle 0
824.0 242.0 840.0 253.0 815.0 283.0 802.0 270.0 small-vehicle 0
800.0 212.0 814.0 221.0 787.0 249.0 774.0 237.0 small-vehicle 0
699.0 178.0 686.0 168.0 711.0 139.0 724.0 149.0 small-vehicle 0
761.0 187.0 774.0 197.0 752.0 224.0 739.0 212.0 small-vehicle 0
859.0 171.0 845.0 161.0 869.0 137.0 880.0 148.0 small-vehicle 0
914.0 238.0 901.0 221.0 938.0 195.0 950.0 211.0 small-vehicle 0
450.0 928.0 463.0 913.0 581.0 1021.0 564.0 1038.0 large-vehicle 0
