imagesource:GoogleEarth
gsd:0.133695162399
638.0 127.0 637.0 112.0 674.0 111.0 674.0 127.0 small-vehicle 0
457.0 459.0 476.0 456.0 492.0 554.0 472.0 556.0 large-vehicle 0
244.0 137.0 244.0 115.0 345.0 113.0 346.0 134.0 large-vehicle 0
254.0 192.0 253.0 172.0 359.0 167.0 361.0 189.0 large-vehicle 0
264.0 216.0 265.0 197.0 361.0 196.0 362.0 217.0 large-vehicle 0
258.0 244.0 258.0 224.0 359.0 228.0 358.0 249.0 large-vehicle 0
260.0 272.0 259.0 253.0 351.0 253.0 351.0 273.0 large-vehicle 0
265.0 300.0 265.0 281.0 354.0 281.0 355.0 301.0 large-vehicle 0
263.0 327.0 263.0 309.0 353.0 307.0 354.0 326.0 large-vehicle 0
262.0 467.0 261.0 448.0 359.0 440.0 361.0 458.0 large-vehicle 0
255.0 408.0 255.0 389.0 360.0 389.0 359.0 408.0 large-vehicle 0
259.0 551.0 258.0 532.0 365.0 526.0 367.0 546.0 large-vehicle 0
264.0 438.0 262.0 418.0 362.0 414.0 363.0 434.0 large-vehicle 0
566.0 223.0 565.0 246.0 511.0 246.0 511.0 224.0 large-vehicle 0
249.0 493.0 250.0 473.0 357.0 471.0 358.0 491.0 large-vehicle 0
482.0 69.0 484.0 50.0 523.0 53.0 524.0 72.0 small-vehicle 0
472.0 98.0 474.0 80.0 511.0 84.0 509.0 100.0 small-vehicle 0
488.0 143.0 490.0 128.0 529.0 129.0 527.0 144.0 small-vehicle 0
477.0 120.0 478.0 103.0 513.0 106.0 512.0 122.0 small-vehicle 0
628.0 131.0 628.0 149.0 583.0 147.0 583.0 129.0 small-vehicle 0
630.0 152.0 627.0 169.0 585.0 167.0 587.0 150.0 small-vehicle 0
483.0 169.0 481.0 152.0 519.0 151.0 521.0 166.0 small-vehicle 0
491.0 193.0 491.0 174.0 541.0 175.0 538.0 193.0 small-vehicle 0
499.0 222.0 496.0 203.0 539.0 200.0 540.0 220.0 small-vehicle 0
247.0 83.0 246.0 65.0 344.0 62.0 345.0 80.0 large-vehicle 0
