imagesource:GoogleEarth
gsd:0.12349598957
941.0 571.0 921.0 571.0 923.0 531.0 940.0 531.0 small-vehicle 1
82.0 225.0 126.0 227.0 124.0 317.0 80.0 318.0 tennis-court 0
86.0 80.0 129.0 82.0 127.0 170.0 83.0 171.0 tennis-court 0
946.0 243.0 926.0 242.0 926.0 189.0 945.0 191.0 small-vehicle 0
772.0 118.0 862.0 120.0 860.0 314.0 769.0 311.0 tennis-court 0
661.0 116.0 751.0 117.0 747.0 308.0 656.0 308.0 tennis-court 0
490.0 110.0 581.0 110.0 577.0 303.0 487.0 305.0 tennis-court 0
380.0 108.0 471.0 108.0 468.0 301.0 377.0 301.0 tennis-court 0
205.0 104.0 296.0 105.0 292.0 298.0 202.0 298.0 tennis-court 0
