imagesource:GoogleEarth
gsd:0.133618023015
572.0 637.0 657.0 638.0 654.0 818.0 569.0 815.0 tennis-court 1
468.0 632.0 553.0 633.0 549.0 812.0 464.0 811.0 tennis-court 0
363.0 630.0 447.0 632.0 443.0 810.0 360.0 809.0 tennis-court 0
257.0 628.0 342.0 628.0 338.0 808.0 254.0 806.0 tennis-court 0
153.0 626.0 236.0 627.0 234.0 805.0 148.0 804.0 tennis-court 0
158.0 352.0 243.0 353.0 239.0 532.0 154.0 530.0 tennis-court 0
264.0 353.0 350.0 355.0 344.0 535.0 259.0 532.0 tennis-court 0
369.0 357.0 453.0 358.0 449.0 537.0 364.0 536.0 tennis-court 0
474.0 360.0 558.0 361.0 554.0 542.0 469.0 539.0 tennis-court 0
580.0 362.0 663.0 365.0 659.0 542.0 574.0 539.0 tennis-court 0
586.0 89.0 671.0 90.0 667.0 269.0 583.0 268.0 tennis-court 0
482.0 85.0 566.0 88.0 560.0 267.0 477.0 264.0 tennis-court 0
377.0 83.0 461.0 85.0 455.0 264.0 372.0 263.0 tennis-court 0
271.0 81.0 357.0 83.0 352.0 262.0 267.0 260.0 tennis-court 0
166.0 77.0 251.0 80.0 246.0 258.0 160.0 258.0 tennis-court 0
