imagesource:GoogleEarth
gsd:0.127024915028
906.0 657.0 886.0 654.0 891.0 612.0 910.0 613.0 small-vehicle 0
873.0 889.0 895.0 889.0 894.0 934.0 876.0 934.0 small-vehicle 0
245.0 711.0 268.0 713.0 257.0 802.0 237.0 799.0 large-vehicle 0
274.0 714.0 292.0 717.0 279.0 806.0 262.0 804.0 large-vehicle 0
301.0 716.0 322.0 721.0 303.0 807.0 284.0 804.0 large-vehicle 0
537.0 730.0 555.0 730.0 556.0 817.0 536.0 818.0 large-vehicle 0
570.0 732.0 590.0 732.0 587.0 819.0 569.0 819.0 large-vehicle 0
596.0 735.0 615.0 735.0 613.0 825.0 593.0 824.0 large-vehicle 0
710.0 742.0 730.0 744.0 723.0 830.0 703.0 827.0 large-vehicle 0
767.0 745.0 784.0 746.0 777.0 838.0 758.0 835.0 large-vehicle 0
791.0 746.0 810.0 746.0 801.0 837.0 782.0 835.0 large-vehicle 0
875.0 379.0 854.0 378.0 855.0 326.0 874.0 326.0 large-vehicle 0
1030.0 383.0 1007.0 382.0 1012.0 332.0 1031.0 332.0 large-vehicle 0
858.0 624.0 876.0 625.0 872.0 685.0 855.0 685.0 large-vehicle 0
742.0 746.0 760.0 748.0 753.0 834.0 733.0 832.0 large-vehicle 0
628.0 736.0 647.0 739.0 640.0 830.0 620.0 828.0 large-vehicle 0
654.0 737.0 674.0 738.0 667.0 829.0 647.0 828.0 large-vehicle 0
820.0 723.0 839.0 725.0 835.0 782.0 815.0 779.0 large-vehicle 0
630.0 405.0 610.0 404.0 615.0 310.0 636.0 313.0 large-vehicle 0
735.0 409.0 713.0 407.0 724.0 314.0 745.0 318.0 large-vehicle 0
905.0 894.0 925.0 895.0 922.0 937.0 901.0 937.0 small-vehicle 0
424.0 428.0 422.0 448.0 330.0 436.0 335.0 415.0 large-vehicle 0
