imagesource:GoogleEarth
gsd:0.125676692059
797.0 848.0 806.0 836.0 838.0 863.0 829.0 874.0 small-vehicle 0
740.0 770.0 748.0 757.0 777.0 777.0 770.0 791.0 small-vehicle 0
711.0 805.0 718.0 793.0 746.0 812.0 738.0 824.0 small-vehicle 0
779.0 806.0 792.0 817.0 768.0 844.0 755.0 833.0 small-vehicle 0
671.0 860.0 679.0 848.0 708.0 867.0 701.0 879.0 small-vehicle 0
682.0 842.0 691.0 829.0 723.0 853.0 716.0 865.0 small-vehicle 0
698.0 826.0 709.0 811.0 741.0 837.0 732.0 850.0 small-vehicle 0
93.0 726.0 78.0 719.0 89.0 694.0 104.0 700.0 small-vehicle 0
1024.0 499.0 1089.0 562.0 958.0 698.0 893.0 637.0 tennis-court 0
934.0 411.0 999.0 474.0 867.0 609.0 800.0 546.0 tennis-court 0
818.0 307.0 884.0 372.0 754.0 509.0 686.0 447.0 tennis-court 0
716.0 210.0 779.0 273.0 649.0 409.0 581.0 349.0 tennis-court 0
338.0 683.0 462.0 526.0 614.0 641.0 494.0 808.0 tennis-court 0
446.0 499.0 315.0 671.0 212.0 582.0 336.0 417.0 swimming-pool 0
