imagesource:GoogleEarth
gsd:0.133562771475
824.0 952.0 811.0 964.0 783.0 937.0 797.0 926.0 small-vehicle 1
195.0 202.0 205.0 191.0 226.0 212.0 217.0 223.0 small-vehicle 1
815.0 751.0 824.0 738.0 853.0 761.0 843.0 773.0 small-vehicle 0
870.0 750.0 858.0 762.0 829.0 736.0 838.0 725.0 small-vehicle 0
842.0 722.0 852.0 710.0 879.0 732.0 870.0 742.0 small-vehicle 0
855.0 701.0 864.0 689.0 894.0 712.0 886.0 723.0 small-vehicle 0
864.0 683.0 873.0 670.0 904.0 694.0 896.0 706.0 small-vehicle 0
889.0 654.0 898.0 640.0 929.0 662.0 922.0 675.0 small-vehicle 0
981.0 756.0 969.0 770.0 941.0 748.0 952.0 733.0 small-vehicle 0
967.0 713.0 977.0 699.0 1005.0 722.0 996.0 733.0 small-vehicle 0
1011.0 627.0 1000.0 613.0 1030.0 590.0 1039.0 604.0 small-vehicle 0
1044.0 608.0 1055.0 624.0 1027.0 642.0 1017.0 628.0 small-vehicle 0
926.0 604.0 935.0 592.0 963.0 613.0 956.0 625.0 small-vehicle 0
917.0 624.0 926.0 611.0 954.0 631.0 945.0 642.0 small-vehicle 0
668.0 1303.0 734.0 1355.0 628.0 1497.0 560.0 1444.0 tennis-court 0
583.0 1238.0 648.0 1289.0 540.0 1429.0 473.0 1379.0 tennis-court 0
836.0 1088.0 903.0 1138.0 794.0 1280.0 727.0 1230.0 tennis-court 0
748.0 1020.0 816.0 1074.0 709.0 1214.0 639.0 1163.0 tennis-court 0
1091.0 843.0 1159.0 896.0 1048.0 1038.0 980.0 985.0 tennis-court 0
1001.0 774.0 1067.0 826.0 958.0 968.0 892.0 914.0 tennis-court 0
717.0 128.0 1024.0 382.0 638.0 863.0 330.0 606.0 soccer-ball-field 0
804.0 766.0 812.0 754.0 841.0 778.0 832.0 789.0 small-vehicle 0
830.0 795.0 819.0 808.0 789.0 784.0 799.0 771.0 small-vehicle 0
763.0 815.0 772.0 803.0 800.0 824.0 792.0 836.0 small-vehicle 0
942.0 804.0 934.0 816.0 904.0 792.0 912.0 781.0 small-vehicle 0
127.0 356.0 114.0 371.0 91.0 345.0 103.0 332.0 small-vehicle 0
1014.0 437.0 1030.0 445.0 1012.0 482.0 996.0 475.0 small-vehicle 0
1019.0 572.0 1030.0 586.0 1001.0 614.0 988.0 599.0 small-vehicle 0
877.0 667.0 889.0 657.0 917.0 684.0 906.0 694.0 small-vehicle 0
928.0 582.0 939.0 570.0 969.0 595.0 959.0 607.0 small-vehicle 0
991.0 739.0 982.0 752.0 951.0 731.0 960.0 716.0 small-vehicle 0
968.0 773.0 957.0 787.0 924.0 759.0 935.0 745.0 small-vehicle 0
954.0 789.0 943.0 802.0 912.0 777.0 922.0 763.0 small-vehicle 0
930.0 819.0 920.0 831.0 890.0 809.0 899.0 794.0 small-vehicle 0
737.0 855.0 745.0 841.0 777.0 860.0 769.0 874.0 small-vehicle 0
868.0 821.0 877.0 807.0 914.0 831.0 905.0 845.0 small-vehicle 0
905.0 854.0 894.0 867.0 857.0 838.0 865.0 823.0 small-vehicle 0
889.0 868.0 881.0 880.0 852.0 856.0 861.0 845.0 small-vehicle 0
881.0 884.0 869.0 898.0 841.0 874.0 852.0 861.0 small-vehicle 0
748.0 832.0 755.0 820.0 789.0 843.0 781.0 856.0 small-vehicle 0
380.0 105.0 370.0 118.0 345.0 98.0 355.0 86.0 small-vehicle 0
238.0 45.0 254.0 60.0 229.0 87.0 214.0 75.0 small-vehicle 0
866.0 900.0 856.0 914.0 825.0 892.0 836.0 878.0 small-vehicle 0
234.0 748.0 432.0 905.0 256.0 1084.0 64.0 924.0 baseball-diamond 0
