imagesource:GoogleEarth
gsd:0.129852642206
177.0 194.0 984.0 541.0 841.0 874.0 31.0 528.0 ground-track-field 0
345.0 363.0 424.0 398.0 352.0 568.0 272.0 533.0 tennis-court 0
454.0 410.0 534.0 444.0 460.0 615.0 382.0 580.0 tennis-court 0
565.0 458.0 645.0 493.0 572.0 662.0 493.0 627.0 tennis-court 0
674.0 504.0 752.0 539.0 681.0 709.0 601.0 675.0 tennis-court 0
684.0 804.0 729.0 696.0 889.0 763.0 842.0 872.0 basketball-court 0
730.0 693.0 776.0 585.0 936.0 652.0 889.0 761.0 basketball-court 0
777.0 583.0 824.0 473.0 982.0 540.0 936.0 650.0 basketball-court 0
33.0 527.0 80.0 418.0 248.0 489.0 202.0 598.0 basketball-court 0
81.0 416.0 129.0 308.0 295.0 379.0 248.0 487.0 basketball-court 0
127.0 305.0 176.0 195.0 344.0 269.0 295.0 378.0 basketball-court 0
