imagesource:GoogleEarth
gsd:0.275775724195
635.0 1534.0 627.0 1452.0 833.0 1433.0 836.0 1523.0 ship 0
2014.0 2304.0 2020.0 2312.0 2004.0 2323.0 1999.0 2315.0 small-vehicle 0
2010.0 1136.0 2001.0 1139.0 2000.0 1119.0 2010.0 1119.0 small-vehicle 0
2022.0 1137.0 2012.0 1137.0 2013.0 1116.0 2022.0 1115.0 small-vehicle 0
1992.0 1159.0 1983.0 1161.0 1982.0 1139.0 1991.0 1140.0 small-vehicle 0
1993.0 1138.0 2001.0 1137.0 2002.0 1158.0 1994.0 1158.0 small-vehicle 0
2001.0 1138.0 2011.0 1140.0 2013.0 1156.0 2003.0 1157.0 small-vehicle 0
2017.0 1203.0 2006.0 1204.0 2007.0 1183.0 2016.0 1183.0 small-vehicle 0
2006.0 1204.0 1997.0 1203.0 1997.0 1182.0 2006.0 1183.0 small-vehicle 0
1997.0 1205.0 1987.0 1205.0 1987.0 1183.0 1998.0 1184.0 small-vehicle 0
1999.0 1225.0 1990.0 1226.0 1989.0 1206.0 1998.0 1203.0 small-vehicle 0
2010.0 1224.0 1999.0 1225.0 1997.0 1205.0 2006.0 1205.0 small-vehicle 0
2018.0 1223.0 2009.0 1224.0 2008.0 1204.0 2017.0 1204.0 small-vehicle 0
2028.0 1228.0 2018.0 1227.0 2018.0 1205.0 2026.0 1204.0 small-vehicle 0
2014.0 1271.0 2004.0 1273.0 2000.0 1250.0 2011.0 1249.0 small-vehicle 0
2003.0 1272.0 1993.0 1273.0 1989.0 1253.0 1998.0 1250.0 small-vehicle 0
1993.0 1275.0 2002.0 1273.0 2005.0 1292.0 1996.0 1294.0 small-vehicle 0
2003.0 1272.0 2013.0 1272.0 2016.0 1290.0 2006.0 1292.0 small-vehicle 0
2015.0 1273.0 2022.0 1271.0 2025.0 1290.0 2017.0 1291.0 small-vehicle 0
2024.0 1269.0 2013.0 1270.0 2011.0 1253.0 2020.0 1252.0 small-vehicle 0
1992.0 1274.0 1982.0 1274.0 1979.0 1252.0 1987.0 1251.0 small-vehicle 0
1982.0 1276.0 1991.0 1275.0 1994.0 1292.0 1985.0 1293.0 small-vehicle 0
2028.0 1338.0 2018.0 1337.0 2015.0 1316.0 2027.0 1316.0 small-vehicle 0
2019.0 1337.0 2012.0 1338.0 2008.0 1316.0 2017.0 1316.0 small-vehicle 0
2010.0 1337.0 2000.0 1339.0 1998.0 1317.0 2007.0 1317.0 small-vehicle 0
1999.0 1338.0 1989.0 1339.0 1986.0 1317.0 1996.0 1316.0 small-vehicle 0
2013.0 1481.0 2024.0 1479.0 2027.0 1501.0 2016.0 1503.0 small-vehicle 0
1996.0 1484.0 2007.0 1481.0 2009.0 1502.0 1998.0 1504.0 small-vehicle 1
1963.0 1534.0 1965.0 1548.0 1951.0 1556.0 1947.0 1547.0 small-vehicle 1
1964.0 1557.0 1969.0 1568.0 1955.0 1579.0 1949.0 1571.0 small-vehicle 1
2002.0 2370.0 2007.0 2380.0 1990.0 2393.0 1984.0 2385.0 small-vehicle 1
1991.0 1137.0 1982.0 1139.0 1982.0 1118.0 1991.0 1117.0 small-vehicle 0
1984.0 1138.0 1973.0 1139.0 1971.0 1117.0 1980.0 1117.0 small-vehicle 0
2026.0 1091.0 2017.0 1093.0 2016.0 1072.0 2024.0 1071.0 small-vehicle 0
1963.0 818.0 1961.0 809.0 1981.0 807.0 1980.0 816.0 small-vehicle 0
1934.0 682.0 1947.0 681.0 1945.0 702.0 1937.0 704.0 small-vehicle 0
1833.0 645.0 1822.0 644.0 1823.0 619.0 1835.0 621.0 small-vehicle 0
1954.0 740.0 1955.0 749.0 1936.0 749.0 1936.0 739.0 small-vehicle 0
2021.0 741.0 2010.0 742.0 2010.0 719.0 2019.0 719.0 small-vehicle 0
2009.0 742.0 2020.0 742.0 2021.0 761.0 2010.0 762.0 small-vehicle 0
2012.0 787.0 2025.0 787.0 2026.0 807.0 2016.0 809.0 small-vehicle 0
2027.0 827.0 2015.0 828.0 2015.0 809.0 2027.0 808.0 small-vehicle 0
1959.0 767.0 1957.0 759.0 1977.0 758.0 1977.0 767.0 small-vehicle 0
1954.0 759.0 1954.0 768.0 1939.0 770.0 1937.0 760.0 small-vehicle 0
1959.0 778.0 1959.0 769.0 1977.0 768.0 1978.0 777.0 small-vehicle 0
1940.0 790.0 1938.0 781.0 1958.0 781.0 1957.0 789.0 small-vehicle 0
1959.0 788.0 1958.0 778.0 1977.0 778.0 1980.0 786.0 small-vehicle 0
1960.0 798.0 1959.0 788.0 1978.0 787.0 1979.0 796.0 small-vehicle 0
1965.0 828.0 1963.0 818.0 1982.0 817.0 1984.0 827.0 small-vehicle 0
2016.0 1091.0 2007.0 1092.0 2005.0 1073.0 2015.0 1071.0 small-vehicle 0
1940.0 830.0 1939.0 819.0 1960.0 819.0 1960.0 828.0 small-vehicle 0
1960.0 830.0 1959.0 838.0 1940.0 839.0 1940.0 831.0 small-vehicle 0
1983.0 836.0 1983.0 845.0 1966.0 847.0 1965.0 837.0 small-vehicle 0
1943.0 858.0 1942.0 850.0 1962.0 849.0 1962.0 858.0 small-vehicle 0
2006.0 933.0 1996.0 933.0 1995.0 911.0 2005.0 912.0 small-vehicle 0
1997.0 934.0 1989.0 933.0 1987.0 913.0 1995.0 912.0 small-vehicle 0
1987.0 935.0 1977.0 936.0 1978.0 914.0 1985.0 914.0 small-vehicle 0
1978.0 935.0 1968.0 936.0 1965.0 916.0 1974.0 915.0 small-vehicle 0
1966.0 937.0 1955.0 938.0 1954.0 917.0 1963.0 917.0 small-vehicle 0
1997.0 952.0 1987.0 954.0 1986.0 933.0 1997.0 934.0 small-vehicle 0
2018.0 984.0 2027.0 983.0 2029.0 1004.0 2020.0 1004.0 small-vehicle 0
2009.0 1006.0 2020.0 1005.0 2019.0 1026.0 2008.0 1026.0 small-vehicle 0
2000.0 1007.0 2009.0 1006.0 2009.0 1026.0 2001.0 1025.0 small-vehicle 0
1996.0 2326.0 2002.0 2336.0 1985.0 2348.0 1980.0 2338.0 small-vehicle 1
2009.0 2281.0 2015.0 2291.0 1999.0 2303.0 1993.0 2296.0 small-vehicle 0
776.0 1551.0 775.0 1526.0 842.0 1523.0 843.0 1550.0 ship 0
1990.0 2280.0 1997.0 2290.0 1982.0 2301.0 1975.0 2292.0 small-vehicle 0
1837.0 277.0 1835.0 270.0 1854.0 268.0 1854.0 276.0 small-vehicle 0
1827.0 169.0 1826.0 157.0 1847.0 157.0 1847.0 166.0 small-vehicle 0
1840.0 127.0 1841.0 137.0 1824.0 139.0 1823.0 131.0 small-vehicle 0
1839.0 118.0 1841.0 128.0 1823.0 130.0 1822.0 120.0 small-vehicle 0
1840.0 98.0 1839.0 106.0 1820.0 110.0 1819.0 100.0 small-vehicle 0
1821.0 89.0 1821.0 80.0 1839.0 79.0 1839.0 87.0 small-vehicle 0
1841.0 68.0 1842.0 78.0 1820.0 80.0 1819.0 71.0 small-vehicle 0
1835.0 58.0 1836.0 69.0 1818.0 71.0 1817.0 61.0 small-vehicle 0
1834.0 50.0 1835.0 58.0 1818.0 61.0 1816.0 52.0 small-vehicle 0
1939.0 1699.0 1949.0 1700.0 1949.0 1723.0 1940.0 1723.0 large-vehicle 0
1877.0 329.0 1865.0 329.0 1860.0 288.0 1872.0 286.0 large-vehicle 0
1489.0 2229.0 1488.0 2218.0 1514.0 2215.0 1516.0 2227.0 large-vehicle 0
1494.0 2219.0 1491.0 2209.0 1509.0 2203.0 1512.0 2212.0 small-vehicle 0
470.0 2262.0 471.0 2273.0 449.0 2273.0 450.0 2263.0 small-vehicle 0
726.0 1310.0 735.0 1310.0 736.0 1330.0 727.0 1332.0 small-vehicle 0
706.0 1369.0 705.0 1358.0 727.0 1356.0 728.0 1367.0 small-vehicle 0
662.0 1381.0 662.0 1392.0 642.0 1392.0 643.0 1382.0 small-vehicle 0
843.0 505.0 845.0 496.0 863.0 502.0 860.0 512.0 small-vehicle 0
825.0 504.0 833.0 499.0 846.0 514.0 837.0 519.0 small-vehicle 0
518.0 550.0 509.0 551.0 506.0 531.0 516.0 530.0 small-vehicle 0
436.0 569.0 426.0 571.0 423.0 546.0 433.0 544.0 small-vehicle 0
652.0 472.0 643.0 466.0 657.0 446.0 665.0 452.0 small-vehicle 0
608.0 477.0 609.0 467.0 631.0 469.0 631.0 479.0 small-vehicle 0
1813.0 1625.0 1876.0 1620.0 1898.0 1907.0 1842.0 1914.0 ship 0
303.0 1330.0 295.0 1248.0 866.0 1205.0 873.0 1279.0 ship 0
978.0 654.0 965.0 543.0 1726.0 480.0 1734.0 598.0 ship 0
228.0 694.0 217.0 610.0 780.0 560.0 789.0 638.0 ship 0
328.0 2347.0 317.0 2203.0 1920.0 2065.0 1933.0 2212.0 harbor 0
200.0 1480.0 190.0 1342.0 1837.0 1199.0 1855.0 1335.0 harbor 0
1839.0 310.0 1837.0 299.0 1858.0 297.0 1859.0 306.0 small-vehicle 0
1858.0 411.0 1860.0 421.0 1839.0 424.0 1837.0 413.0 small-vehicle 0
1861.0 429.0 1862.0 439.0 1842.0 439.0 1842.0 429.0 small-vehicle 0
1907.0 1132.0 1908.0 1123.0 1927.0 1123.0 1927.0 1131.0 small-vehicle 0
2008.0 1957.0 2019.0 1956.0 2022.0 1977.0 2011.0 1980.0 small-vehicle 0
1960.0 1549.0 1966.0 1556.0 1952.0 1570.0 1946.0 1559.0 small-vehicle 0
1961.0 1525.0 1961.0 1537.0 1949.0 1544.0 1945.0 1538.0 small-vehicle 1
1960.0 1511.0 1961.0 1522.0 1947.0 1533.0 1944.0 1522.0 small-vehicle 0
1959.0 1501.0 1960.0 1512.0 1949.0 1520.0 1944.0 1512.0 small-vehicle 1
1959.0 1485.0 1963.0 1493.0 1948.0 1509.0 1944.0 1502.0 small-vehicle 0
1947.0 1496.0 1940.0 1489.0 1952.0 1476.0 1959.0 1483.0 small-vehicle 0
1939.0 1271.0 1938.0 1281.0 1922.0 1280.0 1922.0 1272.0 small-vehicle 0
1918.0 1232.0 1916.0 1224.0 1934.0 1221.0 1936.0 1229.0 small-vehicle 0
1916.0 1222.0 1915.0 1211.0 1933.0 1210.0 1935.0 1219.0 small-vehicle 0
1916.0 1212.0 1915.0 1203.0 1931.0 1201.0 1932.0 1211.0 small-vehicle 0
1910.0 1163.0 1909.0 1153.0 1928.0 1152.0 1929.0 1162.0 small-vehicle 0
1908.0 1144.0 1908.0 1133.0 1926.0 1132.0 1927.0 1142.0 small-vehicle 0
1903.0 1084.0 1902.0 1073.0 1922.0 1073.0 1924.0 1083.0 small-vehicle 0
1866.0 442.0 1867.0 452.0 1844.0 455.0 1843.0 444.0 small-vehicle 0
1922.0 1064.0 1921.0 1073.0 1902.0 1075.0 1901.0 1067.0 small-vehicle 0
1935.0 999.0 1947.0 998.0 1948.0 1022.0 1938.0 1023.0 small-vehicle 0
1890.0 932.0 1890.0 922.0 1908.0 922.0 1909.0 930.0 small-vehicle 0
1885.0 852.0 1885.0 842.0 1900.0 842.0 1901.0 850.0 small-vehicle 0
1882.0 843.0 1880.0 833.0 1903.0 831.0 1903.0 839.0 small-vehicle 0
1878.0 752.0 1877.0 742.0 1894.0 742.0 1895.0 750.0 small-vehicle 0
1876.0 763.0 1875.0 753.0 1895.0 752.0 1898.0 760.0 small-vehicle 0
1888.0 657.0 1888.0 665.0 1869.0 666.0 1869.0 656.0 small-vehicle 0
1867.0 618.0 1865.0 608.0 1884.0 607.0 1884.0 617.0 small-vehicle 0
1862.0 556.0 1862.0 545.0 1880.0 545.0 1880.0 554.0 small-vehicle 0
1878.0 534.0 1879.0 545.0 1860.0 546.0 1859.0 537.0 small-vehicle 0
1876.0 524.0 1879.0 534.0 1859.0 536.0 1858.0 526.0 small-vehicle 0
1903.0 1259.0 1913.0 1258.0 1914.0 1279.0 1905.0 1280.0 small-vehicle 0
1947.0 682.0 1955.0 683.0 1956.0 700.0 1948.0 702.0 small-vehicle 0
1956.0 682.0 1965.0 681.0 1967.0 700.0 1957.0 702.0 small-vehicle 0
1965.0 682.0 1973.0 681.0 1974.0 700.0 1965.0 701.0 small-vehicle 0
1974.0 681.0 1983.0 680.0 1986.0 699.0 1975.0 700.0 small-vehicle 0
1923.0 1269.0 1921.0 1261.0 1938.0 1259.0 1940.0 1270.0 small-vehicle 1
1920.0 1261.0 1918.0 1252.0 1937.0 1250.0 1939.0 1260.0 small-vehicle 1
1920.0 1252.0 1919.0 1240.0 1937.0 1240.0 1938.0 1252.0 small-vehicle 1
1919.0 1241.0 1917.0 1233.0 1936.0 1230.0 1936.0 1239.0 small-vehicle 1
1979.0 1205.0 1988.0 1206.0 1989.0 1226.0 1981.0 1226.0 small-vehicle 1
1976.0 1185.0 1986.0 1185.0 1989.0 1205.0 1978.0 1205.0 small-vehicle 1
1911.0 1174.0 1911.0 1163.0 1930.0 1162.0 1930.0 1172.0 small-vehicle 1
2008.0 1092.0 1998.0 1092.0 1996.0 1071.0 2006.0 1072.0 small-vehicle 1
1979.0 1075.0 1989.0 1072.0 1987.0 1092.0 1978.0 1093.0 small-vehicle 1
1969.0 1075.0 1977.0 1074.0 1976.0 1093.0 1967.0 1093.0 small-vehicle 1
1967.0 1053.0 1976.0 1052.0 1976.0 1073.0 1966.0 1075.0 small-vehicle 1
2015.0 1050.0 2026.0 1048.0 2027.0 1069.0 2017.0 1070.0 small-vehicle 1
2004.0 1050.0 2013.0 1049.0 2015.0 1069.0 2007.0 1072.0 small-vehicle 1
1995.0 1049.0 2003.0 1051.0 2005.0 1071.0 1996.0 1072.0 small-vehicle 1
1985.0 1052.0 1995.0 1050.0 1995.0 1071.0 1988.0 1071.0 small-vehicle 1
1906.0 1104.0 1905.0 1093.0 1925.0 1092.0 1925.0 1102.0 small-vehicle 1
1903.0 1066.0 1902.0 1055.0 1919.0 1053.0 1920.0 1064.0 small-vehicle 1
1901.0 1055.0 1900.0 1044.0 1918.0 1043.0 1919.0 1051.0 small-vehicle 1
1901.0 1043.0 1900.0 1033.0 1917.0 1032.0 1917.0 1042.0 small-vehicle 1
1957.0 938.0 1967.0 937.0 1969.0 955.0 1958.0 956.0 small-vehicle 1
1970.0 877.0 1968.0 868.0 1986.0 866.0 1989.0 877.0 small-vehicle 1
1958.0 799.0 1960.0 808.0 1942.0 810.0 1941.0 801.0 small-vehicle 1
2012.0 653.0 2024.0 655.0 2023.0 674.0 2014.0 674.0 small-vehicle 1
2002.0 654.0 2012.0 655.0 2013.0 672.0 2002.0 675.0 small-vehicle 1
2006.0 675.0 2014.0 674.0 2016.0 695.0 2007.0 694.0 small-vehicle 1
1995.0 676.0 2004.0 676.0 2005.0 695.0 1997.0 697.0 small-vehicle 1
1874.0 714.0 1874.0 704.0 1893.0 703.0 1892.0 713.0 small-vehicle 1
1873.0 704.0 1872.0 692.0 1890.0 691.0 1891.0 702.0 small-vehicle 1
1871.0 694.0 1870.0 683.0 1889.0 681.0 1891.0 691.0 small-vehicle 1
1923.0 1291.0 1923.0 1282.0 1940.0 1281.0 1940.0 1292.0 small-vehicle 1
1924.0 1300.0 1922.0 1292.0 1941.0 1292.0 1942.0 1302.0 small-vehicle 1
1925.0 1312.0 1925.0 1299.0 1943.0 1300.0 1943.0 1312.0 small-vehicle 1
1983.0 826.0 1983.0 836.0 1965.0 836.0 1964.0 828.0 small-vehicle 1
636.0 1562.0 633.0 1534.0 699.0 1530.0 702.0 1557.0 ship 0
426.0 1245.0 426.0 1225.0 457.0 1225.0 459.0 1243.0 ship 0
901.0 281.0 905.0 309.0 839.0 314.0 834.0 288.0 ship 0
762.0 291.0 763.0 320.0 696.0 322.0 695.0 294.0 ship 0
898.0 308.0 907.0 395.0 705.0 409.0 698.0 322.0 ship 0
548.0 2263.0 551.0 2273.0 527.0 2277.0 526.0 2266.0 small-vehicle 1
1322.0 2266.0 1325.0 2277.0 1298.0 2287.0 1294.0 2276.0 ship 1
1951.0 42.0 1940.0 42.0 1939.0 23.0 1949.0 23.0 small-vehicle 1
1961.0 41.0 1951.0 42.0 1949.0 22.0 1959.0 21.0 small-vehicle 1
1976.0 746.0 1976.0 755.0 1957.0 757.0 1954.0 748.0 small-vehicle 1
1975.0 737.0 1977.0 746.0 1956.0 747.0 1954.0 738.0 small-vehicle 1
1976.0 728.0 1975.0 737.0 1951.0 738.0 1952.0 728.0 small-vehicle 1
1958.0 788.0 1959.0 797.0 1943.0 799.0 1940.0 791.0 small-vehicle 1
1966.0 858.0 1967.0 867.0 1950.0 867.0 1948.0 859.0 small-vehicle 1
776.0 374.0 761.0 391.0 713.0 352.0 727.0 336.0 ship 1
1984.0 845.0 1985.0 854.0 1967.0 857.0 1966.0 848.0 small-vehicle 1
2016.0 910.0 2025.0 909.0 2027.0 926.0 2019.0 928.0 small-vehicle 1
1988.0 878.0 1987.0 885.0 1967.0 885.0 1967.0 877.0 small-vehicle 1
1966.0 867.0 1968.0 876.0 1949.0 876.0 1948.0 868.0 small-vehicle 1
1900.0 820.0 1901.0 828.0 1884.0 830.0 1882.0 822.0 small-vehicle 1
1894.0 762.0 1894.0 771.0 1877.0 771.0 1876.0 763.0 small-vehicle 1
1891.0 730.0 1892.0 740.0 1874.0 741.0 1873.0 731.0 small-vehicle 1
1890.0 720.0 1890.0 730.0 1872.0 730.0 1872.0 721.0 small-vehicle 1
1864.0 572.0 1863.0 564.0 1882.0 562.0 1883.0 571.0 small-vehicle 1
1868.0 466.0 1869.0 476.0 1847.0 478.0 1846.0 468.0 small-vehicle 1
1628.0 367.0 1630.0 378.0 1603.0 380.0 1602.0 369.0 small-vehicle 1
1410.0 450.0 1410.0 441.0 1437.0 440.0 1438.0 450.0 small-vehicle 1
924.0 413.0 929.0 419.0 915.0 431.0 909.0 426.0 small-vehicle 1
1870.0 656.0 1870.0 644.0 1888.0 643.0 1889.0 654.0 small-vehicle 1
1869.0 644.0 1869.0 632.0 1886.0 633.0 1886.0 643.0 small-vehicle 1
1863.0 586.0 1862.0 574.0 1881.0 573.0 1882.0 582.0 small-vehicle 1
2005.0 140.0 2004.0 128.0 2028.0 127.0 2026.0 138.0 small-vehicle 0
1939.0 45.0 1950.0 44.0 1951.0 62.0 1943.0 62.0 small-vehicle 0
1931.0 45.0 1940.0 46.0 1941.0 63.0 1933.0 63.0 small-vehicle 0
1921.0 46.0 1931.0 45.0 1931.0 65.0 1922.0 64.0 small-vehicle 0
1910.0 49.0 1920.0 47.0 1921.0 64.0 1910.0 66.0 small-vehicle 0
1901.0 49.0 1909.0 49.0 1910.0 65.0 1901.0 66.0 small-vehicle 0
1994.0 89.0 2005.0 87.0 2005.0 109.0 1994.0 111.0 small-vehicle 0
2005.0 87.0 2014.0 87.0 2015.0 106.0 2005.0 107.0 small-vehicle 0
2024.0 107.0 2014.0 107.0 2015.0 85.0 2025.0 84.0 small-vehicle 0
1954.0 93.0 1963.0 94.0 1962.0 111.0 1955.0 112.0 small-vehicle 0
1945.0 112.0 1936.0 114.0 1935.0 94.0 1944.0 95.0 small-vehicle 0
1924.0 116.0 1915.0 117.0 1914.0 96.0 1922.0 96.0 small-vehicle 0
1984.0 128.0 1984.0 117.0 2010.0 115.0 2009.0 125.0 small-vehicle 0
1958.0 129.0 1956.0 118.0 1980.0 116.0 1979.0 126.0 small-vehicle 0
1946.0 428.0 1956.0 428.0 1957.0 449.0 1947.0 449.0 small-vehicle 0
2012.0 58.0 2001.0 60.0 1998.0 41.0 2008.0 39.0 small-vehicle 0
1992.0 528.0 2004.0 528.0 2005.0 548.0 1995.0 550.0 small-vehicle 0
1984.0 530.0 1992.0 529.0 1995.0 550.0 1985.0 551.0 small-vehicle 0
1973.0 531.0 1983.0 531.0 1983.0 551.0 1975.0 552.0 small-vehicle 0
1950.0 553.0 1939.0 553.0 1938.0 531.0 1948.0 530.0 small-vehicle 0
1964.0 553.0 1954.0 553.0 1953.0 532.0 1963.0 531.0 small-vehicle 0
1990.0 658.0 2003.0 654.0 2003.0 674.0 1995.0 676.0 small-vehicle 0
1983.0 656.0 1993.0 655.0 1993.0 678.0 1984.0 678.0 small-vehicle 0
1985.0 680.0 1975.0 680.0 1972.0 661.0 1981.0 659.0 small-vehicle 0
1964.0 682.0 1955.0 681.0 1953.0 661.0 1961.0 660.0 small-vehicle 0
1975.0 679.0 1965.0 681.0 1965.0 659.0 1973.0 659.0 small-vehicle 0
1954.0 682.0 1946.0 682.0 1943.0 660.0 1952.0 660.0 small-vehicle 0
2013.0 674.0 2025.0 675.0 2026.0 695.0 2016.0 695.0 small-vehicle 0
1983.0 679.0 1994.0 678.0 1996.0 696.0 1987.0 698.0 small-vehicle 0
1952.0 44.0 1960.0 43.0 1961.0 61.0 1951.0 61.0 small-vehicle 0
1979.0 42.0 1991.0 40.0 1991.0 59.0 1981.0 61.0 small-vehicle 0
1984.0 90.0 1994.0 88.0 1994.0 109.0 1984.0 109.0 small-vehicle 1
1820.0 99.0 1819.0 90.0 1841.0 87.0 1842.0 97.0 small-vehicle 1
1973.0 93.0 1984.0 91.0 1983.0 110.0 1972.0 110.0 small-vehicle 1
1964.0 91.0 1973.0 92.0 1973.0 109.0 1962.0 112.0 small-vehicle 1
1944.0 94.0 1954.0 94.0 1955.0 113.0 1945.0 113.0 small-vehicle 1
1854.0 256.0 1855.0 266.0 1835.0 268.0 1834.0 257.0 small-vehicle 1
1852.0 236.0 1852.0 246.0 1833.0 247.0 1831.0 237.0 small-vehicle 1
1852.0 226.0 1851.0 237.0 1832.0 238.0 1829.0 229.0 small-vehicle 1
1849.0 217.0 1852.0 226.0 1830.0 229.0 1828.0 220.0 small-vehicle 1
1850.0 207.0 1849.0 217.0 1829.0 219.0 1829.0 207.0 small-vehicle 1
1851.0 196.0 1851.0 206.0 1830.0 206.0 1829.0 197.0 small-vehicle 1
1850.0 185.0 1852.0 194.0 1829.0 197.0 1828.0 188.0 small-vehicle 1
1848.0 176.0 1849.0 185.0 1830.0 188.0 1828.0 179.0 small-vehicle 1
1848.0 166.0 1849.0 174.0 1828.0 177.0 1827.0 168.0 small-vehicle 1
1844.0 135.0 1846.0 146.0 1825.0 149.0 1823.0 137.0 small-vehicle 1
1842.0 105.0 1844.0 116.0 1822.0 119.0 1822.0 109.0 small-vehicle 1
2011.0 37.0 2018.0 37.0 2020.0 58.0 2011.0 59.0 small-vehicle 0
1893.0 97.0 1906.0 96.0 1905.0 118.0 1895.0 119.0 small-vehicle 1
1904.0 98.0 1914.0 97.0 1913.0 116.0 1906.0 118.0 small-vehicle 1
1922.0 95.0 1936.0 94.0 1936.0 114.0 1923.0 115.0 small-vehicle 1
1961.0 44.0 1972.0 42.0 1971.0 62.0 1962.0 61.0 small-vehicle 1
2001.0 38.0 1990.0 40.0 1988.0 19.0 1999.0 19.0 small-vehicle 0
1989.0 40.0 1978.0 40.0 1977.0 21.0 1987.0 19.0 small-vehicle 0
1980.0 42.0 1969.0 42.0 1970.0 22.0 1978.0 22.0 small-vehicle 0
1968.0 43.0 1960.0 42.0 1961.0 22.0 1970.0 22.0 small-vehicle 0
1940.0 44.0 1929.0 44.0 1927.0 25.0 1938.0 24.0 small-vehicle 0
1911.0 46.0 1902.0 49.0 1898.0 29.0 1910.0 27.0 small-vehicle 0
1921.0 45.0 1911.0 47.0 1911.0 26.0 1919.0 26.0 small-vehicle 0
2019.0 17.0 2028.0 17.0 2029.0 37.0 2020.0 38.0 small-vehicle 0
2020.0 38.0 2029.0 38.0 2028.0 55.0 2020.0 57.0 small-vehicle 0
124.0 613.0 117.0 470.0 1768.0 322.0 1786.0 467.0 harbor 0
