imagesource:GoogleEarth
gsd:null
129.0 926.0 147.0 933.0 131.0 969.0 113.0 960.0 small-vehicle 0
104.0 919.0 123.0 926.0 111.0 957.0 90.0 950.0 small-vehicle 0
96.0 866.0 78.0 860.0 94.0 820.0 111.0 825.0 small-vehicle 0
286.0 687.0 294.0 670.0 407.0 706.0 399.0 723.0 large-vehicle 0
371.0 491.0 378.0 473.0 491.0 506.0 483.0 524.0 large-vehicle 0
438.0 368.0 446.0 351.0 554.0 385.0 547.0 403.0 large-vehicle 0
358.0 517.0 364.0 500.0 473.0 530.0 467.0 547.0 large-vehicle 0
343.0 539.0 350.0 522.0 465.0 555.0 458.0 571.0 large-vehicle 0
333.0 566.0 339.0 548.0 448.0 578.0 442.0 595.0 large-vehicle 0
317.0 614.0 324.0 599.0 432.0 629.0 426.0 647.0 large-vehicle 0
311.0 643.0 319.0 625.0 426.0 656.0 419.0 674.0 large-vehicle 0
297.0 665.0 303.0 649.0 411.0 681.0 404.0 699.0 large-vehicle 0
280.0 720.0 286.0 704.0 396.0 734.0 389.0 752.0 large-vehicle 0
382.0 465.0 388.0 448.0 502.0 481.0 495.0 500.0 large-vehicle 0
402.0 417.0 411.0 398.0 522.0 431.0 515.0 449.0 large-vehicle 0
