imagesource:GoogleEarth
gsd:0.278256910237
1206.0 1558.0 1213.0 1556.0 1215.0 1569.0 1206.0 1570.0 ship 1
795.0 1197.0 788.0 1189.0 806.0 1169.0 815.0 1177.0 ship 0
717.0 1148.0 725.0 1154.0 706.0 1180.0 698.0 1174.0 ship 0
760.0 1166.0 752.0 1158.0 770.0 1137.0 778.0 1145.0 ship 0
732.0 1158.0 739.0 1166.0 718.0 1187.0 710.0 1180.0 ship 0
743.0 1169.0 750.0 1176.0 731.0 1199.0 723.0 1191.0 ship 0
755.0 1182.0 763.0 1189.0 745.0 1208.0 738.0 1201.0 ship 0
766.0 1191.0 774.0 1198.0 756.0 1221.0 748.0 1213.0 ship 0
781.0 1203.0 788.0 1209.0 769.0 1232.0 762.0 1225.0 ship 0
772.0 1179.0 764.0 1170.0 785.0 1148.0 794.0 1155.0 ship 0
784.0 1189.0 778.0 1183.0 797.0 1159.0 804.0 1166.0 ship 0
793.0 1212.0 801.0 1219.0 782.0 1242.0 775.0 1235.0 ship 0
456.0 1556.0 445.0 1544.0 475.0 1512.0 486.0 1522.0 ship 0
808.0 1210.0 801.0 1204.0 819.0 1183.0 826.0 1190.0 ship 0
806.0 1223.0 813.0 1229.0 795.0 1251.0 787.0 1245.0 ship 0
823.0 1220.0 817.0 1214.0 832.0 1194.0 839.0 1201.0 ship 0
818.0 1232.0 826.0 1240.0 807.0 1262.0 799.0 1255.0 ship 0
835.0 1230.0 827.0 1223.0 848.0 1200.0 855.0 1208.0 ship 0
847.0 1241.0 840.0 1234.0 859.0 1211.0 867.0 1217.0 ship 0
831.0 1243.0 840.0 1251.0 821.0 1273.0 812.0 1266.0 ship 0
872.0 1222.0 880.0 1228.0 862.0 1251.0 855.0 1245.0 ship 0
855.0 1266.0 863.0 1272.0 843.0 1298.0 836.0 1292.0 ship 0
705.0 1139.0 712.0 1145.0 693.0 1169.0 686.0 1162.0 ship 0
694.0 1125.0 702.0 1131.0 680.0 1158.0 673.0 1151.0 ship 0
680.0 1113.0 689.0 1120.0 668.0 1145.0 660.0 1138.0 ship 0
667.0 1103.0 676.0 1111.0 653.0 1137.0 645.0 1130.0 ship 0
451.0 1093.0 442.0 1085.0 467.0 1057.0 476.0 1065.0 ship 0
439.0 1080.0 431.0 1072.0 449.0 1046.0 459.0 1053.0 ship 0
423.0 1070.0 413.0 1062.0 438.0 1033.0 447.0 1041.0 ship 0
409.0 1057.0 401.0 1051.0 422.0 1026.0 430.0 1033.0 ship 0
394.0 1047.0 386.0 1038.0 408.0 1014.0 417.0 1021.0 ship 0
494.0 956.0 500.0 963.0 479.0 986.0 471.0 979.0 ship 0
503.0 968.0 511.0 974.0 493.0 997.0 485.0 990.0 ship 0
516.0 977.0 524.0 984.0 505.0 1008.0 496.0 1000.0 ship 0
527.0 991.0 535.0 996.0 517.0 1020.0 510.0 1013.0 ship 0
540.0 1002.0 547.0 1007.0 532.0 1028.0 525.0 1023.0 ship 0
553.0 1011.0 561.0 1017.0 543.0 1040.0 533.0 1032.0 ship 0
570.0 1020.0 577.0 1027.0 552.0 1048.0 547.0 1040.0 ship 0
578.0 1029.0 586.0 1035.0 567.0 1060.0 559.0 1053.0 ship 0
593.0 1042.0 599.0 1049.0 580.0 1070.0 572.0 1063.0 ship 0
604.0 1051.0 613.0 1059.0 591.0 1084.0 583.0 1076.0 ship 0
618.0 1066.0 625.0 1072.0 608.0 1091.0 601.0 1085.0 ship 0
628.0 1073.0 636.0 1079.0 617.0 1103.0 610.0 1096.0 ship 0
642.0 1083.0 650.0 1090.0 631.0 1112.0 624.0 1105.0 ship 0
655.0 1095.0 663.0 1102.0 644.0 1125.0 635.0 1117.0 ship 0
867.0 1276.0 876.0 1284.0 859.0 1307.0 848.0 1299.0 ship 0
881.0 1286.0 888.0 1292.0 870.0 1313.0 863.0 1308.0 ship 0
885.0 1274.0 876.0 1266.0 897.0 1243.0 906.0 1249.0 ship 0
594.0 892.0 603.0 899.0 584.0 923.0 575.0 916.0 ship 0
619.0 913.0 626.0 920.0 609.0 940.0 601.0 934.0 ship 0
634.0 923.0 642.0 929.0 623.0 952.0 615.0 945.0 ship 0
645.0 933.0 654.0 941.0 637.0 964.0 627.0 956.0 ship 0
658.0 949.0 665.0 955.0 649.0 974.0 641.0 968.0 ship 0
672.0 955.0 679.0 960.0 660.0 987.0 652.0 981.0 ship 0
683.0 969.0 689.0 975.0 671.0 995.0 665.0 989.0 ship 0
698.0 967.0 703.0 962.0 715.0 971.0 711.0 977.0 ship 0
737.0 991.0 732.0 997.0 717.0 984.0 722.0 978.0 ship 0
708.0 988.0 717.0 995.0 698.0 1019.0 690.0 1012.0 ship 0
721.0 1000.0 728.0 1006.0 709.0 1028.0 702.0 1021.0 ship 0
732.0 1009.0 741.0 1015.0 722.0 1039.0 714.0 1031.0 ship 0
745.0 1021.0 752.0 1027.0 734.0 1050.0 727.0 1044.0 ship 0
759.0 1030.0 766.0 1036.0 748.0 1060.0 740.0 1054.0 ship 0
735.0 999.0 741.0 992.0 768.0 1014.0 762.0 1022.0 ship 0
771.0 1042.0 779.0 1048.0 761.0 1072.0 753.0 1065.0 ship 0
782.0 1053.0 791.0 1059.0 772.0 1083.0 764.0 1077.0 ship 0
797.0 1063.0 804.0 1068.0 787.0 1092.0 779.0 1086.0 ship 0
810.0 1070.0 819.0 1077.0 798.0 1103.0 789.0 1095.0 ship 0
821.0 1084.0 829.0 1091.0 811.0 1114.0 802.0 1107.0 ship 0
607.0 903.0 614.0 911.0 596.0 930.0 590.0 923.0 ship 0
584.0 883.0 590.0 890.0 570.0 913.0 563.0 906.0 ship 0
896.0 1286.0 888.0 1278.0 905.0 1256.0 915.0 1265.0 ship 0
566.0 872.0 575.0 878.0 558.0 901.0 551.0 896.0 ship 0
911.0 1281.0 923.0 1289.0 891.0 1332.0 879.0 1322.0 ship 0
723.0 1131.0 716.0 1124.0 733.0 1106.0 741.0 1112.0 ship 0
709.0 1125.0 702.0 1118.0 718.0 1098.0 726.0 1105.0 ship 0
697.0 1113.0 689.0 1106.0 705.0 1085.0 713.0 1092.0 ship 0
667.0 1091.0 661.0 1083.0 683.0 1063.0 690.0 1072.0 ship 0
655.0 1079.0 650.0 1071.0 671.0 1054.0 677.0 1062.0 ship 0
646.0 1067.0 638.0 1060.0 652.0 1044.0 659.0 1051.0 ship 0
631.0 1061.0 625.0 1054.0 643.0 1034.0 650.0 1041.0 ship 0
620.0 1050.0 613.0 1044.0 633.0 1020.0 641.0 1027.0 ship 0
609.0 1040.0 601.0 1034.0 616.0 1009.0 624.0 1014.0 ship 0
594.0 1027.0 588.0 1020.0 607.0 999.0 614.0 1006.0 ship 0
582.0 1019.0 574.0 1011.0 594.0 986.0 602.0 993.0 ship 0
570.0 1006.0 561.0 999.0 578.0 978.0 586.0 986.0 ship 0
557.0 996.0 549.0 989.0 567.0 968.0 574.0 975.0 ship 0
544.0 986.0 536.0 980.0 554.0 956.0 562.0 962.0 ship 0
531.0 975.0 523.0 968.0 544.0 945.0 552.0 952.0 ship 0
519.0 966.0 511.0 959.0 528.0 936.0 536.0 942.0 ship 0
508.0 956.0 500.0 949.0 516.0 929.0 525.0 935.0 ship 0
480.0 950.0 485.0 956.0 466.0 977.0 460.0 970.0 ship 0
465.0 1108.0 455.0 1099.0 479.0 1072.0 489.0 1080.0 ship 0
479.0 1117.0 471.0 1109.0 496.0 1081.0 505.0 1090.0 ship 0
493.0 1130.0 485.0 1122.0 509.0 1092.0 519.0 1100.0 ship 0
477.0 1315.0 468.0 1307.0 492.0 1275.0 502.0 1284.0 ship 0
505.0 1336.0 498.0 1328.0 520.0 1303.0 528.0 1310.0 ship 0
517.0 1349.0 509.0 1341.0 534.0 1312.0 543.0 1319.0 ship 0
533.0 1362.0 523.0 1353.0 546.0 1324.0 556.0 1333.0 ship 0
545.0 1372.0 537.0 1364.0 562.0 1335.0 572.0 1344.0 ship 0
558.0 1382.0 551.0 1375.0 575.0 1349.0 582.0 1356.0 ship 0
587.0 1408.0 577.0 1399.0 602.0 1371.0 611.0 1381.0 ship 0
602.0 1418.0 593.0 1408.0 618.0 1380.0 628.0 1389.0 ship 0
615.0 1428.0 607.0 1419.0 629.0 1396.0 638.0 1403.0 ship 0
659.0 1415.0 669.0 1424.0 643.0 1454.0 634.0 1446.0 ship 0
657.0 1467.0 647.0 1458.0 669.0 1430.0 681.0 1439.0 ship 0
671.0 1479.0 661.0 1469.0 685.0 1442.0 696.0 1451.0 ship 0
685.0 1489.0 677.0 1481.0 698.0 1453.0 708.0 1461.0 ship 0
711.0 1465.0 721.0 1474.0 698.0 1501.0 688.0 1490.0 ship 0
712.0 1512.0 704.0 1505.0 723.0 1477.0 733.0 1485.0 ship 0
727.0 1521.0 720.0 1513.0 740.0 1490.0 747.0 1497.0 ship 0
744.0 1540.0 735.0 1533.0 755.0 1501.0 765.0 1507.0 ship 0
519.0 1169.0 528.0 1177.0 505.0 1205.0 496.0 1196.0 ship 0
532.0 1181.0 542.0 1187.0 518.0 1220.0 508.0 1212.0 ship 0
547.0 1191.0 558.0 1201.0 531.0 1232.0 520.0 1223.0 ship 0
489.0 1326.0 481.0 1319.0 504.0 1289.0 514.0 1298.0 ship 0
463.0 1304.0 453.0 1295.0 478.0 1265.0 488.0 1273.0 ship 0
575.0 1217.0 584.0 1226.0 563.0 1252.0 553.0 1243.0 ship 0
446.0 1289.0 439.0 1280.0 465.0 1254.0 474.0 1262.0 ship 0
426.0 1524.0 415.0 1515.0 439.0 1483.0 451.0 1491.0 ship 0
408.0 1515.0 396.0 1504.0 422.0 1475.0 433.0 1486.0 ship 0
391.0 1498.0 382.0 1488.0 410.0 1458.0 419.0 1467.0 ship 0
373.0 1487.0 363.0 1476.0 390.0 1445.0 400.0 1455.0 ship 0
357.0 1472.0 346.0 1462.0 373.0 1428.0 385.0 1438.0 ship 0
340.0 1454.0 333.0 1444.0 359.0 1416.0 367.0 1427.0 ship 0
322.0 1440.0 312.0 1430.0 340.0 1400.0 351.0 1410.0 ship 0
307.0 1430.0 297.0 1420.0 325.0 1387.0 335.0 1396.0 ship 0
291.0 1414.0 280.0 1404.0 309.0 1372.0 319.0 1381.0 ship 0
288.0 1355.0 299.0 1364.0 272.0 1399.0 261.0 1390.0 ship 0
272.0 1344.0 281.0 1353.0 256.0 1382.0 246.0 1374.0 ship 0
221.0 1357.0 211.0 1347.0 236.0 1314.0 248.0 1324.0 ship 0
237.0 1372.0 226.0 1361.0 258.0 1326.0 269.0 1337.0 ship 0
227.0 1296.0 238.0 1305.0 205.0 1344.0 194.0 1334.0 ship 0
379.0 1233.0 370.0 1223.0 395.0 1195.0 405.0 1204.0 ship 0
394.0 1244.0 385.0 1235.0 409.0 1206.0 419.0 1214.0 ship 0
407.0 1256.0 398.0 1247.0 424.0 1218.0 433.0 1226.0 ship 0
421.0 1267.0 413.0 1260.0 435.0 1229.0 445.0 1237.0 ship 0
435.0 1278.0 427.0 1269.0 452.0 1240.0 462.0 1249.0 ship 0
562.0 1203.0 572.0 1211.0 545.0 1243.0 536.0 1235.0 ship 0
591.0 1225.0 602.0 1234.0 574.0 1266.0 566.0 1257.0 ship 0
508.0 1140.0 500.0 1133.0 521.0 1106.0 529.0 1113.0 ship 0
678.0 1288.0 670.0 1279.0 694.0 1255.0 701.0 1263.0 ship 0
650.0 1262.0 641.0 1254.0 662.0 1227.0 672.0 1236.0 ship 0
635.0 1251.0 626.0 1242.0 651.0 1212.0 661.0 1221.0 ship 0
621.0 1239.0 612.0 1231.0 637.0 1200.0 647.0 1209.0 ship 0
606.0 1225.0 599.0 1217.0 623.0 1190.0 631.0 1198.0 ship 0
594.0 1214.0 585.0 1205.0 607.0 1178.0 617.0 1186.0 ship 0
579.0 1202.0 569.0 1193.0 596.0 1164.0 605.0 1173.0 ship 0
564.0 1190.0 556.0 1183.0 580.0 1152.0 589.0 1161.0 ship 0
550.0 1178.0 542.0 1170.0 566.0 1141.0 575.0 1148.0 ship 0
538.0 1164.0 530.0 1155.0 549.0 1131.0 558.0 1139.0 ship 0
520.0 1152.0 512.0 1144.0 536.0 1117.0 544.0 1124.0 ship 0
506.0 1155.0 514.0 1163.0 490.0 1196.0 480.0 1187.0 ship 0
490.0 1145.0 500.0 1155.0 475.0 1183.0 465.0 1173.0 ship 0
462.0 1170.0 452.0 1161.0 477.0 1132.0 486.0 1140.0 ship 0
461.0 1121.0 470.0 1128.0 451.0 1153.0 441.0 1144.0 ship 0
448.0 1107.0 457.0 1114.0 433.0 1145.0 423.0 1137.0 ship 0
434.0 1094.0 444.0 1102.0 419.0 1131.0 411.0 1123.0 ship 0
399.0 1120.0 393.0 1112.0 419.0 1085.0 427.0 1092.0 ship 0
406.0 1071.0 415.0 1081.0 390.0 1108.0 381.0 1099.0 ship 0
391.0 1060.0 400.0 1069.0 375.0 1094.0 366.0 1086.0 ship 0
666.0 1275.0 656.0 1265.0 680.0 1235.0 690.0 1244.0 ship 0
690.0 1299.0 682.0 1288.0 705.0 1265.0 715.0 1276.0 ship 0
603.0 1239.0 615.0 1248.0 589.0 1281.0 577.0 1270.0 ship 0
705.0 1309.0 698.0 1302.0 719.0 1273.0 727.0 1281.0 ship 0
618.0 1255.0 626.0 1261.0 604.0 1290.0 596.0 1283.0 ship 0
632.0 1265.0 641.0 1273.0 618.0 1300.0 609.0 1291.0 ship 0
649.0 1274.0 658.0 1284.0 631.0 1314.0 623.0 1305.0 ship 0
660.0 1290.0 668.0 1297.0 648.0 1325.0 639.0 1317.0 ship 0
673.0 1302.0 683.0 1309.0 662.0 1337.0 653.0 1329.0 ship 0
690.0 1315.0 697.0 1322.0 673.0 1348.0 665.0 1341.0 ship 0
721.0 1336.0 728.0 1345.0 700.0 1374.0 692.0 1365.0 ship 0
733.0 1349.0 743.0 1357.0 717.0 1387.0 708.0 1378.0 ship 0
730.0 1400.0 721.0 1391.0 744.0 1365.0 752.0 1374.0 ship 0
761.0 1373.0 770.0 1381.0 747.0 1411.0 737.0 1403.0 ship 0
778.0 1385.0 785.0 1392.0 759.0 1423.0 753.0 1416.0 ship 0
790.0 1395.0 799.0 1402.0 773.0 1432.0 766.0 1425.0 ship 0
807.0 1395.0 799.0 1386.0 823.0 1360.0 831.0 1369.0 ship 0
795.0 1383.0 786.0 1373.0 809.0 1345.0 818.0 1352.0 ship 0
779.0 1373.0 771.0 1365.0 792.0 1339.0 801.0 1347.0 ship 0
763.0 1361.0 754.0 1353.0 781.0 1318.0 792.0 1327.0 ship 0
750.0 1346.0 740.0 1339.0 763.0 1310.0 772.0 1318.0 ship 0
735.0 1336.0 726.0 1327.0 749.0 1297.0 759.0 1306.0 ship 0
721.0 1324.0 712.0 1314.0 735.0 1286.0 746.0 1296.0 ship 0
833.0 1094.0 841.0 1102.0 822.0 1126.0 814.0 1118.0 ship 0
841.0 1076.0 834.0 1082.0 814.0 1065.0 821.0 1058.0 ship 0
842.0 1105.0 853.0 1110.0 840.0 1137.0 829.0 1132.0 ship 0
1044.0 602.0 1036.0 596.0 1055.0 566.0 1065.0 572.0 ship 0
1073.0 627.0 1063.0 619.0 1085.0 593.0 1093.0 600.0 ship 0
1085.0 640.0 1076.0 632.0 1101.0 603.0 1110.0 610.0 ship 0
1098.0 653.0 1090.0 643.0 1118.0 615.0 1126.0 624.0 ship 0
1115.0 666.0 1106.0 658.0 1130.0 628.0 1140.0 636.0 ship 0
1129.0 678.0 1120.0 668.0 1146.0 640.0 1154.0 649.0 ship 0
1143.0 689.0 1136.0 681.0 1161.0 654.0 1168.0 662.0 ship 0
1182.0 537.0 1192.0 546.0 1166.0 577.0 1157.0 568.0 ship 0
1168.0 527.0 1178.0 534.0 1155.0 564.0 1144.0 555.0 ship 0
1157.0 511.0 1167.0 522.0 1142.0 552.0 1132.0 544.0 ship 0
1143.0 502.0 1153.0 509.0 1129.0 541.0 1119.0 533.0 ship 0
1129.0 491.0 1140.0 501.0 1115.0 532.0 1104.0 521.0 ship 0
1117.0 480.0 1126.0 487.0 1102.0 517.0 1092.0 510.0 ship 0
1103.0 470.0 1111.0 478.0 1086.0 510.0 1076.0 501.0 ship 0
1089.0 459.0 1098.0 467.0 1072.0 496.0 1064.0 487.0 ship 0
1075.0 447.0 1084.0 455.0 1059.0 483.0 1051.0 476.0 ship 0
1062.0 436.0 1071.0 443.0 1046.0 475.0 1037.0 467.0 ship 0
1049.0 425.0 1058.0 432.0 1035.0 461.0 1025.0 452.0 ship 0
1037.0 411.0 1046.0 419.0 1022.0 450.0 1011.0 442.0 ship 0
1020.0 403.0 1029.0 410.0 1007.0 439.0 998.0 432.0 ship 0
1060.0 617.0 1050.0 610.0 1073.0 577.0 1084.0 585.0 ship 0
1027.0 590.0 1019.0 580.0 1041.0 554.0 1052.0 563.0 ship 0
979.0 417.0 970.0 409.0 994.0 378.0 1004.0 387.0 ship 0
1012.0 578.0 1005.0 571.0 1024.0 543.0 1033.0 551.0 ship 0
1026.0 604.0 1034.0 612.0 1011.0 640.0 1002.0 633.0 ship 0
1010.0 592.0 1020.0 599.0 999.0 629.0 989.0 622.0 ship 0
996.0 578.0 1006.0 587.0 983.0 617.0 972.0 609.0 ship 0
981.0 567.0 991.0 575.0 965.0 607.0 955.0 597.0 ship 0
966.0 555.0 975.0 562.0 951.0 593.0 942.0 586.0 ship 0
953.0 544.0 962.0 553.0 940.0 578.0 931.0 570.0 ship 0
931.0 531.0 942.0 536.0 929.0 567.0 919.0 561.0 ship 0
921.0 517.0 933.0 527.0 908.0 557.0 897.0 547.0 ship 0
907.0 506.0 917.0 515.0 892.0 543.0 882.0 533.0 ship 0
892.0 492.0 903.0 502.0 876.0 532.0 866.0 522.0 ship 0
867.0 472.0 874.0 480.0 849.0 508.0 841.0 499.0 ship 0
883.0 469.0 876.0 461.0 890.0 445.0 897.0 452.0 ship 0
896.0 481.0 887.0 470.0 913.0 442.0 922.0 451.0 ship 0
917.0 486.0 909.0 481.0 924.0 459.0 931.0 465.0 ship 0
941.0 517.0 931.0 508.0 954.0 480.0 965.0 488.0 ship 0
957.0 528.0 948.0 520.0 967.0 491.0 977.0 498.0 ship 0
987.0 499.0 999.0 509.0 973.0 540.0 963.0 530.0 ship 0
986.0 551.0 976.0 544.0 997.0 517.0 1006.0 525.0 ship 0
1001.0 566.0 990.0 556.0 1011.0 530.0 1021.0 538.0 ship 0
1009.0 391.0 1018.0 398.0 995.0 426.0 986.0 417.0 ship 0
980.0 369.0 989.0 377.0 970.0 402.0 960.0 393.0 ship 0
1036.0 666.0 1029.0 658.0 1053.0 629.0 1063.0 638.0 ship 0
1279.0 361.0 1288.0 371.0 1262.0 400.0 1253.0 391.0 ship 0
1311.0 386.0 1322.0 397.0 1287.0 437.0 1277.0 426.0 ship 0
1328.0 400.0 1340.0 411.0 1301.0 456.0 1290.0 444.0 ship 0
1347.0 417.0 1357.0 427.0 1320.0 471.0 1309.0 460.0 ship 0
1364.0 430.0 1376.0 441.0 1339.0 487.0 1325.0 475.0 ship 0
914.0 1873.0 874.0 1923.0 173.0 1329.0 221.0 1285.0 harbor 0
1322.0 506.0 1359.0 519.0 1151.0 1166.0 1104.0 1150.0 harbor 0
1088.0 1179.0 1153.0 1175.0 1183.0 1461.0 1117.0 1470.0 harbor 0
1204.0 2043.0 1166.0 1613.0 1254.0 1607.0 1304.0 2030.0 harbor 0
1149.0 1601.0 1141.0 1512.0 1245.0 1503.0 1255.0 1589.0 harbor 0
775.0 1517.0 725.0 1579.0 250.0 1192.0 315.0 1122.0 harbor 0
839.0 1372.0 782.0 1439.0 359.0 1077.0 410.0 1014.0 harbor 0
925.0 1270.0 879.0 1324.0 471.0 979.0 520.0 929.0 harbor 0
964.0 1186.0 933.0 1216.0 547.0 894.0 577.0 858.0 harbor 0
972.0 984.0 897.0 1061.0 801.0 962.0 866.0 882.0 harbor 0
1049.0 912.0 1023.0 944.0 694.0 666.0 721.0 633.0 harbor 0
1100.0 802.0 1055.0 854.0 755.0 599.0 794.0 544.0 harbor 0
1175.0 670.0 1121.0 732.0 839.0 492.0 895.0 428.0 harbor 0
1239.0 508.0 1173.0 586.0 935.0 386.0 1003.0 305.0 harbor 0
1388.0 438.0 1346.0 486.0 1081.0 260.0 1117.0 207.0 harbor 0
1295.0 373.0 1305.0 385.0 1276.0 418.0 1265.0 408.0 ship 0
1261.0 348.0 1269.0 355.0 1248.0 387.0 1239.0 381.0 ship 0
1017.0 379.0 1007.0 367.0 1036.0 335.0 1047.0 345.0 ship 0
1239.0 332.0 1249.0 341.0 1224.0 375.0 1214.0 366.0 ship 0
1051.0 348.0 1062.0 356.0 1034.0 390.0 1023.0 381.0 ship 0
1049.0 409.0 1038.0 398.0 1067.0 363.0 1077.0 374.0 ship 0
1085.0 379.0 1094.0 387.0 1066.0 421.0 1056.0 411.0 ship 0
1082.0 437.0 1071.0 426.0 1102.0 392.0 1112.0 402.0 ship 0
1103.0 449.0 1092.0 439.0 1119.0 409.0 1129.0 418.0 ship 0
1116.0 466.0 1104.0 458.0 1133.0 419.0 1143.0 428.0 ship 0
1132.0 479.0 1121.0 469.0 1148.0 437.0 1160.0 446.0 ship 0
1169.0 507.0 1157.0 496.0 1185.0 462.0 1197.0 473.0 ship 0
1183.0 521.0 1173.0 513.0 1197.0 482.0 1207.0 489.0 ship 0
1199.0 538.0 1188.0 525.0 1218.0 490.0 1231.0 501.0 ship 0
1238.0 504.0 1249.0 514.0 1211.0 562.0 1199.0 551.0 ship 0
1088.0 266.0 1079.0 255.0 1109.0 218.0 1120.0 229.0 ship 0
1126.0 229.0 1137.0 240.0 1108.0 276.0 1097.0 266.0 ship 0
1143.0 244.0 1153.0 253.0 1124.0 290.0 1113.0 279.0 ship 0
1159.0 260.0 1170.0 271.0 1140.0 306.0 1129.0 295.0 ship 0
1179.0 274.0 1188.0 284.0 1154.0 322.0 1144.0 311.0 ship 0
1195.0 287.0 1205.0 298.0 1172.0 336.0 1160.0 325.0 ship 0
1212.0 302.0 1222.0 313.0 1187.0 351.0 1177.0 340.0 ship 0
1226.0 315.0 1236.0 325.0 1208.0 362.0 1196.0 351.0 ship 0
1041.0 618.0 1050.0 625.0 1027.0 652.0 1019.0 645.0 ship 0
1068.0 643.0 1077.0 648.0 1057.0 679.0 1048.0 672.0 ship 0
877.0 1117.0 883.0 1111.0 903.0 1129.0 896.0 1136.0 ship 0
933.0 855.0 926.0 847.0 946.0 824.0 953.0 831.0 ship 0
907.0 834.0 900.0 827.0 917.0 804.0 925.0 811.0 ship 0
912.0 863.0 918.0 856.0 941.0 875.0 934.0 882.0 ship 0
888.0 844.0 894.0 836.0 910.0 850.0 905.0 858.0 ship 0
895.0 823.0 888.0 817.0 904.0 793.0 913.0 799.0 ship 0
883.0 812.0 875.0 805.0 894.0 783.0 902.0 790.0 ship 0
871.0 802.0 864.0 794.0 882.0 774.0 889.0 781.0 ship 0
849.0 797.0 844.0 804.0 826.0 790.0 831.0 783.0 ship 0
859.0 746.0 867.0 753.0 847.0 779.0 839.0 772.0 ship 0
820.0 758.0 813.0 751.0 832.0 729.0 840.0 736.0 ship 0
819.0 717.0 828.0 724.0 809.0 748.0 801.0 739.0 ship 0
808.0 705.0 817.0 712.0 795.0 737.0 787.0 729.0 ship 0
781.0 727.0 773.0 720.0 792.0 699.0 799.0 705.0 ship 0
769.0 715.0 762.0 709.0 780.0 688.0 787.0 694.0 ship 0
756.0 701.0 749.0 696.0 765.0 677.0 773.0 684.0 ship 0
746.0 694.0 737.0 688.0 753.0 666.0 762.0 672.0 ship 0
733.0 684.0 726.0 679.0 744.0 656.0 752.0 662.0 ship 0
736.0 644.0 743.0 651.0 722.0 674.0 715.0 666.0 ship 0
781.0 591.0 787.0 598.0 770.0 617.0 763.0 609.0 ship 0
794.0 594.0 804.0 601.0 783.0 628.0 773.0 619.0 ship 0
920.0 845.0 913.0 836.0 932.0 815.0 940.0 823.0 ship 0
943.0 864.0 937.0 857.0 958.0 835.0 964.0 841.0 ship 0
820.0 616.0 828.0 624.0 808.0 647.0 800.0 640.0 ship 0
968.0 846.0 975.0 851.0 959.0 875.0 952.0 869.0 ship 0
907.0 1145.0 912.0 1137.0 936.0 1153.0 931.0 1162.0 ship 0
885.0 1139.0 892.0 1146.0 875.0 1165.0 868.0 1158.0 ship 0
896.0 1144.0 904.0 1151.0 885.0 1177.0 876.0 1171.0 ship 0
909.0 1159.0 918.0 1164.0 900.0 1188.0 892.0 1182.0 ship 0
933.0 1178.0 942.0 1186.0 922.0 1209.0 914.0 1202.0 ship 0
933.0 1166.0 939.0 1159.0 962.0 1177.0 955.0 1184.0 ship 0
941.0 1224.0 932.0 1215.0 958.0 1187.0 967.0 1197.0 ship 0
828.0 1006.0 816.0 994.0 855.0 950.0 868.0 961.0 ship 0
865.0 925.0 859.0 918.0 873.0 906.0 878.0 912.0 ship 0
863.0 978.0 872.0 963.0 919.0 996.0 910.0 1011.0 ship 0
913.0 1003.0 919.0 997.0 937.0 1013.0 931.0 1021.0 ship 0
962.0 964.0 971.0 972.0 941.0 1003.0 932.0 993.0 ship 0
947.0 1024.0 939.0 1014.0 970.0 979.0 981.0 990.0 ship 0
1048.0 910.0 1059.0 920.0 1031.0 953.0 1021.0 943.0 ship 0
1034.0 898.0 1042.0 905.0 1023.0 928.0 1015.0 921.0 ship 0
1009.0 878.0 1017.0 884.0 995.0 907.0 988.0 899.0 ship 0
1008.0 918.0 1000.0 911.0 1020.0 887.0 1028.0 895.0 ship 0
983.0 897.0 975.0 890.0 994.0 866.0 1003.0 874.0 ship 0
983.0 857.0 990.0 863.0 972.0 885.0 964.0 879.0 ship 0
805.0 607.0 814.0 614.0 795.0 637.0 786.0 629.0 ship 0
832.0 628.0 841.0 635.0 821.0 658.0 814.0 651.0 ship 0
1083.0 653.0 1093.0 662.0 1069.0 692.0 1060.0 684.0 ship 0
847.0 626.0 839.0 620.0 859.0 595.0 867.0 601.0 ship 0
898.0 670.0 889.0 662.0 910.0 637.0 920.0 644.0 ship 0
912.0 681.0 902.0 672.0 921.0 648.0 931.0 655.0 ship 0
921.0 690.0 914.0 683.0 935.0 663.0 942.0 671.0 ship 0
935.0 701.0 928.0 694.0 947.0 670.0 955.0 677.0 ship 0
948.0 710.0 942.0 703.0 959.0 684.0 967.0 689.0 ship 0
961.0 722.0 953.0 715.0 972.0 691.0 979.0 698.0 ship 0
972.0 729.0 966.0 723.0 982.0 706.0 989.0 713.0 ship 0
984.0 744.0 977.0 737.0 995.0 715.0 1004.0 723.0 ship 0
998.0 754.0 991.0 746.0 1009.0 725.0 1016.0 732.0 ship 0
1011.0 765.0 1002.0 758.0 1022.0 733.0 1032.0 742.0 ship 0
1023.0 776.0 1016.0 768.0 1035.0 744.0 1043.0 752.0 ship 0
1052.0 752.0 1058.0 758.0 1035.0 786.0 1029.0 780.0 ship 0
1046.0 797.0 1040.0 789.0 1059.0 770.0 1065.0 777.0 ship 0
1061.0 806.0 1053.0 800.0 1068.0 776.0 1076.0 782.0 ship 0
1073.0 818.0 1066.0 811.0 1083.0 789.0 1092.0 796.0 ship 0
1089.0 831.0 1080.0 823.0 1099.0 800.0 1107.0 808.0 ship 0
1126.0 691.0 1135.0 698.0 1116.0 728.0 1107.0 722.0 ship 0
1113.0 677.0 1122.0 684.0 1097.0 717.0 1088.0 709.0 ship 0
1098.0 666.0 1108.0 674.0 1086.0 703.0 1075.0 693.0 ship 0
873.0 648.0 865.0 640.0 883.0 617.0 892.0 624.0 ship 0
836.0 614.0 829.0 608.0 842.0 588.0 849.0 593.0 ship 0
844.0 639.0 851.0 646.0 831.0 669.0 824.0 663.0 ship 0
822.0 602.0 816.0 596.0 830.0 579.0 837.0 586.0 ship 0
859.0 651.0 866.0 657.0 845.0 681.0 838.0 675.0 ship 0
869.0 660.0 878.0 668.0 860.0 688.0 851.0 681.0 ship 0
881.0 671.0 890.0 678.0 870.0 703.0 860.0 695.0 ship 0
896.0 681.0 904.0 687.0 883.0 712.0 875.0 705.0 ship 0
909.0 691.0 917.0 699.0 896.0 724.0 887.0 716.0 ship 0
922.0 701.0 929.0 708.0 908.0 734.0 901.0 728.0 ship 0
930.0 758.0 922.0 750.0 944.0 725.0 952.0 734.0 ship 0
958.0 735.0 966.0 741.0 944.0 766.0 937.0 758.0 ship 0
971.0 748.0 977.0 754.0 959.0 776.0 952.0 769.0 ship 0
980.0 757.0 989.0 762.0 975.0 787.0 966.0 783.0 ship 0
996.0 768.0 1002.0 773.0 983.0 797.0 977.0 791.0 ship 0
1008.0 780.0 1015.0 787.0 999.0 805.0 993.0 798.0 ship 0
1020.0 790.0 1026.0 796.0 1008.0 816.0 1002.0 811.0 ship 0
1034.0 798.0 1040.0 803.0 1019.0 827.0 1013.0 821.0 ship 0
1045.0 808.0 1053.0 816.0 1032.0 838.0 1024.0 830.0 ship 0
1060.0 819.0 1067.0 823.0 1049.0 849.0 1042.0 844.0 ship 0
1077.0 825.0 1089.0 835.0 1066.0 864.0 1055.0 855.0 ship 0
797.0 586.0 790.0 579.0 808.0 557.0 816.0 564.0 ship 0
811.0 595.0 803.0 589.0 821.0 564.0 829.0 571.0 ship 0
438.0 1541.0 428.0 1530.0 456.0 1498.0 467.0 1508.0 ship 0
468.0 1571.0 458.0 1558.0 491.0 1527.0 501.0 1538.0 ship 0
1167.0 1504.0 1167.0 1513.0 1146.0 1514.0 1145.0 1506.0 ship 1
1412.0 632.0 1401.0 628.0 1409.0 607.0 1420.0 610.0 small-vehicle 0
1234.0 1164.0 1224.0 1161.0 1231.0 1142.0 1238.0 1144.0 small-vehicle 0
1256.0 1099.0 1246.0 1098.0 1252.0 1078.0 1260.0 1080.0 small-vehicle 0
1261.0 1076.0 1251.0 1073.0 1259.0 1052.0 1267.0 1056.0 small-vehicle 0
1324.0 990.0 1332.0 994.0 1325.0 1014.0 1316.0 1010.0 small-vehicle 0
1297.0 969.0 1286.0 966.0 1292.0 945.0 1302.0 949.0 small-vehicle 0
1322.0 890.0 1311.0 887.0 1318.0 868.0 1329.0 871.0 small-vehicle 0
1376.0 852.0 1368.0 848.0 1374.0 832.0 1385.0 835.0 small-vehicle 0
1357.0 867.0 1347.0 863.0 1354.0 845.0 1365.0 849.0 small-vehicle 0
1339.0 831.0 1330.0 828.0 1336.0 810.0 1345.0 813.0 small-vehicle 0
197.0 1077.0 195.0 1086.0 177.0 1081.0 180.0 1073.0 small-vehicle 0
490.0 1585.0 479.0 1574.0 506.0 1537.0 518.0 1547.0 ship 0
464.0 1652.0 469.0 1658.0 457.0 1673.0 450.0 1667.0 small-vehicle 0
437.0 1629.0 445.0 1634.0 434.0 1650.0 427.0 1644.0 small-vehicle 0
383.0 1582.0 391.0 1590.0 379.0 1602.0 372.0 1597.0 small-vehicle 0
331.0 1539.0 337.0 1546.0 322.0 1561.0 317.0 1556.0 small-vehicle 0
221.0 1563.0 227.0 1557.0 239.0 1572.0 233.0 1578.0 small-vehicle 0
227.0 1472.0 221.0 1477.0 211.0 1459.0 218.0 1454.0 small-vehicle 0
186.0 1200.0 177.0 1203.0 173.0 1184.0 182.0 1181.0 small-vehicle 0
194.0 1193.0 185.0 1195.0 179.0 1176.0 188.0 1173.0 small-vehicle 0
218.0 1169.0 210.0 1173.0 203.0 1153.0 210.0 1150.0 small-vehicle 0
1233.0 1191.0 1223.0 1193.0 1223.0 1172.0 1232.0 1172.0 small-vehicle 0
1236.0 1223.0 1224.0 1225.0 1224.0 1200.0 1234.0 1199.0 small-vehicle 0
1241.0 1305.0 1231.0 1305.0 1231.0 1283.0 1239.0 1283.0 small-vehicle 0
1246.0 1335.0 1236.0 1336.0 1234.0 1314.0 1244.0 1312.0 small-vehicle 0
1463.0 1290.0 1467.0 1302.0 1446.0 1308.0 1442.0 1297.0 small-vehicle 0
1468.0 1353.0 1479.0 1355.0 1474.0 1377.0 1463.0 1373.0 small-vehicle 0
1275.0 1306.0 1288.0 1305.0 1288.0 1328.0 1279.0 1330.0 small-vehicle 0
1287.0 1421.0 1297.0 1420.0 1299.0 1443.0 1289.0 1443.0 small-vehicle 0
1317.0 1723.0 1327.0 1722.0 1329.0 1744.0 1321.0 1745.0 small-vehicle 0
1343.0 1982.0 1355.0 1981.0 1358.0 2004.0 1346.0 2005.0 small-vehicle 0
1311.0 1964.0 1300.0 1966.0 1297.0 1943.0 1307.0 1943.0 small-vehicle 0
1338.0 1928.0 1349.0 1927.0 1348.0 1945.0 1339.0 1946.0 small-vehicle 0
1332.0 1874.0 1343.0 1872.0 1344.0 1893.0 1334.0 1894.0 small-vehicle 0
1330.0 1851.0 1341.0 1848.0 1342.0 1872.0 1332.0 1874.0 small-vehicle 0
1300.0 1867.0 1290.0 1868.0 1289.0 1849.0 1298.0 1847.0 small-vehicle 0
1294.0 1819.0 1286.0 1820.0 1284.0 1802.0 1290.0 1800.0 small-vehicle 0
1289.0 1755.0 1279.0 1756.0 1276.0 1732.0 1286.0 1732.0 small-vehicle 0
1286.0 1729.0 1276.0 1730.0 1274.0 1708.0 1284.0 1707.0 small-vehicle 0
1299.0 1699.0 1290.0 1701.0 1289.0 1682.0 1297.0 1682.0 small-vehicle 0
1279.0 1661.0 1269.0 1661.0 1266.0 1641.0 1276.0 1639.0 small-vehicle 0
1258.0 1463.0 1249.0 1465.0 1247.0 1443.0 1257.0 1443.0 small-vehicle 0
1257.0 1441.0 1247.0 1441.0 1244.0 1419.0 1253.0 1419.0 small-vehicle 0
1251.0 1398.0 1242.0 1397.0 1241.0 1374.0 1249.0 1373.0 small-vehicle 0
111.0 1080.0 120.0 1085.0 116.0 1101.0 106.0 1100.0 small-vehicle 0
150.0 1041.0 156.0 1035.0 164.0 1059.0 156.0 1062.0 small-vehicle 0
164.0 1024.0 171.0 1020.0 179.0 1038.0 172.0 1043.0 small-vehicle 0
766.0 511.0 762.0 519.0 745.0 516.0 747.0 509.0 small-vehicle 0
835.0 429.0 835.0 438.0 816.0 434.0 818.0 426.0 small-vehicle 0
842.0 421.0 840.0 429.0 822.0 425.0 824.0 417.0 small-vehicle 0
842.0 317.0 838.0 325.0 820.0 320.0 822.0 311.0 small-vehicle 0
855.0 297.0 853.0 307.0 830.0 304.0 833.0 296.0 small-vehicle 0
891.0 254.0 889.0 263.0 869.0 262.0 870.0 253.0 small-vehicle 0
900.0 256.0 909.0 252.0 916.0 272.0 908.0 275.0 small-vehicle 0
918.0 224.0 915.0 233.0 895.0 230.0 897.0 222.0 small-vehicle 0
962.0 177.0 958.0 184.0 938.0 179.0 941.0 171.0 small-vehicle 0
964.0 184.0 974.0 180.0 979.0 204.0 969.0 207.0 small-vehicle 0
1021.0 207.0 1018.0 218.0 1002.0 214.0 1003.0 204.0 small-vehicle 0
1047.0 176.0 1047.0 184.0 1029.0 181.0 1031.0 173.0 small-vehicle 0
1049.0 113.0 1040.0 115.0 1033.0 99.0 1042.0 96.0 small-vehicle 0
968.0 57.0 973.0 64.0 961.0 76.0 953.0 70.0 small-vehicle 0
480.0 20.0 472.0 25.0 462.0 10.0 470.0 3.0 small-vehicle 0
471.0 27.0 464.0 31.0 455.0 15.0 461.0 11.0 small-vehicle 0
463.0 30.0 458.0 34.0 447.0 19.0 453.0 14.0 small-vehicle 0
456.0 34.0 449.0 39.0 440.0 25.0 445.0 20.0 small-vehicle 0
449.0 39.0 443.0 44.0 434.0 30.0 440.0 25.0 small-vehicle 0
443.0 43.0 436.0 49.0 427.0 36.0 435.0 32.0 small-vehicle 0
758.0 522.0 755.0 532.0 734.0 524.0 739.0 517.0 small-vehicle 0
749.0 530.0 747.0 539.0 729.0 533.0 733.0 525.0 small-vehicle 0
171.0 1017.0 178.0 1011.0 185.0 1032.0 178.0 1034.0 small-vehicle 0
658.0 535.0 657.0 544.0 637.0 541.0 638.0 531.0 small-vehicle 0
259.0 910.0 269.0 906.0 274.0 927.0 267.0 930.0 small-vehicle 0
282.0 882.0 290.0 879.0 298.0 899.0 289.0 903.0 small-vehicle 0
324.0 948.0 325.0 940.0 342.0 945.0 340.0 952.0 small-vehicle 0
328.0 939.0 329.0 933.0 348.0 935.0 348.0 943.0 small-vehicle 0
387.0 873.0 388.0 864.0 407.0 869.0 406.0 876.0 small-vehicle 0
358.0 884.0 358.0 894.0 334.0 891.0 337.0 881.0 small-vehicle 0
406.0 945.0 400.0 949.0 390.0 928.0 395.0 923.0 small-vehicle 0
433.0 911.0 426.0 915.0 416.0 895.0 423.0 890.0 small-vehicle 0
456.0 884.0 449.0 890.0 439.0 871.0 445.0 867.0 small-vehicle 0
424.0 809.0 421.0 817.0 401.0 812.0 403.0 803.0 small-vehicle 0
429.0 821.0 432.0 813.0 450.0 816.0 448.0 824.0 small-vehicle 0
756.0 767.0 764.0 773.0 755.0 788.0 747.0 785.0 small-vehicle 0
713.0 811.0 717.0 820.0 701.0 832.0 695.0 823.0 small-vehicle 0
682.0 755.0 686.0 764.0 669.0 774.0 665.0 766.0 small-vehicle 0
668.0 776.0 672.0 783.0 657.0 796.0 650.0 788.0 small-vehicle 0
632.0 746.0 637.0 755.0 619.0 765.0 616.0 757.0 small-vehicle 0
650.0 678.0 660.0 681.0 658.0 699.0 649.0 696.0 small-vehicle 0
622.0 653.0 630.0 655.0 627.0 674.0 618.0 672.0 small-vehicle 0
504.0 618.0 513.0 615.0 518.0 633.0 508.0 636.0 small-vehicle 0
1462.0 1340.0 1450.0 1343.0 1440.0 1315.0 1455.0 1312.0 ship 0
1265.0 1199.0 1275.0 1197.0 1277.0 1214.0 1267.0 1217.0 small-vehicle 1
1268.0 1220.0 1277.0 1219.0 1279.0 1238.0 1270.0 1241.0 small-vehicle 1
164.0 1097.0 167.0 1088.0 185.0 1092.0 181.0 1101.0 small-vehicle 1
147.0 1115.0 152.0 1108.0 168.0 1114.0 164.0 1121.0 small-vehicle 1
147.0 1159.0 150.0 1150.0 172.0 1154.0 168.0 1162.0 small-vehicle 1
139.0 1168.0 141.0 1160.0 159.0 1163.0 156.0 1172.0 small-vehicle 1
195.0 1580.0 200.0 1575.0 210.0 1587.0 205.0 1592.0 small-vehicle 1
489.0 1675.0 497.0 1681.0 485.0 1697.0 478.0 1691.0 small-vehicle 1
230.0 1556.0 236.0 1549.0 248.0 1560.0 242.0 1568.0 small-vehicle 1
211.0 1569.0 219.0 1563.0 229.0 1575.0 223.0 1581.0 small-vehicle 1
677.0 511.0 677.0 520.0 654.0 517.0 657.0 507.0 small-vehicle 1
763.0 151.0 770.0 144.0 785.0 158.0 779.0 164.0 small-vehicle 1
269.0 126.0 269.0 135.0 245.0 135.0 245.0 125.0 small-vehicle 1
837.0 1378.0 851.0 1390.0 809.0 1436.0 794.0 1422.0 ship 0
1140.0 753.0 1117.0 735.0 1146.0 699.0 1168.0 716.0 ship 0
1189.0 596.0 1169.0 581.0 1190.0 554.0 1209.0 569.0 ship 0
1011.0 310.0 1030.0 330.0 999.0 368.0 977.0 352.0 ship 0
157.0 1033.0 164.0 1027.0 172.0 1048.0 164.0 1054.0 small-vehicle 1
184.0 1113.0 188.0 1102.0 204.0 1108.0 201.0 1118.0 small-vehicle 1
196.0 1096.0 201.0 1086.0 221.0 1092.0 218.0 1100.0 small-vehicle 1
210.0 1077.0 212.0 1068.0 232.0 1072.0 228.0 1080.0 small-vehicle 1
337.0 910.0 337.0 919.0 315.0 915.0 318.0 907.0 small-vehicle 1
157.0 1108.0 160.0 1099.0 175.0 1104.0 173.0 1112.0 small-vehicle 1
187.0 1073.0 189.0 1063.0 207.0 1068.0 204.0 1076.0 small-vehicle 1
463.0 872.0 455.0 879.0 445.0 864.0 452.0 857.0 small-vehicle 1
209.0 1047.0 211.0 1039.0 230.0 1040.0 227.0 1049.0 small-vehicle 1
858.0 791.0 849.0 782.0 868.0 761.0 877.0 771.0 ship 1
307.0 1160.0 310.0 1156.0 320.0 1163.0 315.0 1168.0 ship 1
302.0 1163.0 306.0 1158.0 315.0 1168.0 311.0 1171.0 ship 1
287.0 1157.0 293.0 1151.0 304.0 1162.0 300.0 1168.0 ship 1
307.0 1158.0 302.0 1161.0 294.0 1151.0 299.0 1145.0 ship 1
311.0 1152.0 307.0 1156.0 299.0 1142.0 305.0 1140.0 ship 1
310.0 1156.0 313.0 1151.0 323.0 1158.0 321.0 1163.0 ship 1
738.0 1557.0 729.0 1556.0 734.0 1542.0 741.0 1544.0 ship 1
842.0 1253.0 852.0 1261.0 831.0 1288.0 820.0 1281.0 ship 1
734.0 1147.0 725.0 1140.0 743.0 1115.0 754.0 1124.0 ship 1
745.0 1156.0 737.0 1148.0 757.0 1125.0 767.0 1133.0 ship 1
873.0 1101.0 867.0 1109.0 847.0 1092.0 853.0 1084.0 ship 1
871.0 1126.0 880.0 1135.0 858.0 1160.0 848.0 1151.0 ship 1
297.0 866.0 305.0 862.0 311.0 879.0 303.0 883.0 small-vehicle 1
282.0 994.0 284.0 984.0 308.0 989.0 304.0 998.0 small-vehicle 1
292.0 983.0 295.0 975.0 317.0 979.0 312.0 988.0 small-vehicle 1
215.0 1027.0 220.0 1020.0 240.0 1023.0 237.0 1031.0 small-vehicle 1
181.0 978.0 187.0 982.0 176.0 997.0 170.0 993.0 small-vehicle 1
179.0 1006.0 185.0 1001.0 193.0 1019.0 186.0 1022.0 small-vehicle 1
372.0 982.0 364.0 987.0 356.0 969.0 362.0 963.0 small-vehicle 1
401.0 854.0 405.0 843.0 426.0 848.0 424.0 858.0 small-vehicle 1
1273.0 1278.0 1283.0 1277.0 1286.0 1299.0 1277.0 1301.0 small-vehicle 1
1318.0 2043.0 1309.0 2043.0 1310.0 2024.0 1318.0 2024.0 small-vehicle 1
1298.0 1839.0 1287.0 1840.0 1286.0 1822.0 1297.0 1820.0 small-vehicle 1
1304.0 1893.0 1294.0 1894.0 1290.0 1874.0 1302.0 1873.0 small-vehicle 1
1293.0 1785.0 1281.0 1787.0 1282.0 1763.0 1291.0 1763.0 small-vehicle 1
1323.0 1753.0 1332.0 1753.0 1333.0 1767.0 1324.0 1768.0 small-vehicle 1
1316.0 1685.0 1326.0 1684.0 1327.0 1703.0 1317.0 1704.0 small-vehicle 1
1314.0 1658.0 1325.0 1657.0 1325.0 1676.0 1317.0 1677.0 small-vehicle 1
1307.0 1615.0 1316.0 1615.0 1319.0 1638.0 1309.0 1639.0 small-vehicle 1
1276.0 1638.0 1266.0 1639.0 1266.0 1620.0 1273.0 1619.0 small-vehicle 1
1274.0 1608.0 1264.0 1610.0 1263.0 1589.0 1273.0 1588.0 small-vehicle 1
1273.0 1586.0 1263.0 1587.0 1259.0 1568.0 1270.0 1569.0 small-vehicle 1
1268.0 1565.0 1260.0 1566.0 1257.0 1547.0 1266.0 1546.0 small-vehicle 1
1457.0 1489.0 1465.0 1483.0 1481.0 1503.0 1472.0 1509.0 ship 0
1348.0 1496.0 1346.0 1487.0 1370.0 1483.0 1372.0 1494.0 small-vehicle 1
1358.0 1509.0 1356.0 1499.0 1374.0 1498.0 1376.0 1508.0 small-vehicle 1
1249.0 1362.0 1238.0 1363.0 1239.0 1344.0 1247.0 1342.0 small-vehicle 1
1286.0 1391.0 1295.0 1391.0 1299.0 1411.0 1289.0 1411.0 small-vehicle 1
1282.0 1366.0 1291.0 1365.0 1294.0 1383.0 1285.0 1385.0 small-vehicle 1
1268.0 1242.0 1280.0 1241.0 1282.0 1257.0 1270.0 1258.0 small-vehicle 1
1281.0 1333.0 1287.0 1330.0 1290.0 1346.0 1283.0 1347.0 small-vehicle 1
1315.0 1990.0 1303.0 1991.0 1301.0 1971.0 1313.0 1969.0 small-vehicle 1
1350.0 2035.0 1359.0 2034.0 1360.0 2053.0 1350.0 2054.0 small-vehicle 1
716.0 813.0 709.0 804.0 726.0 792.0 731.0 799.0 small-vehicle 1
1301.0 1059.0 1309.0 1062.0 1304.0 1081.0 1294.0 1078.0 small-vehicle 1
715.0 784.0 720.0 792.0 700.0 804.0 697.0 797.0 small-vehicle 1
678.0 783.0 684.0 791.0 668.0 801.0 661.0 794.0 small-vehicle 1
731.0 749.0 741.0 755.0 733.0 773.0 723.0 770.0 small-vehicle 1
712.0 733.0 724.0 739.0 719.0 757.0 708.0 756.0 small-vehicle 1
633.0 652.0 625.0 646.0 635.0 632.0 642.0 638.0 small-vehicle 1
718.0 462.0 714.0 470.0 695.0 464.0 698.0 458.0 small-vehicle 1
730.0 446.0 726.0 454.0 708.0 450.0 711.0 442.0 small-vehicle 1
727.0 465.0 735.0 459.0 741.0 479.0 735.0 483.0 small-vehicle 1
820.0 445.0 818.0 454.0 798.0 451.0 800.0 441.0 small-vehicle 1
766.0 405.0 762.0 414.0 743.0 409.0 748.0 402.0 small-vehicle 1
786.0 380.0 782.0 390.0 766.0 385.0 767.0 377.0 small-vehicle 1
776.0 405.0 785.0 402.0 791.0 421.0 783.0 426.0 small-vehicle 1
797.0 383.0 803.0 376.0 812.0 394.0 804.0 398.0 small-vehicle 1
811.0 367.0 819.0 364.0 824.0 382.0 816.0 384.0 small-vehicle 1
863.0 288.0 859.0 299.0 835.0 295.0 840.0 284.0 small-vehicle 1
925.0 301.0 928.0 292.0 947.0 296.0 944.0 306.0 small-vehicle 1
949.0 190.0 945.0 199.0 925.0 196.0 927.0 187.0 small-vehicle 1
997.0 132.0 993.0 142.0 975.0 138.0 979.0 127.0 small-vehicle 1
1010.0 116.0 1004.0 126.0 987.0 123.0 991.0 112.0 small-vehicle 1
433.0 50.0 427.0 54.0 418.0 41.0 424.0 36.0 small-vehicle 0
325.0 53.0 320.0 58.0 308.0 45.0 313.0 39.0 small-vehicle 0
319.0 59.0 313.0 64.0 302.0 51.0 307.0 46.0 small-vehicle 0
1215.0 1755.0 1216.0 1765.0 1186.0 1769.0 1184.0 1759.0 ship 0
364.0 1220.0 357.0 1211.0 382.0 1183.0 392.0 1192.0 ship 0
352.0 1209.0 343.0 1201.0 367.0 1172.0 377.0 1181.0 ship 0
339.0 1197.0 329.0 1188.0 353.0 1160.0 362.0 1169.0 ship 0
325.0 1186.0 316.0 1176.0 339.0 1150.0 349.0 1157.0 ship 0
319.0 1151.0 310.0 1147.0 319.0 1123.0 329.0 1127.0 ship 0
274.0 1178.0 280.0 1186.0 257.0 1206.0 251.0 1200.0 ship 0
294.0 1175.0 305.0 1185.0 277.0 1220.0 265.0 1210.0 ship 0
312.0 1190.0 323.0 1198.0 292.0 1237.0 280.0 1227.0 ship 0
328.0 1204.0 339.0 1214.0 308.0 1249.0 297.0 1238.0 ship 0
344.0 1218.0 353.0 1227.0 326.0 1261.0 315.0 1253.0 ship 0
360.0 1233.0 371.0 1241.0 344.0 1274.0 334.0 1265.0 ship 0
378.0 1250.0 388.0 1258.0 363.0 1288.0 353.0 1278.0 ship 0
374.0 1307.0 365.0 1297.0 394.0 1262.0 406.0 1272.0 ship 0
412.0 1275.0 423.0 1285.0 393.0 1321.0 383.0 1310.0 ship 0
426.0 1290.0 438.0 1300.0 408.0 1334.0 398.0 1324.0 ship 0
445.0 1303.0 457.0 1313.0 428.0 1348.0 415.0 1337.0 ship 0
463.0 1317.0 474.0 1326.0 442.0 1364.0 431.0 1354.0 ship 0
479.0 1331.0 491.0 1341.0 460.0 1379.0 448.0 1369.0 ship 0
496.0 1345.0 505.0 1353.0 476.0 1388.0 466.0 1379.0 ship 0
1218.0 1827.0 1218.0 1837.0 1191.0 1839.0 1190.0 1829.0 ship 0
1228.0 1665.0 1217.0 1666.0 1216.0 1635.0 1227.0 1635.0 ship 0
524.0 1369.0 534.0 1376.0 509.0 1407.0 500.0 1399.0 ship 0
1192.0 1593.0 1194.0 1603.0 1151.0 1609.0 1150.0 1599.0 ship 0
1144.0 1158.0 1140.0 1168.0 1106.0 1156.0 1111.0 1146.0 ship 0
1146.0 1180.0 1145.0 1194.0 1104.0 1196.0 1104.0 1181.0 ship 0
1146.0 1199.0 1146.0 1209.0 1111.0 1213.0 1110.0 1202.0 ship 0
1147.0 1217.0 1147.0 1231.0 1109.0 1233.0 1109.0 1219.0 ship 0
1151.0 1236.0 1151.0 1249.0 1110.0 1251.0 1110.0 1238.0 ship 0
1151.0 1254.0 1151.0 1267.0 1113.0 1273.0 1111.0 1259.0 ship 0
1153.0 1275.0 1153.0 1285.0 1113.0 1285.0 1113.0 1275.0 ship 0
1155.0 1293.0 1156.0 1306.0 1100.0 1312.0 1098.0 1299.0 ship 0
1156.0 1317.0 1157.0 1334.0 1101.0 1338.0 1099.0 1322.0 ship 0
1161.0 1340.0 1163.0 1354.0 1107.0 1362.0 1105.0 1346.0 ship 0
1110.0 1384.0 1110.0 1369.0 1161.0 1364.0 1162.0 1379.0 ship 0
1111.0 1409.0 1110.0 1392.0 1161.0 1388.0 1161.0 1404.0 ship 0
1168.0 1414.0 1169.0 1430.0 1116.0 1434.0 1115.0 1419.0 ship 0
1169.0 1436.0 1171.0 1449.0 1120.0 1456.0 1119.0 1442.0 ship 0
1169.0 1514.0 1168.0 1506.0 1194.0 1501.0 1196.0 1509.0 ship 0
1151.0 1531.0 1151.0 1520.0 1184.0 1518.0 1185.0 1529.0 ship 0
1164.0 1547.0 1163.0 1538.0 1188.0 1535.0 1189.0 1544.0 ship 0
1153.0 1565.0 1153.0 1554.0 1187.0 1551.0 1189.0 1564.0 ship 0
1162.0 1588.0 1160.0 1577.0 1189.0 1570.0 1192.0 1581.0 ship 0
510.0 1357.0 519.0 1365.0 499.0 1390.0 490.0 1381.0 ship 0
519.0 1424.0 508.0 1414.0 534.0 1382.0 545.0 1394.0 ship 0
1156.0 1123.0 1153.0 1133.0 1115.0 1122.0 1119.0 1109.0 ship 0
821.0 1887.0 826.0 1882.0 839.0 1896.0 834.0 1902.0 ship 0
801.0 1862.0 795.0 1868.0 779.0 1855.0 784.0 1848.0 ship 0
795.0 1844.0 787.0 1836.0 808.0 1809.0 818.0 1817.0 ship 0
783.0 1833.0 773.0 1825.0 798.0 1793.0 808.0 1801.0 ship 0
765.0 1819.0 756.0 1811.0 784.0 1776.0 794.0 1784.0 ship 0
750.0 1809.0 738.0 1798.0 769.0 1758.0 782.0 1769.0 ship 0
735.0 1791.0 725.0 1780.0 753.0 1746.0 763.0 1756.0 ship 0
717.0 1777.0 706.0 1767.0 734.0 1732.0 745.0 1743.0 ship 0
701.0 1765.0 690.0 1752.0 727.0 1711.0 738.0 1721.0 ship 0
687.0 1747.0 676.0 1735.0 706.0 1698.0 719.0 1709.0 ship 0
666.0 1733.0 655.0 1723.0 689.0 1683.0 702.0 1693.0 ship 0
676.0 1660.0 690.0 1671.0 651.0 1717.0 637.0 1706.0 ship 0
629.0 1705.0 619.0 1693.0 654.0 1653.0 666.0 1662.0 ship 0
612.0 1686.0 603.0 1674.0 636.0 1638.0 648.0 1648.0 ship 0
615.0 1621.0 626.0 1632.0 590.0 1673.0 579.0 1661.0 ship 0
575.0 1656.0 564.0 1644.0 596.0 1610.0 608.0 1621.0 ship 0
558.0 1641.0 547.0 1629.0 584.0 1585.0 596.0 1596.0 ship 0
561.0 1581.0 571.0 1592.0 541.0 1626.0 531.0 1616.0 ship 0
524.0 1614.0 511.0 1604.0 539.0 1568.0 551.0 1576.0 ship 0
507.0 1599.0 495.0 1588.0 525.0 1553.0 536.0 1562.0 ship 0
798.0 1868.0 802.0 1863.0 822.0 1880.0 816.0 1886.0 ship 0
835.0 1903.0 840.0 1896.0 860.0 1913.0 856.0 1920.0 ship 0
554.0 1392.0 563.0 1400.0 537.0 1431.0 527.0 1423.0 ship 0
873.0 1913.0 867.0 1906.0 890.0 1880.0 898.0 1887.0 ship 0
564.0 1408.0 572.0 1416.0 551.0 1438.0 543.0 1430.0 ship 0
627.0 1440.0 620.0 1432.0 643.0 1407.0 652.0 1416.0 ship 0
583.0 1417.0 591.0 1426.0 564.0 1456.0 555.0 1447.0 ship 0
594.0 1429.0 605.0 1437.0 579.0 1469.0 569.0 1460.0 ship 0
608.0 1442.0 618.0 1450.0 598.0 1477.0 588.0 1468.0 ship 0
623.0 1454.0 632.0 1464.0 609.0 1491.0 599.0 1482.0 ship 0
638.0 1464.0 647.0 1472.0 621.0 1503.0 613.0 1495.0 ship 0
651.0 1478.0 658.0 1485.0 634.0 1512.0 627.0 1504.0 ship 0
662.0 1487.0 671.0 1494.0 652.0 1519.0 643.0 1512.0 ship 0
675.0 1499.0 683.0 1505.0 663.0 1531.0 655.0 1524.0 ship 0
688.0 1509.0 695.0 1515.0 675.0 1541.0 668.0 1534.0 ship 0
702.0 1521.0 708.0 1527.0 689.0 1548.0 683.0 1542.0 ship 0
714.0 1529.0 722.0 1535.0 703.0 1560.0 695.0 1554.0 ship 0
727.0 1542.0 735.0 1550.0 718.0 1572.0 709.0 1566.0 ship 0
810.0 1856.0 799.0 1847.0 824.0 1818.0 835.0 1827.0 ship 0
823.0 1865.0 815.0 1858.0 836.0 1831.0 845.0 1838.0 ship 0
838.0 1877.0 829.0 1868.0 851.0 1839.0 861.0 1848.0 ship 0
849.0 1890.0 840.0 1882.0 863.0 1854.0 872.0 1862.0 ship 0
862.0 1900.0 853.0 1893.0 877.0 1865.0 887.0 1873.0 ship 0
1150.0 1140.0 1146.0 1151.0 1111.0 1139.0 1116.0 1127.0 ship 0
1161.0 1106.0 1156.0 1117.0 1117.0 1102.0 1121.0 1089.0 ship 0
291.0 73.0 283.0 78.0 272.0 63.0 277.0 58.0 small-vehicle 0
1327.0 1245.0 1327.0 1254.0 1301.0 1256.0 1300.0 1247.0 ship 0
1320.0 1218.0 1313.0 1225.0 1290.0 1203.0 1297.0 1196.0 ship 0
1329.0 1215.0 1319.0 1216.0 1313.0 1190.0 1323.0 1188.0 ship 0
1338.0 1226.0 1328.0 1226.0 1329.0 1201.0 1338.0 1201.0 ship 0
1360.0 1239.0 1351.0 1239.0 1352.0 1211.0 1361.0 1212.0 ship 0
1382.0 1251.0 1370.0 1251.0 1372.0 1219.0 1383.0 1220.0 ship 0
1455.0 1272.0 1447.0 1270.0 1452.0 1241.0 1462.0 1243.0 ship 0
1446.0 1270.0 1437.0 1268.0 1440.0 1238.0 1449.0 1240.0 ship 0
1436.0 1262.0 1427.0 1261.0 1429.0 1237.0 1438.0 1238.0 ship 0
1425.0 1265.0 1417.0 1264.0 1418.0 1234.0 1427.0 1235.0 ship 0
1414.0 1254.0 1404.0 1254.0 1405.0 1227.0 1416.0 1227.0 ship 0
1393.0 1247.0 1383.0 1246.0 1384.0 1220.0 1394.0 1221.0 ship 0
1406.0 1394.0 1406.0 1403.0 1380.0 1405.0 1379.0 1395.0 ship 0
1416.0 1381.0 1417.0 1391.0 1379.0 1395.0 1377.0 1385.0 ship 0
1382.0 1420.0 1387.0 1427.0 1366.0 1446.0 1360.0 1438.0 ship 0
1398.0 1420.0 1403.0 1428.0 1385.0 1443.0 1379.0 1435.0 ship 0
1415.0 1419.0 1421.0 1426.0 1403.0 1444.0 1397.0 1436.0 ship 0
1431.0 1416.0 1438.0 1424.0 1417.0 1445.0 1410.0 1438.0 ship 0
1510.0 1440.0 1510.0 1431.0 1535.0 1430.0 1535.0 1439.0 ship 0
1501.0 1470.0 1509.0 1465.0 1520.0 1483.0 1513.0 1488.0 ship 0
1323.0 1234.0 1322.0 1244.0 1294.0 1240.0 1296.0 1231.0 ship 0
1333.0 1255.0 1333.0 1265.0 1301.0 1267.0 1300.0 1258.0 ship 0
1465.0 1481.0 1473.0 1476.0 1488.0 1498.0 1480.0 1503.0 ship 0
1330.0 1278.0 1331.0 1287.0 1305.0 1291.0 1304.0 1282.0 ship 0
271.0 155.0 275.0 165.0 255.0 172.0 252.0 163.0 small-vehicle 0
280.0 171.0 284.0 180.0 269.0 190.0 265.0 183.0 small-vehicle 0
295.0 199.0 299.0 209.0 282.0 218.0 278.0 210.0 small-vehicle 0
286.0 179.0 290.0 188.0 275.0 200.0 269.0 192.0 small-vehicle 0
231.0 192.0 235.0 201.0 219.0 213.0 214.0 204.0 small-vehicle 0
248.0 215.0 253.0 224.0 232.0 236.0 227.0 229.0 small-vehicle 0
258.0 232.0 262.0 242.0 247.0 251.0 241.0 245.0 small-vehicle 0
264.0 243.0 268.0 248.0 253.0 261.0 247.0 254.0 small-vehicle 0
270.0 250.0 275.0 259.0 258.0 268.0 253.0 262.0 small-vehicle 0
326.0 236.0 332.0 244.0 315.0 255.0 310.0 249.0 small-vehicle 0
320.0 229.0 324.0 237.0 308.0 247.0 304.0 242.0 small-vehicle 0
334.0 383.0 340.0 392.0 324.0 402.0 319.0 395.0 small-vehicle 0
419.0 376.0 425.0 385.0 406.0 396.0 401.0 389.0 small-vehicle 0
391.0 335.0 396.0 341.0 378.0 355.0 373.0 349.0 small-vehicle 0
371.0 313.0 378.0 320.0 360.0 333.0 354.0 326.0 small-vehicle 0
216.0 308.0 221.0 316.0 207.0 327.0 201.0 320.0 small-vehicle 0
312.0 222.0 317.0 229.0 305.0 238.0 298.0 233.0 small-vehicle 0
1397.0 1373.0 1397.0 1383.0 1376.0 1383.0 1375.0 1373.0 ship 0
1402.0 1327.0 1403.0 1337.0 1374.0 1342.0 1373.0 1331.0 ship 0
1492.0 1475.0 1501.0 1470.0 1511.0 1488.0 1503.0 1492.0 ship 0
1527.0 1388.0 1530.0 1404.0 1476.0 1409.0 1473.0 1393.0 ship 0
1167.0 1087.0 1163.0 1098.0 1125.0 1086.0 1129.0 1073.0 ship 0
1286.0 723.0 1282.0 734.0 1254.0 723.0 1257.0 713.0 ship 0
1275.0 752.0 1273.0 761.0 1245.0 753.0 1248.0 744.0 ship 0
1269.0 768.0 1266.0 777.0 1241.0 768.0 1243.0 760.0 ship 0
1265.0 782.0 1263.0 792.0 1231.0 782.0 1234.0 772.0 ship 0
1259.0 798.0 1257.0 806.0 1228.0 796.0 1230.0 787.0 ship 0
1254.0 814.0 1251.0 823.0 1224.0 813.0 1227.0 804.0 ship 0
1249.0 827.0 1247.0 836.0 1218.0 829.0 1220.0 819.0 ship 0
1246.0 841.0 1242.0 854.0 1211.0 843.0 1215.0 832.0 ship 0
1241.0 859.0 1238.0 868.0 1209.0 858.0 1212.0 849.0 ship 0
1235.0 873.0 1231.0 883.0 1205.0 874.0 1208.0 864.0 ship 0
1230.0 892.0 1228.0 901.0 1199.0 893.0 1201.0 884.0 ship 0
1223.0 904.0 1221.0 914.0 1193.0 906.0 1195.0 896.0 ship 0
1216.0 938.0 1212.0 947.0 1184.0 933.0 1188.0 925.0 ship 0
1211.0 952.0 1207.0 963.0 1176.0 952.0 1179.0 942.0 ship 0
1206.0 969.0 1203.0 980.0 1162.0 967.0 1166.0 955.0 ship 0
1195.0 1001.0 1189.0 1015.0 1150.0 1001.0 1155.0 987.0 ship 0
1187.0 1018.0 1183.0 1028.0 1152.0 1017.0 1156.0 1006.0 ship 0
1178.0 1033.0 1175.0 1042.0 1143.0 1032.0 1145.0 1023.0 ship 0
1179.0 1052.0 1175.0 1064.0 1135.0 1050.0 1139.0 1038.0 ship 0
1174.0 1069.0 1170.0 1080.0 1134.0 1067.0 1138.0 1056.0 ship 0
1280.0 738.0 1276.0 747.0 1247.0 736.0 1250.0 727.0 ship 0
1289.0 707.0 1287.0 716.0 1255.0 707.0 1257.0 696.0 ship 0
1501.0 1366.0 1502.0 1375.0 1477.0 1376.0 1476.0 1367.0 ship 0
1294.0 693.0 1291.0 701.0 1263.0 692.0 1266.0 683.0 ship 0
1503.0 1357.0 1502.0 1348.0 1534.0 1346.0 1534.0 1356.0 ship 0
1500.0 1340.0 1498.0 1329.0 1528.0 1327.0 1530.0 1336.0 ship 0
1475.0 1309.0 1473.0 1299.0 1504.0 1293.0 1506.0 1303.0 ship 0
1458.0 1279.0 1450.0 1273.0 1466.0 1243.0 1476.0 1250.0 ship 0
1468.0 1289.0 1465.0 1278.0 1503.0 1270.0 1506.0 1282.0 ship 0
1476.0 1327.0 1474.0 1312.0 1528.0 1304.0 1530.0 1319.0 ship 0
1356.0 472.0 1363.0 478.0 1350.0 492.0 1344.0 487.0 ship 0
1357.0 515.0 1354.0 523.0 1334.0 515.0 1336.0 507.0 ship 0
1347.0 525.0 1345.0 534.0 1314.0 525.0 1317.0 516.0 ship 0
1341.0 541.0 1339.0 550.0 1309.0 542.0 1311.0 532.0 ship 0
1338.0 555.0 1336.0 564.0 1304.0 555.0 1307.0 546.0 ship 0
1351.0 534.0 1359.0 536.0 1355.0 558.0 1347.0 556.0 ship 0
1332.0 571.0 1331.0 579.0 1299.0 571.0 1302.0 562.0 ship 0
1328.0 585.0 1327.0 594.0 1296.0 588.0 1298.0 578.0 ship 0
1323.0 601.0 1320.0 610.0 1293.0 600.0 1296.0 591.0 ship 0
1319.0 616.0 1315.0 626.0 1283.0 616.0 1287.0 605.0 ship 0
1309.0 647.0 1305.0 655.0 1277.0 645.0 1281.0 636.0 ship 0
1273.0 661.0 1276.0 652.0 1302.0 661.0 1299.0 670.0 ship 0
1298.0 677.0 1296.0 685.0 1267.0 676.0 1269.0 668.0 ship 0
299.0 1714.0 334.0 1742.0 320.0 1761.0 284.0 1734.0 swimming-pool 0
