imagesource:GoogleEarth
gsd:0.255885823667
2129.0 640.0 2123.0 642.0 2113.0 625.0 2120.0 620.0 small-vehicle 1
215.0 273.0 230.0 266.0 260.0 334.0 245.0 340.0 ship 0
457.0 198.0 443.0 205.0 416.0 161.0 430.0 153.0 ship 0
439.0 140.0 451.0 132.0 481.0 176.0 469.0 186.0 ship 0
379.0 153.0 389.0 148.0 402.0 171.0 392.0 176.0 ship 0
395.0 180.0 403.0 175.0 421.0 203.0 412.0 208.0 ship 0
370.0 195.0 379.0 190.0 397.0 220.0 388.0 225.0 ship 0
309.0 208.0 320.0 203.0 336.0 234.0 326.0 239.0 ship 0
321.0 242.0 337.0 235.0 360.0 284.0 345.0 291.0 ship 0
307.0 267.0 317.0 263.0 336.0 297.0 325.0 303.0 ship 0
231.0 242.0 247.0 235.0 272.0 289.0 258.0 295.0 ship 0
1369.0 433.0 1353.0 438.0 1333.0 390.0 1347.0 383.0 ship 0
287.0 287.0 296.0 283.0 306.0 302.0 296.0 306.0 ship 0
136.0 219.0 171.0 209.0 200.0 288.0 162.0 300.0 ship 0
115.0 23.0 127.0 11.0 170.0 51.0 159.0 64.0 ship 0
220.0 54.0 208.0 67.0 160.0 20.0 175.0 5.0 ship 0
271.0 75.0 260.0 85.0 233.0 54.0 244.0 43.0 ship 0
213.0 68.0 223.0 60.0 247.0 89.0 237.0 97.0 ship 0
212.0 95.0 197.0 108.0 165.0 70.0 182.0 57.0 ship 0
190.0 126.0 196.0 138.0 156.0 156.0 150.0 143.0 ship 0
420.0 214.0 431.0 207.0 450.0 241.0 440.0 246.0 ship 0
453.0 209.0 461.0 205.0 477.0 234.0 468.0 239.0 ship 0
474.0 187.0 482.0 181.0 506.0 214.0 498.0 220.0 ship 0
499.0 162.0 490.0 167.0 478.0 141.0 487.0 136.0 ship 0
1143.0 934.0 1160.0 927.0 1176.0 976.0 1160.0 981.0 ship 0
1193.0 961.0 1180.0 967.0 1164.0 926.0 1179.0 920.0 ship 0
1105.0 883.0 1132.0 871.0 1151.0 917.0 1126.0 928.0 ship 0
1071.0 896.0 1097.0 885.0 1115.0 930.0 1090.0 942.0 ship 0
1229.0 953.0 1215.0 958.0 1198.0 912.0 1212.0 906.0 ship 0
1186.0 905.0 1173.0 910.0 1154.0 863.0 1169.0 858.0 ship 0
1221.0 828.0 1238.0 823.0 1257.0 874.0 1241.0 880.0 ship 0
1223.0 887.0 1211.0 894.0 1188.0 851.0 1201.0 844.0 ship 0
1216.0 905.0 1232.0 899.0 1245.0 944.0 1229.0 948.0 ship 0
1265.0 937.0 1250.0 942.0 1232.0 898.0 1248.0 892.0 ship 0
1250.0 889.0 1264.0 883.0 1280.0 928.0 1267.0 933.0 ship 0
1300.0 922.0 1286.0 929.0 1266.0 885.0 1282.0 878.0 ship 0
1469.0 99.0 1453.0 105.0 1433.0 57.0 1449.0 51.0 ship 0
71.0 39.0 92.0 30.0 120.0 100.0 98.0 110.0 ship 0
476.0 70.0 466.0 46.0 552.0 9.0 561.0 32.0 ship 0
533.0 117.0 542.0 106.0 579.0 136.0 571.0 147.0 ship 0
574.0 148.0 582.0 138.0 614.0 165.0 605.0 175.0 ship 0
282.0 51.0 270.0 57.0 246.0 19.0 257.0 12.0 ship 0
322.0 70.0 308.0 77.0 287.0 33.0 300.0 26.0 ship 0
345.0 60.0 335.0 65.0 324.0 42.0 334.0 36.0 ship 0
1534.0 236.0 1549.0 230.0 1566.0 276.0 1551.0 282.0 ship 0
1587.0 333.0 1575.0 336.0 1558.0 291.0 1572.0 286.0 ship 0
1576.0 348.0 1557.0 353.0 1540.0 296.0 1557.0 291.0 ship 0
1504.0 315.0 1517.0 309.0 1539.0 350.0 1525.0 358.0 ship 0
1482.0 260.0 1495.0 255.0 1513.0 298.0 1501.0 303.0 ship 0
1496.0 308.0 1485.0 312.0 1464.0 271.0 1476.0 265.0 ship 0
1502.0 365.0 1490.0 371.0 1472.0 332.0 1486.0 326.0 ship 0
1453.0 334.0 1467.0 329.0 1484.0 379.0 1468.0 384.0 ship 0
1480.0 314.0 1467.0 320.0 1448.0 279.0 1461.0 274.0 ship 0
1425.0 280.0 1439.0 274.0 1461.0 322.0 1448.0 328.0 ship 0
1396.0 297.0 1410.0 292.0 1426.0 337.0 1413.0 341.0 ship 0
1378.0 304.0 1392.0 298.0 1410.0 343.0 1396.0 348.0 ship 0
1464.0 380.0 1453.0 384.0 1438.0 344.0 1452.0 340.0 ship 0
1449.0 387.0 1436.0 393.0 1418.0 353.0 1433.0 347.0 ship 0
1432.0 398.0 1420.0 403.0 1403.0 360.0 1415.0 355.0 ship 0
1415.0 406.0 1400.0 411.0 1383.0 368.0 1398.0 361.0 ship 0
1393.0 349.0 1380.0 356.0 1358.0 313.0 1373.0 306.0 ship 0
1374.0 358.0 1362.0 364.0 1345.0 324.0 1359.0 318.0 ship 0
1512.0 247.0 1524.0 238.0 1550.0 278.0 1537.0 286.0 ship 0
1186.0 156.0 1202.0 150.0 1226.0 205.0 1209.0 211.0 ship 0
383.0 63.0 366.0 71.0 336.0 10.0 353.0 1.0 ship 0
1203.0 136.0 1221.0 128.0 1250.0 193.0 1233.0 202.0 ship 0
817.0 386.0 812.0 376.0 839.0 365.0 844.0 377.0 ship 0
988.0 298.0 993.0 310.0 951.0 329.0 945.0 317.0 ship 0
1008.0 322.0 1019.0 319.0 1027.0 344.0 1015.0 347.0 ship 0
1199.0 224.0 1220.0 216.0 1244.0 280.0 1225.0 287.0 ship 0
1266.0 255.0 1250.0 259.0 1237.0 211.0 1255.0 206.0 ship 0
1295.0 248.0 1280.0 255.0 1260.0 205.0 1276.0 198.0 ship 0
1315.0 237.0 1300.0 242.0 1279.0 193.0 1295.0 187.0 ship 0
1338.0 226.0 1325.0 232.0 1302.0 184.0 1317.0 177.0 ship 0
1324.0 173.0 1339.0 167.0 1359.0 217.0 1344.0 222.0 ship 0
1365.0 156.0 1380.0 148.0 1404.0 198.0 1389.0 206.0 ship 0
1427.0 198.0 1410.0 205.0 1387.0 147.0 1403.0 140.0 ship 0
1470.0 181.0 1452.0 189.0 1428.0 128.0 1445.0 121.0 ship 0
1293.0 108.0 1310.0 100.0 1333.0 158.0 1318.0 164.0 ship 0
1314.0 94.0 1329.0 87.0 1354.0 147.0 1338.0 153.0 ship 0
1375.0 138.0 1362.0 144.0 1339.0 95.0 1352.0 89.0 ship 0
1250.0 128.0 1263.0 121.0 1290.0 174.0 1276.0 181.0 ship 0
1231.0 136.0 1247.0 130.0 1268.0 181.0 1253.0 188.0 ship 0
1111.0 949.0 1126.0 944.0 1141.0 991.0 1126.0 996.0 ship 0
1123.0 992.0 1110.0 997.0 1094.0 956.0 1108.0 950.0 ship 0
1106.0 998.0 1093.0 1004.0 1078.0 967.0 1092.0 961.0 ship 0
271.0 871.0 248.0 880.0 216.0 790.0 239.0 780.0 ship 0
360.0 732.0 379.0 722.0 416.0 798.0 398.0 806.0 ship 0
107.0 948.0 83.0 960.0 43.0 868.0 66.0 857.0 ship 0
155.0 1117.0 174.0 1109.0 203.0 1183.0 183.0 1191.0 ship 0
234.0 1268.0 216.0 1273.0 195.0 1213.0 214.0 1205.0 ship 0
346.0 1227.0 327.0 1232.0 309.0 1163.0 329.0 1158.0 ship 0
391.0 1207.0 371.0 1215.0 348.0 1147.0 367.0 1141.0 ship 0
368.0 1214.0 347.0 1218.0 330.0 1149.0 350.0 1143.0 ship 0
439.0 1177.0 421.0 1183.0 401.0 1118.0 420.0 1112.0 ship 0
454.0 1176.0 431.0 1177.0 425.0 1107.0 448.0 1107.0 ship 0
509.0 1162.0 486.0 1169.0 462.0 1096.0 484.0 1089.0 ship 0
557.0 1130.0 537.0 1134.0 520.0 1068.0 539.0 1062.0 ship 0
600.0 1112.0 579.0 1116.0 562.0 1056.0 582.0 1050.0 ship 0
598.0 937.0 615.0 930.0 644.0 997.0 627.0 1003.0 ship 0
397.0 1011.0 418.0 1000.0 452.0 1075.0 432.0 1086.0 ship 0
364.0 1006.0 391.0 997.0 422.0 1089.0 398.0 1097.0 ship 0
320.0 1048.0 341.0 1039.0 373.0 1113.0 353.0 1121.0 ship 0
1127.0 495.0 1110.0 504.0 1079.0 447.0 1098.0 438.0 ship 0
325.0 846.0 301.0 855.0 267.0 776.0 290.0 766.0 ship 0
225.0 905.0 200.0 913.0 165.0 809.0 189.0 801.0 ship 0
1131.0 573.0 1114.0 578.0 1093.0 523.0 1110.0 517.0 ship 0
361.0 667.0 334.0 678.0 296.0 593.0 322.0 579.0 ship 0
599.0 934.0 658.0 1070.0 281.0 1252.0 222.0 1104.0 harbor 0
581.0 553.0 543.0 462.0 1031.0 248.0 1072.0 341.0 harbor 0
668.0 755.0 629.0 662.0 1122.0 448.0 1164.0 542.0 harbor 0
754.0 956.0 714.0 863.0 1207.0 646.0 1248.0 735.0 harbor 0
825.0 1120.0 788.0 1026.0 1284.0 818.0 1322.0 904.0 harbor 0
1890.0 931.0 1915.0 993.0 1593.0 1139.0 1564.0 1076.0 harbor 0
1834.0 799.0 1861.0 867.0 1536.0 1010.0 1504.0 940.0 harbor 0
1779.0 670.0 1803.0 732.0 1479.0 873.0 1452.0 815.0 harbor 0
1728.0 545.0 1757.0 612.0 1432.0 759.0 1402.0 692.0 harbor 0
1648.0 395.0 1679.0 470.0 1366.0 609.0 1331.0 531.0 harbor 0
1558.0 238.0 1590.0 319.0 1296.0 447.0 1262.0 369.0 harbor 0
1462.0 58.0 1495.0 150.0 1233.0 264.0 1196.0 169.0 harbor 0
1980.0 89.0 2028.0 53.0 2082.0 134.0 2034.0 172.0 swimming-pool 0
66.0 630.0 97.0 616.0 158.0 758.0 129.0 771.0 ship 0
120.0 598.0 146.0 586.0 219.0 736.0 193.0 750.0 ship 0
175.0 620.0 198.0 609.0 250.0 718.0 224.0 731.0 ship 0
203.0 609.0 228.0 597.0 283.0 707.0 255.0 721.0 ship 0
1043.0 464.0 1056.0 458.0 1082.0 513.0 1068.0 519.0 ship 0
1069.0 530.0 1084.0 523.0 1107.0 573.0 1091.0 579.0 ship 0
1060.0 972.0 1072.0 966.0 1089.0 1007.0 1076.0 1012.0 ship 0
738.0 662.0 724.0 668.0 699.0 623.0 715.0 614.0 ship 0
704.0 885.0 722.0 877.0 748.0 937.0 731.0 946.0 ship 0
817.0 1099.0 800.0 1107.0 770.0 1052.0 788.0 1041.0 ship 0
816.0 1075.0 830.0 1069.0 847.0 1108.0 833.0 1115.0 ship 0
868.0 1104.0 854.0 1111.0 832.0 1069.0 847.0 1061.0 ship 0
801.0 1016.0 823.0 1008.0 842.0 1053.0 819.0 1061.0 ship 0
888.0 1046.0 903.0 1039.0 919.0 1084.0 904.0 1090.0 ship 0
844.0 995.0 859.0 988.0 877.0 1034.0 862.0 1041.0 ship 0
929.0 1014.0 916.0 1019.0 897.0 975.0 911.0 970.0 ship 0
861.0 991.0 874.0 982.0 897.0 1023.0 885.0 1031.0 ship 0
964.0 997.0 949.0 1003.0 931.0 959.0 948.0 954.0 ship 0
955.0 1013.0 968.0 1007.0 988.0 1049.0 974.0 1055.0 ship 0
990.0 1000.0 1002.0 994.0 1021.0 1033.0 1009.0 1039.0 ship 0
1009.0 991.0 1024.0 987.0 1037.0 1034.0 1021.0 1038.0 ship 0
1023.0 986.0 1036.0 980.0 1058.0 1020.0 1045.0 1026.0 ship 0
1017.0 975.0 1004.0 983.0 981.0 942.0 996.0 935.0 ship 0
1013.0 920.0 1027.0 914.0 1049.0 962.0 1038.0 968.0 ship 0
1048.0 906.0 1065.0 900.0 1082.0 948.0 1067.0 954.0 ship 0
850.0 551.0 880.0 538.0 903.0 590.0 874.0 602.0 ship 0
653.0 636.0 669.0 627.0 693.0 678.0 678.0 685.0 ship 0
1083.0 586.0 1066.0 591.0 1051.0 541.0 1068.0 536.0 ship 0
662.0 742.0 645.0 750.0 618.0 694.0 638.0 685.0 ship 0
1065.0 594.0 1048.0 602.0 1029.0 551.0 1046.0 544.0 ship 0
1039.0 606.0 1023.0 610.0 1008.0 557.0 1026.0 551.0 ship 0
987.0 565.0 1001.0 559.0 1019.0 613.0 1004.0 617.0 ship 0
998.0 486.0 1014.0 477.0 1039.0 531.0 1025.0 539.0 ship 0
1014.0 544.0 1000.0 548.0 980.0 497.0 995.0 491.0 ship 0
998.0 549.0 986.0 557.0 959.0 510.0 974.0 502.0 ship 0
934.0 511.0 952.0 503.0 975.0 560.0 958.0 566.0 ship 0
915.0 523.0 931.0 516.0 952.0 570.0 937.0 576.0 ship 0
963.0 576.0 979.0 570.0 996.0 619.0 982.0 624.0 ship 0
970.0 632.0 945.0 643.0 925.0 594.0 949.0 584.0 ship 0
901.0 601.0 916.0 596.0 933.0 651.0 918.0 655.0 ship 0
874.0 684.0 855.0 691.0 833.0 637.0 852.0 629.0 ship 0
813.0 639.0 830.0 634.0 847.0 688.0 830.0 694.0 ship 0
802.0 715.0 771.0 726.0 749.0 669.0 780.0 658.0 ship 0
757.0 725.0 727.0 737.0 709.0 686.0 738.0 675.0 ship 0
683.0 694.0 700.0 689.0 717.0 747.0 699.0 752.0 ship 0
693.0 753.0 676.0 760.0 659.0 704.0 676.0 698.0 ship 0
1349.0 381.0 1362.0 374.0 1381.0 417.0 1369.0 422.0 ship 0
1315.0 396.0 1328.0 389.0 1347.0 435.0 1333.0 441.0 ship 0
1854.0 12.0 1859.0 7.0 1869.0 19.0 1864.0 23.0 small-vehicle 1
1476.0 1103.0 1473.0 1093.0 1490.0 1091.0 1491.0 1099.0 small-vehicle 1
1498.0 1004.0 1493.0 995.0 1511.0 989.0 1513.0 997.0 small-vehicle 0
1522.0 996.0 1525.0 1006.0 1506.0 1011.0 1503.0 1001.0 small-vehicle 0
1459.0 1029.0 1455.0 1021.0 1473.0 1011.0 1477.0 1021.0 small-vehicle 0
1465.0 1044.0 1460.0 1033.0 1478.0 1026.0 1482.0 1035.0 small-vehicle 0
23.0 902.0 18.0 892.0 41.0 882.0 44.0 893.0 large-vehicle 0
157.0 1167.0 161.0 1175.0 147.0 1179.0 145.0 1173.0 small-vehicle 1
163.0 1175.0 168.0 1185.0 151.0 1195.0 146.0 1186.0 small-vehicle 1
182.0 1223.0 187.0 1231.0 170.0 1238.0 167.0 1231.0 small-vehicle 1
1548.0 1084.0 1551.0 1094.0 1532.0 1100.0 1529.0 1089.0 small-vehicle 1
1326.0 438.0 1315.0 443.0 1298.0 404.0 1311.0 398.0 ship 0
1384.0 1085.0 1393.0 1080.0 1400.0 1099.0 1393.0 1101.0 small-vehicle 1
1373.0 1092.0 1380.0 1090.0 1388.0 1107.0 1380.0 1110.0 small-vehicle 1
1505.0 1183.0 1500.0 1170.0 1520.0 1164.0 1524.0 1174.0 small-vehicle 1
1407.0 1355.0 1414.0 1349.0 1430.0 1359.0 1424.0 1366.0 small-vehicle 1
1419.0 1348.0 1426.0 1340.0 1443.0 1351.0 1437.0 1359.0 small-vehicle 1
1631.0 1365.0 1628.0 1356.0 1645.0 1352.0 1647.0 1361.0 small-vehicle 1
1637.0 1380.0 1631.0 1371.0 1647.0 1364.0 1650.0 1372.0 small-vehicle 1
1648.0 1413.0 1642.0 1405.0 1661.0 1398.0 1665.0 1407.0 small-vehicle 1
1453.0 1012.0 1448.0 1004.0 1463.0 997.0 1467.0 1006.0 small-vehicle 0
1446.0 999.0 1440.0 988.0 1457.0 978.0 1464.0 989.0 small-vehicle 0
1439.0 976.0 1436.0 967.0 1449.0 961.0 1453.0 969.0 small-vehicle 1
1489.0 946.0 1493.0 957.0 1476.0 963.0 1472.0 954.0 small-vehicle 0
951.0 114.0 941.0 119.0 926.0 91.0 936.0 86.0 ship 0
939.0 81.0 950.0 76.0 964.0 108.0 953.0 113.0 ship 0
316.0 257.0 302.0 264.0 277.0 223.0 296.0 214.0 ship 0
327.0 180.0 343.0 173.0 363.0 211.0 348.0 217.0 ship 0
347.0 230.0 367.0 221.0 388.0 265.0 367.0 274.0 ship 0
388.0 229.0 400.0 221.0 420.0 259.0 406.0 266.0 ship 0
668.0 37.0 672.0 49.0 647.0 57.0 641.0 47.0 large-vehicle 0
1091.0 328.0 1087.0 320.0 1105.0 314.0 1107.0 321.0 small-vehicle 0
1228.0 320.0 1236.0 326.0 1227.0 337.0 1219.0 332.0 small-vehicle 1
1262.0 414.0 1265.0 422.0 1249.0 429.0 1246.0 421.0 small-vehicle 0
1256.0 400.0 1258.0 409.0 1244.0 416.0 1240.0 407.0 small-vehicle 0
1244.0 375.0 1248.0 382.0 1233.0 392.0 1228.0 383.0 small-vehicle 0
1163.0 494.0 1158.0 485.0 1174.0 477.0 1179.0 487.0 small-vehicle 0
1231.0 460.0 1235.0 469.0 1216.0 477.0 1212.0 467.0 small-vehicle 1
1329.0 558.0 1332.0 568.0 1317.0 573.0 1313.0 564.0 small-vehicle 0
1364.0 656.0 1369.0 666.0 1352.0 672.0 1348.0 663.0 small-vehicle 0
1376.0 671.0 1378.0 683.0 1361.0 688.0 1358.0 677.0 small-vehicle 0
1591.0 1409.0 1594.0 1400.0 1613.0 1410.0 1609.0 1418.0 small-vehicle 1
1608.0 1404.0 1613.0 1396.0 1627.0 1404.0 1623.0 1412.0 small-vehicle 1
2088.0 545.0 2080.0 550.0 2070.0 531.0 2079.0 526.0 small-vehicle 1
1855.0 61.0 1866.0 55.0 1882.0 83.0 1875.0 88.0 large-vehicle 0
1985.0 322.0 2091.0 322.0 2091.0 426.0 1985.0 426.0 roundabout 0
280.0 324.0 269.0 329.0 258.0 304.0 270.0 299.0 ship 0
549.0 204.0 527.0 216.0 500.0 165.0 526.0 154.0 ship 0
562.0 174.0 568.0 166.0 583.0 185.0 575.0 193.0 ship 0
712.0 130.0 720.0 129.0 723.0 141.0 715.0 143.0 ship 1
698.0 106.0 703.0 102.0 713.0 115.0 705.0 119.0 ship 0
1446.0 1157.0 1442.0 1149.0 1457.0 1143.0 1460.0 1151.0 small-vehicle 1
1494.0 1157.0 1490.0 1149.0 1503.0 1140.0 1507.0 1148.0 small-vehicle 1
1564.0 1124.0 1568.0 1133.0 1554.0 1139.0 1550.0 1131.0 small-vehicle 1
1490.0 1260.0 1485.0 1251.0 1501.0 1245.0 1505.0 1254.0 small-vehicle 1
1499.0 1294.0 1495.0 1286.0 1511.0 1277.0 1515.0 1286.0 small-vehicle 1
1538.0 1252.0 1533.0 1244.0 1549.0 1236.0 1555.0 1244.0 small-vehicle 1
1557.0 1371.0 1561.0 1380.0 1546.0 1386.0 1542.0 1378.0 small-vehicle 1
1387.0 709.0 1391.0 717.0 1378.0 721.0 1375.0 714.0 small-vehicle 1
1237.0 359.0 1242.0 368.0 1226.0 376.0 1221.0 366.0 small-vehicle 1
1249.0 385.0 1253.0 395.0 1238.0 400.0 1233.0 390.0 small-vehicle 1
1199.0 458.0 1194.0 449.0 1211.0 442.0 1215.0 450.0 small-vehicle 1
1914.0 99.0 1924.0 93.0 1941.0 116.0 1931.0 123.0 large-vehicle 0
1831.0 25.0 1840.0 20.0 1852.0 38.0 1844.0 43.0 small-vehicle 0
1972.0 186.0 1980.0 180.0 1991.0 197.0 1985.0 201.0 small-vehicle 0
1893.0 198.0 1887.0 203.0 1876.0 188.0 1884.0 184.0 small-vehicle 0
1961.0 166.0 1968.0 163.0 1981.0 178.0 1973.0 183.0 small-vehicle 0
1947.0 146.0 1952.0 141.0 1967.0 159.0 1960.0 163.0 small-vehicle 0
1932.0 122.0 1941.0 118.0 1951.0 136.0 1943.0 142.0 small-vehicle 0
1904.0 106.0 1913.0 100.0 1925.0 119.0 1918.0 123.0 small-vehicle 0
1878.0 45.0 1886.0 39.0 1896.0 56.0 1890.0 61.0 small-vehicle 0
1890.0 65.0 1896.0 58.0 1907.0 74.0 1900.0 77.0 small-vehicle 0
1865.0 28.0 1874.0 22.0 1885.0 37.0 1878.0 43.0 small-vehicle 0
1768.0 16.0 1761.0 21.0 1748.0 5.0 1756.0 1.0 small-vehicle 0
1781.0 35.0 1773.0 40.0 1762.0 24.0 1769.0 20.0 small-vehicle 0
1795.0 54.0 1788.0 60.0 1774.0 43.0 1783.0 38.0 small-vehicle 0
1805.0 71.0 1798.0 77.0 1788.0 63.0 1796.0 58.0 small-vehicle 0
1818.0 87.0 1811.0 94.0 1799.0 79.0 1808.0 74.0 small-vehicle 0
1829.0 104.0 1821.0 108.0 1812.0 95.0 1820.0 89.0 small-vehicle 0
1839.0 122.0 1832.0 125.0 1823.0 112.0 1830.0 107.0 small-vehicle 0
1862.0 151.0 1853.0 156.0 1843.0 141.0 1850.0 135.0 small-vehicle 0
1870.0 164.0 1863.0 169.0 1855.0 155.0 1861.0 152.0 small-vehicle 0
1880.0 179.0 1874.0 185.0 1865.0 172.0 1872.0 166.0 small-vehicle 0
808.0 141.0 805.0 125.0 857.0 113.0 862.0 129.0 ship 0
624.0 138.0 632.0 133.0 645.0 156.0 637.0 161.0 ship 0
613.0 71.0 625.0 74.0 618.0 104.0 605.0 101.0 ship 0
1598.0 651.0 1610.0 648.0 1620.0 675.0 1608.0 678.0 ship 0
1584.0 657.0 1595.0 652.0 1608.0 681.0 1597.0 685.0 ship 0
1573.0 662.0 1583.0 659.0 1596.0 693.0 1585.0 696.0 ship 0
1559.0 669.0 1569.0 664.0 1583.0 693.0 1574.0 698.0 ship 0
1570.0 706.0 1558.0 710.0 1546.0 679.0 1557.0 673.0 ship 0
1537.0 683.0 1545.0 679.0 1554.0 700.0 1545.0 704.0 ship 0
1532.0 719.0 1522.0 724.0 1510.0 695.0 1521.0 691.0 ship 0
1470.0 710.0 1481.0 705.0 1493.0 738.0 1481.0 743.0 ship 0
1472.0 695.0 1459.0 700.0 1441.0 661.0 1455.0 654.0 ship 0
1466.0 750.0 1456.0 754.0 1444.0 723.0 1454.0 718.0 ship 0
1432.0 724.0 1441.0 721.0 1451.0 746.0 1441.0 749.0 ship 0
1496.0 819.0 1487.0 822.0 1477.0 799.0 1487.0 795.0 ship 0
1510.0 814.0 1500.0 818.0 1490.0 795.0 1499.0 790.0 ship 0
1541.0 859.0 1527.0 863.0 1512.0 823.0 1524.0 818.0 ship 0
1530.0 816.0 1539.0 812.0 1549.0 836.0 1539.0 840.0 ship 0
1574.0 794.0 1585.0 791.0 1593.0 818.0 1582.0 821.0 ship 0
1560.0 790.0 1551.0 794.0 1543.0 777.0 1551.0 773.0 ship 0
1586.0 779.0 1578.0 783.0 1568.0 763.0 1576.0 758.0 ship 0
1583.0 649.0 1566.0 655.0 1549.0 616.0 1567.0 608.0 ship 0
1627.0 640.0 1636.0 637.0 1643.0 659.0 1634.0 662.0 ship 0
1653.0 753.0 1644.0 756.0 1634.0 735.0 1644.0 731.0 ship 0
1617.0 578.0 1632.0 572.0 1652.0 619.0 1637.0 625.0 ship 0
1276.0 350.0 1287.0 344.0 1308.0 385.0 1297.0 392.0 ship 0
1341.0 375.0 1328.0 380.0 1310.0 336.0 1326.0 331.0 ship 0
1448.0 520.0 1436.0 524.0 1419.0 483.0 1433.0 478.0 ship 0
1459.0 527.0 1471.0 520.0 1488.0 562.0 1477.0 567.0 ship 0
1492.0 513.0 1506.0 508.0 1521.0 549.0 1506.0 554.0 ship 0
1588.0 460.0 1573.0 465.0 1555.0 418.0 1571.0 411.0 ship 0
1604.0 451.0 1594.0 456.0 1578.0 419.0 1588.0 414.0 ship 0
1603.0 472.0 1614.0 470.0 1623.0 493.0 1612.0 497.0 ship 0
1637.0 436.0 1621.0 443.0 1609.0 412.0 1625.0 406.0 ship 0
1703.0 544.0 1717.0 538.0 1735.0 582.0 1721.0 587.0 ship 0
1651.0 565.0 1667.0 558.0 1685.0 602.0 1668.0 608.0 ship 0
1738.0 629.0 1729.0 633.0 1715.0 604.0 1726.0 599.0 ship 0
1703.0 606.0 1713.0 601.0 1724.0 632.0 1714.0 636.0 ship 0
1689.0 612.0 1700.0 608.0 1713.0 636.0 1702.0 642.0 ship 0
1677.0 618.0 1688.0 615.0 1697.0 645.0 1686.0 648.0 ship 0
1663.0 625.0 1673.0 620.0 1684.0 645.0 1674.0 650.0 ship 0
1637.0 637.0 1648.0 631.0 1665.0 665.0 1654.0 670.0 ship 0
1640.0 757.0 1630.0 762.0 1615.0 729.0 1628.0 724.0 ship 0
1664.0 749.0 1655.0 753.0 1645.0 727.0 1655.0 723.0 ship 0
799.0 265.0 790.0 251.0 828.0 231.0 837.0 248.0 ship 0
1587.0 951.0 1598.0 946.0 1608.0 974.0 1597.0 978.0 ship 0
1553.0 965.0 1563.0 960.0 1579.0 997.0 1569.0 1002.0 ship 0
1559.0 949.0 1548.0 953.0 1534.0 918.0 1545.0 913.0 ship 0
1544.0 955.0 1533.0 959.0 1517.0 924.0 1528.0 919.0 ship 0
1618.0 1086.0 1604.0 1091.0 1587.0 1051.0 1602.0 1046.0 ship 0
1624.0 1037.0 1636.0 1033.0 1648.0 1071.0 1637.0 1075.0 ship 0
1617.0 1093.0 1627.0 1088.0 1638.0 1112.0 1627.0 1116.0 ship 0
1682.0 1066.0 1693.0 1060.0 1707.0 1093.0 1698.0 1097.0 ship 0
1708.0 1054.0 1718.0 1050.0 1731.0 1079.0 1722.0 1083.0 ship 0
1744.0 1073.0 1735.0 1078.0 1723.0 1051.0 1734.0 1046.0 ship 0
1749.0 1038.0 1758.0 1034.0 1769.0 1064.0 1759.0 1068.0 ship 0
1785.0 1058.0 1775.0 1063.0 1760.0 1036.0 1771.0 1030.0 ship 0
1799.0 1018.0 1808.0 1013.0 1825.0 1043.0 1815.0 1049.0 ship 0
1839.0 1000.0 1849.0 995.0 1859.0 1018.0 1849.0 1022.0 ship 0
1898.0 964.0 1886.0 970.0 1868.0 935.0 1882.0 929.0 ship 0
1890.0 977.0 1899.0 972.0 1911.0 996.0 1901.0 999.0 ship 0
1644.0 1261.0 1624.0 1214.0 2053.0 1033.0 2072.0 1078.0 harbor 0
1356.0 986.0 1375.0 1032.0 632.0 1351.0 608.0 1302.0 harbor 0
1592.0 939.0 1579.0 944.0 1562.0 908.0 1575.0 902.0 ship 0
1579.0 900.0 1589.0 894.0 1608.0 929.0 1597.0 936.0 ship 0
1695.0 736.0 1683.0 742.0 1666.0 710.0 1679.0 703.0 ship 0
1622.0 926.0 1611.0 931.0 1592.0 891.0 1605.0 884.0 ship 0
1716.0 728.0 1707.0 730.0 1697.0 705.0 1706.0 701.0 ship 0
1730.0 718.0 1722.0 723.0 1711.0 701.0 1720.0 698.0 ship 0
1779.0 709.0 1789.0 705.0 1800.0 738.0 1790.0 741.0 ship 0
1728.0 732.0 1738.0 727.0 1750.0 755.0 1740.0 758.0 ship 0
1839.0 833.0 1828.0 837.0 1812.0 802.0 1824.0 797.0 ship 0
1809.0 846.0 1797.0 851.0 1779.0 809.0 1791.0 803.0 ship 0
1794.0 851.0 1780.0 857.0 1765.0 816.0 1778.0 809.0 ship 0
1777.0 859.0 1766.0 863.0 1750.0 827.0 1762.0 822.0 ship 0
1826.0 888.0 1815.0 893.0 1800.0 859.0 1811.0 854.0 ship 0
1808.0 898.0 1794.0 899.0 1786.0 865.0 1800.0 862.0 ship 0
1746.0 872.0 1735.0 877.0 1717.0 837.0 1730.0 832.0 ship 0
1721.0 889.0 1734.0 884.0 1750.0 923.0 1738.0 928.0 ship 0
1717.0 885.0 1704.0 891.0 1688.0 857.0 1701.0 850.0 ship 0
1690.0 905.0 1699.0 899.0 1719.0 933.0 1709.0 938.0 ship 0
1661.0 918.0 1671.0 913.0 1689.0 949.0 1678.0 954.0 ship 0
1654.0 911.0 1643.0 916.0 1626.0 877.0 1639.0 871.0 ship 0
1643.0 973.0 1629.0 978.0 1612.0 939.0 1625.0 932.0 ship 0
341.0 566.0 442.0 800.0 135.0 940.0 32.0 694.0 harbor 0
