imagesource:GoogleEarth
gsd:0.133445720267
592.0 630.0 611.0 643.0 581.0 694.0 560.0 683.0 large-vehicle 0
612.0 648.0 622.0 633.0 700.0 679.0 689.0 695.0 large-vehicle 0
491.0 281.0 477.0 267.0 531.0 209.0 547.0 223.0 large-vehicle 0
370.0 390.0 391.0 407.0 351.0 460.0 330.0 445.0 large-vehicle 0
508.0 482.0 491.0 496.0 442.0 433.0 459.0 420.0 large-vehicle 0
410.0 459.0 425.0 444.0 483.0 493.0 470.0 508.0 large-vehicle 0
391.0 494.0 405.0 479.0 467.0 523.0 452.0 541.0 large-vehicle 0
405.0 580.0 425.0 595.0 391.0 640.0 372.0 627.0 large-vehicle 0
695.0 554.0 705.0 540.0 763.0 572.0 752.0 588.0 large-vehicle 0
715.0 508.0 725.0 493.0 792.0 532.0 780.0 548.0 large-vehicle 0
697.0 527.0 706.0 512.0 776.0 552.0 766.0 568.0 large-vehicle 0
670.0 568.0 681.0 552.0 756.0 596.0 743.0 614.0 large-vehicle 0
658.0 588.0 667.0 573.0 740.0 618.0 729.0 636.0 large-vehicle 0
624.0 626.0 633.0 611.0 713.0 659.0 702.0 675.0 large-vehicle 0
757.0 1120.0 735.0 1103.0 763.0 1064.0 786.0 1080.0 large-vehicle 0
602.0 672.0 611.0 657.0 687.0 700.0 677.0 717.0 large-vehicle 0
594.0 695.0 603.0 682.0 660.0 713.0 652.0 729.0 large-vehicle 0
556.0 759.0 567.0 744.0 617.0 777.0 606.0 793.0 large-vehicle 0
470.0 883.0 480.0 868.0 539.0 907.0 526.0 923.0 large-vehicle 0
380.0 1003.0 391.0 987.0 465.0 1033.0 453.0 1050.0 large-vehicle 0
367.0 1024.0 377.0 1006.0 450.0 1052.0 439.0 1071.0 large-vehicle 0
352.0 1043.0 364.0 1028.0 437.0 1073.0 426.0 1092.0 large-vehicle 0
588.0 723.0 595.0 708.0 655.0 739.0 646.0 755.0 large-vehicle 0
639.0 607.0 650.0 590.0 715.0 632.0 705.0 647.0 large-vehicle 0
445.0 262.0 460.0 278.0 411.0 330.0 395.0 315.0 large-vehicle 0
530.0 317.0 515.0 304.0 571.0 239.0 585.0 252.0 large-vehicle 0
511.0 300.0 495.0 285.0 551.0 225.0 567.0 239.0 large-vehicle 0
569.0 349.0 551.0 334.0 606.0 272.0 624.0 287.0 large-vehicle 0
584.0 365.0 570.0 352.0 626.0 289.0 643.0 303.0 large-vehicle 0
609.0 384.0 590.0 370.0 644.0 307.0 662.0 321.0 large-vehicle 0
765.0 1137.0 756.0 1148.0 728.0 1127.0 736.0 1113.0 small-vehicle 0
802.0 1159.0 790.0 1149.0 817.0 1122.0 829.0 1136.0 small-vehicle 0
770.0 1125.0 760.0 1116.0 782.0 1087.0 796.0 1097.0 small-vehicle 0
365.0 472.0 351.0 459.0 380.0 424.0 394.0 436.0 small-vehicle 0
426.0 592.0 413.0 578.0 441.0 546.0 457.0 563.0 small-vehicle 0
415.0 575.0 398.0 560.0 425.0 529.0 439.0 542.0 small-vehicle 0
222.0 388.0 237.0 398.0 214.0 426.0 202.0 417.0 small-vehicle 0
378.0 194.0 356.0 175.0 414.0 116.0 438.0 137.0 large-vehicle 0
54.0 65.0 67.0 76.0 44.0 101.0 33.0 91.0 small-vehicle 0
233.0 153.0 242.0 137.0 274.0 161.0 264.0 175.0 small-vehicle 0
289.0 146.0 277.0 159.0 251.0 138.0 261.0 126.0 small-vehicle 0
267.0 112.0 277.0 102.0 305.0 130.0 297.0 141.0 small-vehicle 0
277.0 96.0 288.0 83.0 318.0 109.0 306.0 122.0 small-vehicle 0
465.0 10.0 483.0 24.0 455.0 51.0 441.0 38.0 small-vehicle 0
469.0 66.0 456.0 55.0 478.0 30.0 492.0 42.0 small-vehicle 0
496.0 40.0 509.0 51.0 486.0 77.0 477.0 67.0 small-vehicle 0
520.0 101.0 510.0 90.0 534.0 64.0 544.0 76.0 small-vehicle 0
497.0 91.0 487.0 80.0 511.0 54.0 522.0 65.0 small-vehicle 0
411.0 251.0 431.0 270.0 386.0 320.0 365.0 303.0 large-vehicle 0
718.0 483.0 698.0 466.0 754.0 401.0 774.0 418.0 large-vehicle 0
708.0 453.0 689.0 441.0 731.0 390.0 749.0 404.0 large-vehicle 0
673.0 432.0 656.0 416.0 702.0 361.0 722.0 377.0 large-vehicle 0
644.0 415.0 624.0 401.0 678.0 336.0 699.0 351.0 large-vehicle 0
479.0 260.0 463.0 246.0 506.0 192.0 525.0 207.0 large-vehicle 0
