imagesource:GoogleEarth
gsd:0.27473909444
1083.0 1188.0 1083.0 1199.0 1060.0 1198.0 1062.0 1187.0 ship 1
1013.0 1332.0 997.0 1323.0 1025.0 1268.0 1042.0 1277.0 ship 0
43.0 1190.0 94.0 1242.0 2.0 1336.0 1.0 1238.0 harbor 1
180.0 1395.0 197.0 1421.0 60.0 1515.0 45.0 1487.0 harbor 0
146.0 1451.0 154.0 1460.0 68.0 1523.0 60.0 1514.0 harbor 0
36.0 1184.0 49.0 1171.0 102.0 1229.0 88.0 1241.0 ship 0
72.0 1260.0 62.0 1267.0 39.0 1236.0 49.0 1227.0 ship 0
57.0 1265.0 49.0 1275.0 23.0 1251.0 30.0 1241.0 ship 0
1051.0 1072.0 1057.0 1091.0 992.0 1113.0 986.0 1097.0 ship 0
960.0 1488.0 947.0 1413.0 1087.0 1395.0 1098.0 1466.0 harbor 0
1022.0 1058.0 1026.0 1072.0 991.0 1084.0 986.0 1071.0 ship 0
989.0 1039.0 986.0 1029.0 1015.0 1017.0 1019.0 1028.0 ship 0
1009.0 964.0 1015.0 972.0 998.0 989.0 991.0 981.0 ship 0
934.0 808.0 947.0 820.0 912.0 859.0 900.0 848.0 ship 0
825.0 839.0 836.0 837.0 844.0 866.0 833.0 869.0 ship 0
634.0 714.0 626.0 708.0 637.0 689.0 645.0 694.0 ship 0
953.0 1611.0 938.0 1551.0 1085.0 1521.0 1103.0 1587.0 harbor 0
1110.0 1440.0 1147.0 1428.0 1152.0 1444.0 1116.0 1455.0 swimming-pool 0
363.0 747.0 287.0 720.0 316.0 637.0 391.0 664.0 ship 0
800.0 912.0 712.0 843.0 963.0 552.0 1045.0 623.0 harbor 0
299.0 341.0 286.0 328.0 465.0 145.0 479.0 160.0 harbor 0
364.0 407.0 355.0 394.0 544.0 245.0 552.0 255.0 harbor 0
484.0 573.0 417.0 498.0 608.0 334.0 668.0 406.0 harbor 0
622.0 725.0 552.0 685.0 683.0 448.0 758.0 484.0 harbor 0
747.0 495.0 759.0 478.0 800.0 503.0 788.0 522.0 swimming-pool 0
803.0 701.0 767.0 669.0 840.0 576.0 873.0 607.0 harbor 0
921.0 864.0 891.0 838.0 1060.0 642.0 1088.0 671.0 harbor 0
984.0 1329.0 996.0 1245.0 1169.0 1278.0 1152.0 1363.0 harbor 0
975.0 973.0 935.0 940.0 1124.0 724.0 1162.0 759.0 harbor 0
1012.0 1006.0 991.0 984.0 1174.0 807.0 1195.0 827.0 harbor 0
991.0 1095.0 973.0 1043.0 1258.0 923.0 1283.0 973.0 harbor 0
973.0 1177.0 975.0 1108.0 1293.0 1098.0 1293.0 1162.0 harbor 0
1063.0 1203.0 1067.0 1179.0 1293.0 1203.0 1289.0 1233.0 harbor 0
1015.0 1251.0 1026.0 1199.0 1234.0 1243.0 1225.0 1298.0 harbor 0
583.0 663.0 593.0 655.0 620.0 686.0 609.0 696.0 ship 0
1116.0 96.0 1079.0 64.0 1137.0 1.0 1174.0 29.0 tennis-court 0
1079.0 1260.0 1068.0 1257.0 1074.0 1234.0 1084.0 1237.0 ship 1
47.0 69.0 40.0 74.0 32.0 66.0 37.0 61.0 ship 1
1257.0 602.0 1254.0 612.0 1233.0 604.0 1237.0 596.0 small-vehicle 0
1189.0 441.0 1183.0 435.0 1192.0 424.0 1200.0 430.0 small-vehicle 1
651.0 27.0 643.0 30.0 636.0 12.0 645.0 9.0 small-vehicle 1
620.0 643.0 612.0 639.0 624.0 617.0 633.0 621.0 ship 0
800.0 782.0 798.0 773.0 821.0 767.0 823.0 777.0 ship 0
39.0 86.0 38.0 79.0 53.0 73.0 55.0 82.0 ship 0
1288.0 23.0 1283.0 29.0 1270.0 17.0 1276.0 12.0 ship 0
990.0 484.0 997.0 475.0 1013.0 493.0 1005.0 499.0 small-vehicle 0
1304.0 38.0 1299.0 44.0 1283.0 31.0 1290.0 24.0 ship 0
1305.0 716.0 1309.0 724.0 1296.0 732.0 1291.0 726.0 ship 0
1321.0 738.0 1327.0 746.0 1314.0 760.0 1308.0 753.0 ship 0
976.0 955.0 966.0 946.0 984.0 928.0 993.0 937.0 ship 1
954.0 925.0 944.0 919.0 960.0 899.0 970.0 904.0 ship 1
1048.0 1311.0 1037.0 1305.0 1046.0 1285.0 1058.0 1289.0 ship 1
1037.0 581.0 1026.0 575.0 1035.0 555.0 1045.0 561.0 small-vehicle 0
983.0 494.0 990.0 486.0 1003.0 499.0 998.0 505.0 small-vehicle 0
1.0 59.0 5.0 51.0 29.0 76.0 21.0 83.0 ship 0
671.0 106.0 679.0 104.0 685.0 127.0 677.0 127.0 small-vehicle 0
350.0 1294.0 360.0 1290.0 367.0 1306.0 359.0 1310.0 ship 0
995.0 1573.0 983.0 1574.0 979.0 1549.0 993.0 1549.0 ship 0
1024.0 1156.0 1026.0 1168.0 1003.0 1170.0 1002.0 1159.0 ship 0
1179.0 772.0 1187.0 766.0 1205.0 786.0 1195.0 794.0 swimming-pool 0
1177.0 405.0 1185.0 397.0 1210.0 418.0 1202.0 428.0 swimming-pool 0
822.0 174.0 882.0 161.0 890.0 202.0 833.0 213.0 swimming-pool 0
676.0 189.0 667.0 193.0 658.0 168.0 666.0 166.0 small-vehicle 0
996.0 429.0 1006.0 432.0 1003.0 449.0 994.0 448.0 small-vehicle 0
680.0 243.0 672.0 246.0 666.0 229.0 673.0 225.0 small-vehicle 0
1033.0 57.0 1024.0 51.0 1041.0 32.0 1047.0 38.0 small-vehicle 0
1293.0 136.0 1287.0 131.0 1302.0 120.0 1305.0 127.0 small-vehicle 0
1301.0 144.0 1293.0 138.0 1307.0 127.0 1311.0 132.0 small-vehicle 0
1253.0 274.0 1257.0 269.0 1268.0 284.0 1263.0 288.0 small-vehicle 0
1282.0 311.0 1289.0 309.0 1300.0 325.0 1295.0 329.0 small-vehicle 0
248.0 289.0 180.0 224.0 377.0 33.0 439.0 86.0 harbor 0
