imagesource:GoogleEarth
gsd:0.142953087063
105.0 1157.0 131.0 1165.0 114.0 1207.0 89.0 1200.0 ship 0
373.0 489.0 380.0 472.0 417.0 488.0 410.0 506.0 ship 0
402.0 427.0 408.0 412.0 449.0 426.0 443.0 443.0 ship 0
396.0 404.0 402.0 387.0 451.0 407.0 444.0 427.0 ship 0
412.0 378.0 422.0 362.0 465.0 384.0 456.0 400.0 ship 0
536.0 215.0 529.0 233.0 482.0 214.0 488.0 197.0 ship 0
536.0 176.0 528.0 193.0 475.0 170.0 484.0 151.0 ship 0
594.0 130.0 582.0 167.0 455.0 115.0 468.0 79.0 ship 0
240.0 961.0 215.0 1016.0 78.0 953.0 100.0 899.0 harbor 0
291.0 829.0 251.0 922.0 113.0 862.0 149.0 775.0 harbor 0
337.0 718.0 310.0 785.0 178.0 734.0 201.0 665.0 harbor 0
363.0 638.0 339.0 703.0 200.0 645.0 228.0 583.0 harbor 0
399.0 558.0 374.0 610.0 238.0 554.0 260.0 503.0 harbor 0
432.0 483.0 408.0 532.0 273.0 474.0 295.0 427.0 harbor 0
464.0 399.0 442.0 455.0 312.0 401.0 333.0 347.0 harbor 0
496.0 331.0 471.0 381.0 334.0 326.0 358.0 273.0 harbor 0
514.0 280.0 503.0 304.0 370.0 249.0 383.0 224.0 harbor 0
378.0 449.0 384.0 431.0 430.0 450.0 424.0 468.0 ship 0
357.0 526.0 364.0 510.0 405.0 528.0 400.0 544.0 ship 0
526.0 40.0 539.0 34.0 555.0 68.0 539.0 74.0 ship 0
327.0 578.0 334.0 562.0 380.0 580.0 372.0 598.0 ship 0
125.0 149.0 138.0 154.0 129.0 182.0 114.0 178.0 small-vehicle 1
184.0 915.0 192.0 896.0 255.0 922.0 244.0 942.0 ship 0
491.0 340.0 485.0 357.0 444.0 339.0 451.0 321.0 ship 0
350.0 166.0 382.0 180.0 354.0 239.0 326.0 228.0 swimming-pool 0
49.0 233.0 32.0 226.0 44.0 188.0 62.0 194.0 small-vehicle 1
71.0 331.0 51.0 322.0 66.0 280.0 85.0 289.0 small-vehicle 1
123.0 48.0 105.0 41.0 118.0 6.0 136.0 12.0 small-vehicle 1
81.0 144.0 66.0 138.0 77.0 107.0 92.0 112.0 small-vehicle 0
181.0 965.0 189.0 949.0 233.0 970.0 225.0 986.0 ship 0
229.0 843.0 236.0 825.0 280.0 842.0 273.0 862.0 ship 0
290.0 814.0 283.0 831.0 241.0 813.0 247.0 796.0 ship 0
207.0 768.0 217.0 749.0 260.0 767.0 253.0 786.0 ship 0
245.0 740.0 253.0 718.0 314.0 741.0 308.0 764.0 ship 0
253.0 714.0 260.0 699.0 301.0 717.0 295.0 732.0 ship 0
544.0 843.0 524.0 833.0 544.0 784.0 563.0 791.0 ship 0
564.0 158.0 535.0 223.0 399.0 168.0 424.0 100.0 harbor 0
