imagesource:GoogleEarth
gsd:0.131069668972
163.0 568.0 155.0 579.0 127.0 561.0 135.0 550.0 small-vehicle 1
1482.0 812.0 1519.0 838.0 1428.0 990.0 1388.0 968.0 harbor 0
894.0 516.0 878.0 507.0 903.0 467.0 917.0 476.0 ship 0
799.0 410.0 820.0 422.0 781.0 494.0 759.0 482.0 ship 0
779.0 344.0 823.0 368.0 728.0 512.0 692.0 489.0 ship 0
643.0 426.0 624.0 414.0 651.0 369.0 669.0 380.0 ship 0
628.0 248.0 664.0 268.0 593.0 376.0 562.0 357.0 ship 0
562.0 267.0 584.0 282.0 548.0 340.0 526.0 326.0 ship 0
524.0 308.0 508.0 297.0 536.0 253.0 550.0 264.0 ship 0
429.0 277.0 398.0 257.0 448.0 168.0 476.0 188.0 ship 0
355.0 255.0 338.0 245.0 362.0 200.0 381.0 213.0 ship 0
266.0 52.0 296.0 69.0 241.0 153.0 215.0 136.0 ship 0
1563.0 867.0 1622.0 905.0 1531.0 1060.0 1472.0 1023.0 harbor 0
1356.0 748.0 1412.0 781.0 1326.0 931.0 1272.0 898.0 harbor 0
1283.0 794.0 1264.0 784.0 1286.0 736.0 1306.0 747.0 ship 0
1249.0 680.0 1305.0 710.0 1218.0 864.0 1164.0 826.0 harbor 0
1168.0 628.0 1236.0 670.0 1142.0 822.0 1076.0 778.0 harbor 0
1075.0 569.0 1134.0 608.0 1039.0 758.0 980.0 713.0 harbor 0
909.0 471.0 977.0 517.0 879.0 667.0 812.0 624.0 harbor 0
826.0 420.0 888.0 462.0 801.0 608.0 738.0 574.0 harbor 0
661.0 326.0 730.0 372.0 639.0 516.0 572.0 472.0 harbor 0
586.0 279.0 646.0 315.0 566.0 455.0 506.0 422.0 harbor 0
489.0 216.0 565.0 264.0 470.0 408.0 394.0 362.0 harbor 0
379.0 143.0 445.0 179.0 356.0 324.0 292.0 283.0 harbor 0
308.0 112.0 359.0 146.0 272.0 286.0 225.0 255.0 harbor 0
236.0 60.0 292.0 96.0 199.0 248.0 145.0 213.0 harbor 0
1067.0 688.0 1049.0 676.0 1079.0 630.0 1097.0 644.0 ship 0
1378.0 862.0 1359.0 852.0 1382.0 808.0 1401.0 818.0 ship 0
327.0 686.0 338.0 674.0 365.0 691.0 358.0 704.0 small-vehicle 1
412.0 638.0 405.0 652.0 365.0 631.0 373.0 616.0 small-vehicle 1
1047.0 631.0 1061.0 638.0 1045.0 669.0 1030.0 661.0 ship 0
803.0 522.0 784.0 511.0 811.0 464.0 831.0 477.0 ship 0
697.0 422.0 713.0 430.0 688.0 477.0 670.0 467.0 ship 0
373.0 859.0 413.0 884.0 386.0 937.0 348.0 917.0 swimming-pool 0
123.0 1061.0 107.0 1053.0 122.0 1023.0 138.0 1032.0 small-vehicle 0
156.0 994.0 139.0 986.0 152.0 954.0 168.0 961.0 small-vehicle 0
602.0 1056.0 618.0 1063.0 604.0 1098.0 588.0 1092.0 small-vehicle 1
650.0 1055.0 668.0 1064.0 653.0 1096.0 637.0 1089.0 small-vehicle 1
1064.0 1034.0 1054.0 1048.0 1019.0 1025.0 1029.0 1009.0 small-vehicle 1
815.0 960.0 804.0 976.0 764.0 953.0 776.0 934.0 small-vehicle 1
650.0 806.0 660.0 787.0 698.0 815.0 687.0 831.0 small-vehicle 1
208.0 593.0 201.0 609.0 168.0 591.0 177.0 575.0 small-vehicle 0
1470.0 945.0 1456.0 934.0 1481.0 893.0 1496.0 904.0 ship 0
66.0 505.0 56.0 521.0 21.0 501.0 31.0 484.0 small-vehicle 0
845.0 920.0 852.0 907.0 886.0 927.0 879.0 940.0 small-vehicle 0
937.0 977.0 946.0 961.0 979.0 982.0 971.0 998.0 small-vehicle 0
486.0 762.0 476.0 779.0 444.0 759.0 454.0 741.0 small-vehicle 0
608.0 834.0 600.0 852.0 562.0 831.0 571.0 814.0 small-vehicle 0
532.0 794.0 525.0 809.0 495.0 788.0 504.0 774.0 small-vehicle 0
421.0 724.0 412.0 739.0 379.0 719.0 389.0 704.0 small-vehicle 0
493.0 710.0 503.0 695.0 534.0 715.0 526.0 729.0 small-vehicle 0
1604.0 987.0 1590.0 976.0 1619.0 935.0 1634.0 947.0 ship 0
1522.0 944.0 1505.0 934.0 1530.0 892.0 1544.0 900.0 ship 0
1501.0 904.0 1487.0 894.0 1510.0 853.0 1526.0 863.0 ship 0
168.0 25.0 208.0 50.0 121.0 188.0 81.0 166.0 harbor 0
