imagesource:GoogleEarth
gsd:0.129898266708
1261.0 488.0 1283.0 496.0 1269.0 539.0 1244.0 531.0 ship 0
1010.0 402.0 986.0 394.0 1008.0 336.0 1030.0 347.0 ship 0
1182.0 772.0 1174.0 791.0 1117.0 770.0 1124.0 751.0 ship 0
1363.0 602.0 1336.0 594.0 1364.0 494.0 1393.0 504.0 ship 0
1342.0 433.0 1371.0 446.0 1338.0 521.0 1312.0 507.0 ship 0
1291.0 402.0 1315.0 410.0 1295.0 468.0 1271.0 458.0 ship 0
1245.0 395.0 1280.0 410.0 1241.0 510.0 1205.0 493.0 ship 0
1123.0 459.0 1105.0 451.0 1122.0 402.0 1142.0 408.0 ship 0
1133.0 404.0 1110.0 396.0 1126.0 348.0 1149.0 357.0 ship 0
1059.0 456.0 1023.0 444.0 1067.0 324.0 1099.0 337.0 ship 0
952.0 466.0 898.0 447.0 968.0 264.0 1026.0 284.0 ship 0
864.0 365.0 829.0 352.0 865.0 243.0 903.0 256.0 ship 0
755.0 276.0 732.0 267.0 750.0 220.0 771.0 228.0 ship 0
450.0 201.0 430.0 191.0 451.0 151.0 470.0 161.0 ship 0
264.0 159.0 245.0 153.0 260.0 112.0 278.0 118.0 ship 0
277.0 103.0 261.0 97.0 276.0 52.0 294.0 56.0 ship 0
243.0 112.0 214.0 103.0 234.0 36.0 262.0 43.0 ship 0
125.0 140.0 104.0 135.0 118.0 88.0 137.0 94.0 ship 0
192.0 60.0 174.0 57.0 183.0 15.0 201.0 18.0 ship 0
119.0 56.0 99.0 54.0 102.0 9.0 122.0 10.0 ship 0
60.0 68.0 41.0 67.0 42.0 17.0 61.0 17.0 ship 0
1364.0 432.0 1438.0 455.0 1385.0 634.0 1305.0 606.0 harbor 0
1275.0 397.0 1298.0 406.0 1238.0 580.0 1212.0 570.0 harbor 0
1181.0 367.0 1229.0 382.0 1176.0 555.0 1126.0 537.0 harbor 0
1096.0 334.0 1168.0 364.0 1110.0 533.0 1037.0 507.0 harbor 0
927.0 277.0 1036.0 316.0 979.0 486.0 868.0 451.0 harbor 0
847.0 247.0 910.0 269.0 851.0 438.0 784.0 416.0 harbor 0
738.0 211.0 783.0 228.0 732.0 388.0 681.0 370.0 harbor 0
610.0 161.0 719.0 204.0 664.0 361.0 550.0 317.0 harbor 0
541.0 141.0 568.0 150.0 510.0 317.0 484.0 308.0 harbor 0
347.0 64.0 441.0 101.0 376.0 274.0 279.0 239.0 harbor 0
1333.0 758.0 1338.0 773.0 1282.0 792.0 1275.0 775.0 ship 0
1330.0 776.0 1335.0 790.0 1284.0 808.0 1278.0 795.0 ship 0
1398.0 777.0 1392.0 792.0 1360.0 778.0 1366.0 765.0 ship 0
215.0 763.0 232.0 767.0 221.0 800.0 202.0 795.0 small-vehicle 0
571.0 154.0 586.0 162.0 567.0 196.0 552.0 185.0 ship 1
547.0 187.0 563.0 194.0 551.0 225.0 536.0 220.0 ship 1
1328.0 717.0 1323.0 742.0 1252.0 720.0 1261.0 697.0 ship 0
1068.0 494.0 1075.0 470.0 1128.0 484.0 1119.0 506.0 ship 0
1184.0 459.0 1164.0 456.0 1177.0 403.0 1200.0 408.0 ship 0
408.0 150.0 387.0 142.0 404.0 96.0 424.0 103.0 ship 0
507.0 219.0 489.0 214.0 501.0 179.0 523.0 188.0 ship 0
486.0 130.0 507.0 136.0 493.0 177.0 474.0 174.0 ship 0
736.0 726.0 725.0 739.0 691.0 716.0 702.0 700.0 small-vehicle 1
633.0 741.0 622.0 760.0 588.0 737.0 598.0 718.0 small-vehicle 1
321.0 468.0 341.0 477.0 322.0 523.0 301.0 514.0 small-vehicle 1
249.0 673.0 266.0 678.0 255.0 711.0 238.0 705.0 small-vehicle 1
302.0 674.0 321.0 681.0 308.0 718.0 288.0 711.0 small-vehicle 0
205.0 582.0 197.0 599.0 167.0 586.0 174.0 570.0 small-vehicle 0
1392.0 795.0 1387.0 808.0 1353.0 795.0 1361.0 782.0 ship 0
110.0 547.0 102.0 563.0 66.0 549.0 74.0 534.0 small-vehicle 0
788.0 784.0 800.0 772.0 828.0 800.0 817.0 811.0 small-vehicle 0
621.0 678.0 630.0 664.0 666.0 685.0 658.0 700.0 small-vehicle 0
574.0 659.0 580.0 641.0 616.0 654.0 610.0 671.0 small-vehicle 0
272.0 766.0 288.0 773.0 274.0 811.0 256.0 804.0 small-vehicle 0
372.0 319.0 391.0 328.0 375.0 368.0 357.0 361.0 small-vehicle 0
358.0 362.0 378.0 370.0 364.0 404.0 345.0 396.0 small-vehicle 0
386.0 448.0 403.0 454.0 392.0 486.0 374.0 480.0 small-vehicle 0
230.0 534.0 236.0 518.0 273.0 531.0 268.0 547.0 small-vehicle 0
98.0 485.0 105.0 470.0 138.0 484.0 132.0 499.0 small-vehicle 0
1387.0 807.0 1395.0 796.0 1423.0 814.0 1416.0 825.0 ship 0
1395.0 778.0 1402.0 767.0 1430.0 784.0 1424.0 794.0 ship 0
1403.0 751.0 1406.0 738.0 1438.0 749.0 1436.0 760.0 ship 0
201.0 18.0 283.0 49.0 225.0 218.0 139.0 189.0 harbor 0
