imagesource:GoogleEarth
gsd:0.133372619155
1338.0 84.0 1333.0 99.0 1299.0 91.0 1301.0 76.0 small-vehicle 1
1.0 275.0 1.0 243.0 63.0 213.0 76.0 236.0 ship 1
90.0 242.0 104.0 233.0 130.0 267.0 114.0 279.0 ship 0
70.0 277.0 89.0 261.0 138.0 321.0 118.0 338.0 ship 0
63.0 313.0 74.0 303.0 105.0 335.0 91.0 347.0 ship 0
115.0 444.0 98.0 462.0 46.0 414.0 63.0 396.0 ship 0
81.0 459.0 77.0 478.0 33.0 471.0 38.0 450.0 ship 0
38.0 644.0 16.0 636.0 33.0 587.0 54.0 594.0 ship 0
120.0 664.0 107.0 658.0 123.0 618.0 137.0 625.0 ship 0
163.0 697.0 137.0 689.0 157.0 617.0 181.0 625.0 ship 0
193.0 649.0 198.0 633.0 237.0 644.0 232.0 660.0 ship 0
242.0 647.0 259.0 651.0 248.0 701.0 229.0 697.0 ship 0
313.0 664.0 308.0 681.0 261.0 665.0 267.0 649.0 ship 0
373.0 687.0 368.0 701.0 333.0 689.0 338.0 673.0 ship 0
309.0 714.0 295.0 708.0 304.0 679.0 318.0 684.0 ship 0
452.0 760.0 438.0 753.0 455.0 712.0 469.0 718.0 ship 0
524.0 742.0 530.0 727.0 576.0 746.0 571.0 761.0 ship 0
713.0 800.0 720.0 781.0 771.0 799.0 765.0 816.0 ship 0
973.0 878.0 966.0 903.0 897.0 875.0 907.0 850.0 ship 0
1016.0 902.0 1011.0 916.0 977.0 903.0 983.0 888.0 ship 0
964.0 931.0 951.0 925.0 961.0 899.0 973.0 904.0 ship 0
1355.0 1031.0 1349.0 1046.0 1310.0 1032.0 1315.0 1015.0 ship 0
1444.0 1062.0 1439.0 1080.0 1388.0 1063.0 1394.0 1044.0 ship 0
1512.0 1074.0 1507.0 1094.0 1462.0 1080.0 1467.0 1060.0 ship 0
1574.0 1086.0 1572.0 1104.0 1523.0 1096.0 1524.0 1078.0 ship 0
1132.0 444.0 1144.0 435.0 1174.0 473.0 1160.0 483.0 ship 0
1035.0 465.0 1024.0 442.0 1095.0 397.0 1110.0 421.0 ship 0
60.0 256.0 69.0 276.0 9.0 309.0 1.0 291.0 ship 0
82.0 178.0 106.0 164.0 155.0 235.0 132.0 251.0 ship 0
1113.0 482.0 1123.0 471.0 1148.0 494.0 1138.0 506.0 ship 0
79.0 132.0 87.0 148.0 48.0 169.0 40.0 153.0 ship 0
644.0 627.0 556.0 600.0 581.0 530.0 666.0 557.0 harbor 0
492.0 574.0 432.0 554.0 452.0 490.0 513.0 510.0 harbor 0
1097.0 781.0 988.0 753.0 1090.0 295.0 1193.0 317.0 harbor 0
1536.0 938.0 1470.0 926.0 1481.0 867.0 1550.0 881.0 harbor 0
69.0 601.0 105.0 614.0 84.0 689.0 45.0 673.0 harbor 0
131.0 610.0 181.0 628.0 151.0 713.0 99.0 697.0 harbor 0
192.0 648.0 241.0 662.0 220.0 731.0 169.0 712.0 harbor 0
266.0 667.0 309.0 681.0 285.0 745.0 242.0 730.0 harbor 0
326.0 686.0 369.0 701.0 350.0 766.0 304.0 749.0 harbor 0
397.0 704.0 433.0 715.0 413.0 784.0 374.0 769.0 harbor 0
462.0 723.0 500.0 736.0 479.0 802.0 439.0 787.0 harbor 0
532.0 747.0 568.0 758.0 550.0 825.0 514.0 812.0 harbor 0
661.0 779.0 701.0 795.0 678.0 861.0 637.0 846.0 harbor 0
725.0 803.0 756.0 815.0 739.0 880.0 705.0 869.0 harbor 0
884.0 867.0 959.0 897.0 938.0 952.0 862.0 921.0 harbor 0
975.0 902.0 1026.0 924.0 1006.0 980.0 954.0 959.0 harbor 0
1160.0 977.0 1216.0 1002.0 1191.0 1065.0 1133.0 1037.0 harbor 0
1314.0 1032.0 1347.0 1044.0 1326.0 1111.0 1291.0 1098.0 harbor 0
1391.0 1062.0 1434.0 1077.0 1417.0 1135.0 1375.0 1122.0 harbor 0
1464.0 1078.0 1503.0 1089.0 1488.0 1153.0 1449.0 1145.0 harbor 0
1581.0 1111.0 1614.0 1117.0 1605.0 1171.0 1573.0 1166.0 harbor 0
1528.0 1094.0 1560.0 1101.0 1549.0 1164.0 1513.0 1156.0 harbor 0
79.0 91.0 87.0 106.0 46.0 132.0 38.0 116.0 ship 0
97.0 131.0 112.0 122.0 142.0 163.0 127.0 175.0 ship 0
162.0 141.0 149.0 153.0 124.0 122.0 136.0 113.0 ship 0
1091.0 441.0 1101.0 455.0 1066.0 480.0 1056.0 467.0 ship 0
1086.0 488.0 1094.0 503.0 1054.0 529.0 1045.0 512.0 ship 0
1151.0 998.0 1141.0 995.0 1148.0 971.0 1160.0 976.0 ship 1
1294.0 1341.0 1299.0 1322.0 1345.0 1339.0 1338.0 1355.0 small-vehicle 0
1166.0 1199.0 1184.0 1206.0 1171.0 1246.0 1153.0 1239.0 small-vehicle 0
1074.0 1261.0 1082.0 1245.0 1116.0 1266.0 1106.0 1281.0 small-vehicle 0
815.0 1173.0 821.0 1156.0 856.0 1171.0 851.0 1187.0 small-vehicle 0
860.0 1190.0 866.0 1175.0 901.0 1188.0 895.0 1203.0 small-vehicle 0
498.0 1143.0 507.0 1161.0 469.0 1184.0 459.0 1168.0 small-vehicle 0
542.0 1041.0 524.0 1035.0 536.0 997.0 554.0 1002.0 small-vehicle 0
344.0 1248.0 355.0 1269.0 315.0 1299.0 303.0 1279.0 large-vehicle 0
248.0 976.0 255.0 962.0 288.0 976.0 282.0 991.0 small-vehicle 0
80.0 920.0 85.0 904.0 130.0 920.0 124.0 935.0 small-vehicle 1
169.0 1174.0 154.0 1185.0 124.0 1146.0 140.0 1134.0 small-vehicle 1
218.0 1243.0 203.0 1253.0 183.0 1225.0 198.0 1214.0 small-vehicle 1
238.0 1279.0 225.0 1289.0 207.0 1261.0 220.0 1249.0 small-vehicle 1
58.0 364.0 72.0 343.0 104.0 379.0 90.0 398.0 ship 0
598.0 583.0 604.0 563.0 647.0 576.0 641.0 593.0 ship 0
942.0 50.0 923.0 47.0 929.0 12.0 946.0 15.0 small-vehicle 0
968.0 48.0 950.0 50.0 945.0 16.0 963.0 11.0 small-vehicle 0
1478.0 64.0 1482.0 45.0 1534.0 55.0 1531.0 77.0 small-vehicle 0
1473.0 30.0 1473.0 48.0 1440.0 41.0 1442.0 26.0 small-vehicle 0
481.0 570.0 476.0 585.0 437.0 572.0 442.0 557.0 ship 1
1040.0 489.0 1048.0 502.0 1028.0 513.0 1019.0 500.0 ship 1
867.0 388.0 864.0 398.0 843.0 391.0 845.0 385.0 ship 1
863.0 399.0 858.0 406.0 840.0 397.0 843.0 389.0 ship 1
1475.0 933.0 1481.0 915.0 1524.0 932.0 1517.0 951.0 ship 1
1267.0 328.0 1273.0 335.0 1253.0 349.0 1247.0 343.0 ship 1
1017.0 282.0 1017.0 275.0 1052.0 275.0 1049.0 281.0 ship 1
1284.0 1318.0 1278.0 1336.0 1244.0 1323.0 1250.0 1305.0 small-vehicle 0
567.0 339.0 582.0 344.0 572.0 379.0 557.0 375.0 small-vehicle 0
1096.0 506.0 1109.0 497.0 1142.0 534.0 1130.0 547.0 ship 0
531.0 346.0 548.0 348.0 542.0 392.0 526.0 389.0 small-vehicle 0
1076.0 529.0 1091.0 553.0 1014.0 608.0 999.0 582.0 ship 0
1104.0 584.0 1117.0 574.0 1148.0 613.0 1133.0 625.0 ship 0
1076.0 603.0 1094.0 592.0 1132.0 644.0 1113.0 657.0 ship 0
1055.0 602.0 1064.0 616.0 1029.0 640.0 1021.0 628.0 ship 0
1054.0 631.0 1068.0 652.0 1004.0 700.0 990.0 680.0 ship 0
1074.0 641.0 1086.0 633.0 1115.0 678.0 1101.0 688.0 ship 0
1054.0 692.0 1075.0 680.0 1112.0 745.0 1089.0 759.0 ship 0
1091.0 692.0 1103.0 684.0 1125.0 715.0 1114.0 724.0 ship 0
1054.0 673.0 1068.0 693.0 1002.0 745.0 988.0 723.0 ship 0
518.0 617.0 527.0 587.0 610.0 612.0 603.0 642.0 ship 0
4.0 892.0 10.0 876.0 44.0 890.0 39.0 905.0 small-vehicle 0
48.0 982.0 62.0 974.0 86.0 1015.0 69.0 1025.0 small-vehicle 0
343.0 1011.0 349.0 995.0 388.0 1008.0 383.0 1024.0 small-vehicle 0
428.0 1041.0 432.0 1025.0 466.0 1038.0 462.0 1053.0 small-vehicle 0
519.0 1025.0 503.0 1018.0 518.0 986.0 532.0 994.0 small-vehicle 0
102.0 1110.0 117.0 1099.0 140.0 1132.0 125.0 1145.0 small-vehicle 0
87.0 1059.0 73.0 1068.0 50.0 1035.0 63.0 1026.0 small-vehicle 0
375.0 1230.0 385.0 1245.0 356.0 1265.0 346.0 1251.0 small-vehicle 0
702.0 1136.0 708.0 1120.0 739.0 1134.0 734.0 1150.0 small-vehicle 0
598.0 1102.0 602.0 1086.0 636.0 1097.0 631.0 1111.0 small-vehicle 0
1035.0 1251.0 1040.0 1237.0 1072.0 1249.0 1069.0 1262.0 small-vehicle 0
1193.0 1257.0 1176.0 1251.0 1187.0 1211.0 1205.0 1216.0 small-vehicle 0
533.0 247.0 529.0 230.0 565.0 224.0 569.0 241.0 small-vehicle 0
519.0 287.0 516.0 271.0 548.0 264.0 551.0 280.0 small-vehicle 0
566.0 204.0 549.0 199.0 561.0 162.0 578.0 167.0 small-vehicle 0
85.0 459.0 2.0 442.0 66.0 78.0 157.0 99.0 harbor 0
