imagesource:GoogleEarth
gsd:0.13106402143
508.0 125.0 525.0 126.0 521.0 176.0 505.0 174.0 small-vehicle 1
1405.0 203.0 1391.0 213.0 1361.0 172.0 1377.0 161.0 ship 0
803.0 571.0 840.0 548.0 873.0 603.0 835.0 624.0 harbor 0
687.0 640.0 715.0 619.0 763.0 683.0 733.0 703.0 harbor 0
631.0 695.0 661.0 674.0 697.0 728.0 667.0 750.0 harbor 0
574.0 734.0 607.0 710.0 645.0 766.0 609.0 790.0 harbor 0
527.0 779.0 565.0 753.0 608.0 820.0 567.0 849.0 harbor 0
465.0 818.0 497.0 796.0 540.0 863.0 506.0 885.0 harbor 0
402.0 862.0 440.0 836.0 481.0 898.0 441.0 926.0 harbor 0
52.0 1006.0 42.0 988.0 86.0 962.0 96.0 981.0 ship 0
57.0 933.0 69.0 925.0 94.0 959.0 81.0 969.0 ship 0
203.0 798.0 217.0 784.0 252.0 818.0 240.0 833.0 ship 0
306.0 788.0 316.0 802.0 277.0 832.0 266.0 817.0 ship 0
306.0 756.0 321.0 746.0 346.0 789.0 332.0 799.0 ship 0
511.0 685.0 501.0 672.0 538.0 646.0 546.0 660.0 ship 0
687.0 565.0 677.0 551.0 710.0 524.0 721.0 537.0 ship 0
745.0 505.0 736.0 515.0 713.0 490.0 723.0 480.0 ship 0
744.0 457.0 756.0 448.0 782.0 483.0 768.0 494.0 ship 0
886.0 390.0 896.0 405.0 837.0 446.0 827.0 429.0 ship 0
1098.0 249.0 1111.0 265.0 1061.0 301.0 1050.0 283.0 ship 0
1009.0 252.0 1024.0 243.0 1047.0 278.0 1033.0 289.0 ship 0
1259.0 96.0 1272.0 115.0 1219.0 150.0 1206.0 132.0 ship 0
1583.0 5.0 1592.0 19.0 1549.0 46.0 1540.0 32.0 ship 0
1517.0 49.0 1527.0 64.0 1483.0 96.0 1472.0 80.0 ship 0
1456.0 90.0 1467.0 101.0 1433.0 130.0 1423.0 118.0 ship 0
859.0 534.0 889.0 514.0 926.0 565.0 898.0 587.0 harbor 0
922.0 492.0 953.0 470.0 990.0 520.0 957.0 541.0 harbor 0
1030.0 410.0 1072.0 383.0 1108.0 441.0 1070.0 466.0 harbor 0
882.0 395.0 826.0 431.0 800.0 388.0 858.0 355.0 harbor 0
302.0 799.0 268.0 821.0 234.0 774.0 270.0 748.0 harbor 0
174.0 1037.0 328.0 924.0 356.0 965.0 202.0 1074.0 harbor 0
362.0 771.0 343.0 785.0 305.0 727.0 326.0 713.0 harbor 0
417.0 723.0 391.0 739.0 356.0 691.0 382.0 672.0 harbor 0
478.0 678.0 454.0 695.0 399.0 624.0 428.0 604.0 harbor 0
536.0 650.0 509.0 668.0 468.0 614.0 496.0 594.0 harbor 0
602.0 602.0 574.0 621.0 541.0 569.0 567.0 551.0 harbor 0
650.0 561.0 617.0 584.0 584.0 535.0 618.0 515.0 harbor 0
711.0 527.0 675.0 550.0 639.0 495.0 677.0 472.0 harbor 0
766.0 490.0 744.0 507.0 703.0 451.0 729.0 435.0 harbor 0
1080.0 266.0 1052.0 286.0 1016.0 232.0 1047.0 212.0 harbor 0
1095.0 371.0 1127.0 350.0 1158.0 398.0 1126.0 420.0 harbor 0
1258.0 143.0 1179.0 196.0 1138.0 141.0 1223.0 84.0 harbor 0
1613.0 7.0 1653.0 6.0 1653.0 72.0 1615.0 74.0 harbor 1
1550.0 46.0 1584.0 25.0 1622.0 81.0 1588.0 103.0 harbor 0
1491.0 90.0 1524.0 67.0 1558.0 118.0 1528.0 141.0 harbor 0
1430.0 130.0 1466.0 106.0 1499.0 153.0 1467.0 176.0 harbor 0
1384.0 170.0 1408.0 153.0 1446.0 203.0 1420.0 220.0 harbor 0
1327.0 202.0 1347.0 188.0 1388.0 245.0 1369.0 258.0 harbor 0
1263.0 249.0 1295.0 228.0 1331.0 285.0 1301.0 306.0 harbor 0
1201.0 290.0 1241.0 261.0 1281.0 320.0 1243.0 348.0 harbor 0
1150.0 326.0 1171.0 313.0 1207.0 372.0 1186.0 384.0 harbor 0
1450.0 177.0 1433.0 192.0 1403.0 151.0 1420.0 137.0 ship 0
1388.0 217.0 1375.0 227.0 1351.0 194.0 1365.0 182.0 ship 0
388.0 998.0 388.0 984.0 422.0 981.0 422.0 995.0 small-vehicle 1
1255.0 245.0 1247.0 229.0 1285.0 205.0 1295.0 220.0 ship 0
1406.0 569.0 1415.0 583.0 1389.0 602.0 1379.0 589.0 small-vehicle 0
1441.0 544.0 1449.0 558.0 1424.0 577.0 1414.0 563.0 small-vehicle 0
1610.0 427.0 1620.0 442.0 1590.0 464.0 1578.0 449.0 small-vehicle 0
1615.0 993.0 1597.0 986.0 1610.0 950.0 1625.0 957.0 small-vehicle 0
1596.0 1037.0 1580.0 1031.0 1592.0 995.0 1607.0 1002.0 small-vehicle 0
1381.0 1001.0 1368.0 1012.0 1344.0 978.0 1358.0 967.0 small-vehicle 0
1411.0 1044.0 1401.0 1053.0 1379.0 1021.0 1391.0 1014.0 small-vehicle 0
271.0 209.0 272.0 193.0 314.0 198.0 312.0 213.0 small-vehicle 0
815.0 944.0 827.0 964.0 787.0 993.0 773.0 975.0 large-vehicle 0
957.0 884.0 968.0 898.0 943.0 919.0 931.0 904.0 small-vehicle 0
1024.0 836.0 1034.0 852.0 1001.0 875.0 991.0 859.0 small-vehicle 0
1058.0 814.0 1067.0 831.0 1038.0 851.0 1026.0 835.0 small-vehicle 0
1088.0 791.0 1098.0 807.0 1068.0 831.0 1056.0 813.0 small-vehicle 0
1582.0 1083.0 1564.0 1077.0 1576.0 1043.0 1592.0 1050.0 small-vehicle 0
1630.0 800.0 1620.0 788.0 1651.0 761.0 1659.0 774.0 small-vehicle 0
1525.0 481.0 1535.0 495.0 1504.0 523.0 1492.0 511.0 small-vehicle 0
542.0 606.0 556.0 596.0 579.0 628.0 564.0 639.0 ship 0
390.0 867.0 382.0 849.0 435.0 829.0 442.0 846.0 ship 0
1198.0 178.0 1191.0 171.0 1207.0 158.0 1215.0 166.0 ship 1
1153.0 367.0 1146.0 373.0 1127.0 355.0 1131.0 347.0 ship 1
1077.0 258.0 1066.0 265.0 1051.0 251.0 1063.0 241.0 ship 1
780.0 240.0 781.0 224.0 818.0 231.0 819.0 244.0 small-vehicle 1
1523.0 427.0 1531.0 439.0 1504.0 459.0 1494.0 449.0 small-vehicle 1
1079.0 551.0 1092.0 539.0 1113.0 569.0 1100.0 581.0 small-vehicle 0
1239.0 799.0 1226.0 810.0 1207.0 785.0 1220.0 774.0 small-vehicle 0
1294.0 880.0 1282.0 891.0 1260.0 866.0 1272.0 854.0 small-vehicle 0
853.0 535.0 845.0 522.0 883.0 499.0 893.0 513.0 ship 0
1235.0 246.0 1243.0 259.0 1208.0 284.0 1199.0 271.0 ship 0
1211.0 334.0 1197.0 348.0 1164.0 312.0 1179.0 298.0 ship 0
1087.0 374.0 1080.0 359.0 1123.0 334.0 1131.0 350.0 ship 0
1027.0 412.0 1018.0 397.0 1060.0 369.0 1070.0 383.0 ship 0
315.0 911.0 327.0 923.0 293.0 952.0 283.0 939.0 ship 0
472.0 858.0 461.0 867.0 439.0 836.0 448.0 827.0 ship 0
560.0 733.0 572.0 749.0 529.0 778.0 516.0 762.0 ship 0
604.0 685.0 617.0 703.0 570.0 739.0 556.0 722.0 ship 0
728.0 697.0 711.0 709.0 669.0 653.0 687.0 640.0 ship 0
768.0 655.0 753.0 670.0 715.0 626.0 728.0 613.0 ship 0
950.0 454.0 958.0 468.0 924.0 489.0 914.0 475.0 ship 0
1262.0 835.0 1248.0 846.0 1227.0 816.0 1240.0 805.0 small-vehicle 0
1046.0 463.0 1035.0 472.0 1017.0 444.0 1028.0 436.0 ship 0
221.0 207.0 222.0 191.0 261.0 194.0 261.0 211.0 small-vehicle 0
396.0 218.0 399.0 202.0 431.0 207.0 429.0 224.0 small-vehicle 0
698.0 225.0 697.0 242.0 659.0 239.0 661.0 221.0 small-vehicle 0
726.0 241.0 727.0 226.0 762.0 226.0 762.0 242.0 small-vehicle 0
205.0 474.0 214.0 489.0 182.0 509.0 175.0 495.0 small-vehicle 0
95.0 671.0 82.0 680.0 62.0 650.0 74.0 640.0 small-vehicle 0
738.0 1037.0 749.0 1051.0 714.0 1076.0 703.0 1063.0 small-vehicle 0
772.0 1013.0 781.0 1030.0 753.0 1049.0 743.0 1034.0 small-vehicle 0
813.0 985.0 822.0 1000.0 792.0 1022.0 781.0 1008.0 small-vehicle 0
180.0 893.0 120.0 938.0 60.0 860.0 125.0 815.0 harbor 0
