imagesource:GoogleEarth
gsd:0.131064954417
1297.0 614.0 1285.0 620.0 1273.0 600.0 1284.0 592.0 ship 1
302.0 279.0 320.0 271.0 350.0 316.0 331.0 329.0 ship 0
1658.0 365.0 1601.0 411.0 1548.0 345.0 1614.0 300.0 harbor 0
1587.0 725.0 1601.0 743.0 1542.0 783.0 1527.0 764.0 harbor 0
1619.0 779.0 1635.0 801.0 1582.0 843.0 1563.0 818.0 harbor 0
260.0 68.0 238.0 38.0 290.0 1.0 313.0 32.0 harbor 0
302.0 119.0 276.0 83.0 328.0 48.0 356.0 84.0 harbor 0
335.0 171.0 315.0 141.0 376.0 102.0 396.0 130.0 harbor 0
117.0 11.0 126.0 4.0 152.0 39.0 142.0 48.0 ship 0
302.0 124.0 289.0 133.0 264.0 96.0 279.0 87.0 ship 0
294.0 142.0 309.0 133.0 339.0 174.0 325.0 184.0 ship 0
272.0 219.0 281.0 234.0 245.0 257.0 236.0 244.0 ship 0
305.0 359.0 298.0 347.0 332.0 323.0 340.0 335.0 ship 0
1530.0 764.0 1515.0 738.0 1589.0 691.0 1604.0 715.0 ship 0
379.0 376.0 367.0 384.0 345.0 348.0 358.0 341.0 ship 0
385.0 492.0 371.0 477.0 411.0 440.0 426.0 456.0 ship 0
412.0 438.0 432.0 422.0 479.0 482.0 458.0 497.0 ship 0
422.0 475.0 432.0 468.0 448.0 491.0 439.0 498.0 ship 0
514.0 547.0 496.0 561.0 462.0 507.0 478.0 496.0 ship 0
901.0 1098.0 878.0 1099.0 848.0 1047.0 867.0 1036.0 ship 1
894.0 1037.0 883.0 1022.0 931.0 985.0 942.0 1001.0 ship 0
1092.0 938.0 1082.0 948.0 1058.0 918.0 1070.0 908.0 ship 0
1303.0 768.0 1295.0 755.0 1426.0 667.0 1433.0 681.0 harbor 0
1407.0 716.0 1398.0 702.0 1435.0 677.0 1444.0 691.0 ship 0
1562.0 440.0 1528.0 464.0 1474.0 376.0 1513.0 356.0 harbor 0
1492.0 489.0 1472.0 502.0 1420.0 431.0 1440.0 419.0 harbor 0
1450.0 524.0 1432.0 537.0 1373.0 463.0 1391.0 451.0 harbor 0
1377.0 569.0 1359.0 581.0 1319.0 526.0 1337.0 513.0 harbor 0
150.0 74.0 170.0 101.0 100.0 154.0 78.0 126.0 harbor 0
232.0 183.0 255.0 218.0 189.0 262.0 166.0 228.0 harbor 0
270.0 238.0 292.0 272.0 217.0 322.0 195.0 289.0 harbor 0
310.0 294.0 326.0 319.0 267.0 354.0 253.0 330.0 harbor 0
344.0 348.0 364.0 376.0 310.0 413.0 293.0 388.0 harbor 0
379.0 401.0 403.0 436.0 356.0 470.0 330.0 437.0 harbor 0
427.0 458.0 453.0 488.0 398.0 533.0 370.0 503.0 harbor 0
462.0 508.0 484.0 541.0 429.0 578.0 406.0 547.0 harbor 0
608.0 556.0 590.0 529.0 644.0 489.0 664.0 518.0 harbor 0
651.0 598.0 635.0 576.0 680.0 545.0 698.0 569.0 harbor 0
796.0 819.0 754.0 764.0 805.0 724.0 847.0 773.0 harbor 0
1030.0 817.0 988.0 844.0 952.0 782.0 993.0 759.0 harbor 0
1091.0 768.0 1059.0 790.0 1023.0 734.0 1058.0 713.0 harbor 0
898.0 1031.0 938.0 1002.0 968.0 1049.0 931.0 1078.0 harbor 0
966.0 982.0 998.0 960.0 1029.0 1007.0 1000.0 1028.0 harbor 0
1031.0 941.0 1063.0 920.0 1090.0 966.0 1060.0 986.0 harbor 0
1081.0 905.0 1106.0 887.0 1137.0 932.0 1115.0 948.0 harbor 0
1160.0 843.0 1133.0 865.0 1167.0 912.0 1194.0 893.0 harbor 0
1219.0 680.0 1187.0 703.0 1148.0 648.0 1181.0 625.0 harbor 0
1276.0 646.0 1259.0 659.0 1220.0 603.0 1237.0 589.0 harbor 0
1327.0 598.0 1301.0 615.0 1262.0 560.0 1288.0 545.0 harbor 0
1425.0 634.0 1439.0 661.0 1365.0 705.0 1350.0 681.0 ship 0
1595.0 796.0 1587.0 785.0 1614.0 764.0 1622.0 777.0 ship 0
1498.0 561.0 1501.0 570.0 1477.0 581.0 1475.0 571.0 ship 1
1292.0 221.0 1302.0 238.0 1258.0 269.0 1248.0 252.0 large-vehicle 0
1063.0 605.0 1072.0 595.0 1097.0 624.0 1086.0 632.0 small-vehicle 0
839.0 429.0 852.0 419.0 871.0 450.0 859.0 458.0 small-vehicle 0
128.0 583.0 113.0 594.0 98.0 568.0 112.0 558.0 small-vehicle 0
157.0 975.0 171.0 965.0 192.0 997.0 178.0 1006.0 small-vehicle 0
218.0 1032.0 205.0 1041.0 185.0 1013.0 198.0 1003.0 small-vehicle 0
246.0 1071.0 230.0 1081.0 212.0 1050.0 226.0 1040.0 small-vehicle 0
682.0 1048.0 669.0 1061.0 639.0 1025.0 654.0 1013.0 small-vehicle 0
1309.0 973.0 1294.0 986.0 1266.0 947.0 1280.0 935.0 large-vehicle 0
1315.0 881.0 1301.0 885.0 1288.0 848.0 1302.0 845.0 small-vehicle 0
1414.0 1032.0 1400.0 1043.0 1375.0 1010.0 1390.0 998.0 small-vehicle 1
1228.0 268.0 1238.0 285.0 1208.0 306.0 1198.0 290.0 small-vehicle 0
1602.0 869.0 1586.0 844.0 1640.0 803.0 1658.0 828.0 ship 0
1112.0 349.0 1123.0 366.0 1088.0 389.0 1080.0 372.0 small-vehicle 0
849.0 299.0 860.0 289.0 885.0 325.0 873.0 333.0 small-vehicle 0
593.0 83.0 581.0 66.0 606.0 50.0 618.0 62.0 small-vehicle 1
574.0 60.0 562.0 43.0 590.0 24.0 599.0 41.0 small-vehicle 1
603.0 758.0 545.0 686.0 714.0 573.0 762.0 643.0 bridge 0
576.0 132.0 641.0 84.0 662.0 110.0 597.0 159.0 basketball-court 0
515.0 314.0 523.0 328.0 497.0 344.0 487.0 329.0 ship 0
602.0 354.0 600.0 365.0 581.0 361.0 583.0 350.0 ship 0
571.0 393.0 577.0 405.0 552.0 420.0 543.0 404.0 ship 1
591.0 403.0 600.0 423.0 560.0 438.0 552.0 423.0 ship 1
1036.0 566.0 1046.0 559.0 1065.0 588.0 1054.0 595.0 small-vehicle 0
985.0 492.0 996.0 484.0 1015.0 511.0 1002.0 518.0 small-vehicle 0
834.0 355.0 847.0 344.0 869.0 373.0 855.0 383.0 small-vehicle 0
823.0 265.0 836.0 256.0 857.0 284.0 844.0 295.0 small-vehicle 0
1535.0 480.0 1525.0 462.0 1567.0 438.0 1578.0 457.0 ship 0
1439.0 417.0 1462.0 401.0 1524.0 486.0 1501.0 504.0 ship 0
1483.0 515.0 1470.0 527.0 1438.0 486.0 1453.0 475.0 ship 0
1380.0 501.0 1396.0 490.0 1428.0 532.0 1413.0 545.0 ship 0
1331.0 591.0 1343.0 603.0 1307.0 632.0 1297.0 619.0 ship 0
1223.0 674.0 1231.0 685.0 1195.0 712.0 1186.0 700.0 ship 0
1060.0 805.0 1050.0 793.0 1086.0 768.0 1096.0 779.0 ship 0
662.0 539.0 670.0 552.0 628.0 581.0 619.0 565.0 ship 0
611.0 492.0 621.0 502.0 587.0 533.0 577.0 520.0 ship 0
609.0 418.0 616.0 434.0 575.0 454.0 568.0 438.0 ship 0
503.0 351.0 510.0 365.0 479.0 380.0 473.0 366.0 ship 0
494.0 288.0 500.0 308.0 451.0 324.0 444.0 305.0 ship 0
51.0 500.0 63.0 491.0 81.0 521.0 70.0 529.0 small-vehicle 0
101.0 630.0 86.0 639.0 62.0 606.0 77.0 594.0 small-vehicle 0
144.0 696.0 131.0 704.0 106.0 669.0 119.0 659.0 small-vehicle 0
173.0 735.0 159.0 745.0 140.0 716.0 153.0 706.0 small-vehicle 0
135.0 944.0 147.0 934.0 169.0 963.0 157.0 973.0 small-vehicle 0
541.0 853.0 526.0 864.0 507.0 832.0 521.0 823.0 small-vehicle 0
605.0 940.0 592.0 951.0 566.0 916.0 580.0 905.0 small-vehicle 0
653.0 1014.0 641.0 1022.0 622.0 995.0 636.0 986.0 small-vehicle 0
1577.0 143.0 1563.0 152.0 1543.0 122.0 1558.0 113.0 small-vehicle 0
115.0 20.0 133.0 49.0 55.0 100.0 36.0 72.0 harbor 0
