imagesource:GoogleEarth
gsd:0.266578848023
1530.0 1284.0 1535.0 1276.0 1550.0 1287.0 1545.0 1294.0 small-vehicle 1
756.0 72.0 764.0 77.0 755.0 94.0 747.0 90.0 small-vehicle 1
733.0 95.0 740.0 100.0 731.0 118.0 724.0 114.0 small-vehicle 1
741.0 101.0 749.0 106.0 740.0 123.0 732.0 120.0 small-vehicle 1
757.0 100.0 762.0 106.0 754.0 123.0 748.0 119.0 small-vehicle 1
801.0 97.0 807.0 100.0 799.0 118.0 793.0 115.0 small-vehicle 1
786.0 106.0 778.0 102.0 784.0 84.0 792.0 87.0 small-vehicle 1
764.0 97.0 758.0 94.0 766.0 76.0 773.0 80.0 small-vehicle 1
746.0 88.0 739.0 84.0 745.0 67.0 754.0 71.0 small-vehicle 1
718.0 85.0 725.0 88.0 716.0 109.0 707.0 104.0 small-vehicle 1
738.0 83.0 730.0 79.0 738.0 60.0 746.0 66.0 small-vehicle 1
731.0 79.0 720.0 74.0 731.0 56.0 738.0 60.0 small-vehicle 1
722.0 72.0 712.0 67.0 720.0 50.0 729.0 54.0 small-vehicle 1
712.0 68.0 703.0 63.0 711.0 46.0 719.0 51.0 small-vehicle 1
702.0 64.0 695.0 59.0 703.0 42.0 710.0 46.0 small-vehicle 1
677.0 91.0 667.0 86.0 676.0 69.0 683.0 73.0 small-vehicle 1
725.0 91.0 734.0 95.0 725.0 113.0 717.0 109.0 small-vehicle 1
706.0 106.0 697.0 101.0 705.0 84.0 712.0 87.0 small-vehicle 1
685.0 54.0 675.0 49.0 686.0 30.0 693.0 34.0 small-vehicle 1
785.0 39.0 790.0 30.0 805.0 39.0 800.0 47.0 small-vehicle 1
896.0 40.0 888.0 36.0 894.0 19.0 902.0 22.0 small-vehicle 1
878.0 9.0 875.0 18.0 859.0 10.0 863.0 4.0 small-vehicle 1
873.0 18.0 869.0 23.0 854.0 16.0 858.0 10.0 small-vehicle 1
869.0 27.0 866.0 33.0 849.0 27.0 853.0 19.0 small-vehicle 1
865.0 36.0 862.0 43.0 847.0 36.0 849.0 30.0 small-vehicle 1
791.0 30.0 795.0 20.0 811.0 28.0 807.0 36.0 small-vehicle 1
782.0 47.0 785.0 39.0 799.0 47.0 796.0 53.0 small-vehicle 1
697.0 78.0 705.0 83.0 694.0 100.0 688.0 94.0 small-vehicle 1
777.0 55.0 779.0 47.0 797.0 57.0 791.0 64.0 small-vehicle 1
781.0 38.0 778.0 45.0 762.0 35.0 765.0 28.0 small-vehicle 1
787.0 31.0 782.0 37.0 765.0 28.0 769.0 22.0 small-vehicle 1
791.0 20.0 787.0 27.0 770.0 19.0 774.0 13.0 small-vehicle 1
794.0 12.0 791.0 19.0 774.0 11.0 777.0 5.0 small-vehicle 1
687.0 74.0 695.0 79.0 687.0 96.0 679.0 91.0 small-vehicle 1
694.0 58.0 688.0 54.0 696.0 36.0 701.0 40.0 small-vehicle 1
550.0 292.0 541.0 289.0 550.0 268.0 557.0 272.0 small-vehicle 1
1538.0 1292.0 1534.0 1299.0 1516.0 1288.0 1519.0 1280.0 small-vehicle 1
223.0 1010.0 240.0 1018.0 226.0 1050.0 209.0 1043.0 swimming-pool 0
819.0 249.0 857.0 269.0 816.0 349.0 779.0 329.0 tennis-court 0
879.0 279.0 918.0 299.0 878.0 379.0 839.0 359.0 tennis-court 0
941.0 310.0 978.0 329.0 939.0 409.0 900.0 390.0 tennis-court 0
1002.0 339.0 1040.0 360.0 999.0 440.0 962.0 420.0 tennis-court 0
125.0 1240.0 142.0 1247.0 130.0 1282.0 113.0 1275.0 swimming-pool 0
5.0 1112.0 14.0 1091.0 56.0 1108.0 45.0 1131.0 swimming-pool 0
204.0 702.0 210.0 686.0 254.0 704.0 247.0 720.0 swimming-pool 0
697.0 189.0 735.0 208.0 695.0 290.0 657.0 269.0 tennis-court 0
231.0 672.0 244.0 643.0 292.0 664.0 278.0 694.0 swimming-pool 0
282.0 533.0 283.0 491.0 306.0 490.0 305.0 534.0 swimming-pool 0
543.0 66.0 560.0 76.0 540.0 115.0 521.0 104.0 swimming-pool 0
231.0 614.0 248.0 577.0 330.0 613.0 314.0 652.0 tennis-court 0
346.0 362.0 362.0 369.0 345.0 405.0 328.0 398.0 swimming-pool 0
349.0 491.0 388.0 508.0 353.0 591.0 313.0 573.0 tennis-court 0
757.0 219.0 795.0 238.0 756.0 319.0 718.0 299.0 tennis-court 0
638.0 351.0 781.0 422.0 716.0 567.0 565.0 498.0 baseball-diamond 0
562.0 268.0 553.0 262.0 562.0 245.0 571.0 249.0 small-vehicle 1
346.0 15.0 343.0 22.0 328.0 12.0 331.0 5.0 small-vehicle 1
580.0 229.0 573.0 226.0 581.0 210.0 586.0 213.0 small-vehicle 1
591.0 211.0 582.0 207.0 590.0 190.0 596.0 195.0 small-vehicle 1
606.0 177.0 598.0 172.0 604.0 158.0 613.0 163.0 small-vehicle 1
614.0 162.0 605.0 156.0 616.0 140.0 624.0 146.0 small-vehicle 1
369.0 11.0 375.0 15.0 368.0 32.0 360.0 27.0 small-vehicle 1
342.0 23.0 339.0 29.0 324.0 21.0 327.0 14.0 small-vehicle 1
338.0 77.0 330.0 80.0 324.0 64.0 328.0 62.0 small-vehicle 1
394.0 825.0 466.0 690.0 600.0 762.0 528.0 905.0 baseball-diamond 0
20.0 605.0 28.0 609.0 19.0 627.0 11.0 624.0 small-vehicle 1
184.0 174.0 194.0 177.0 186.0 195.0 176.0 191.0 small-vehicle 1
68.0 437.0 78.0 443.0 68.0 463.0 58.0 459.0 small-vehicle 1
716.0 988.0 856.0 696.0 1469.0 1008.0 1341.0 1298.0 ground-track-field 0
1110.0 735.0 1148.0 658.0 1255.0 711.0 1217.0 787.0 swimming-pool 0
698.0 936.0 602.0 890.0 653.0 795.0 747.0 845.0 tennis-court 0
875.0 82.0 868.0 79.0 875.0 59.0 882.0 64.0 small-vehicle 1
861.0 44.0 857.0 52.0 844.0 44.0 845.0 37.0 small-vehicle 1
858.0 51.0 854.0 60.0 841.0 53.0 843.0 45.0 small-vehicle 1
978.0 1317.0 970.0 1311.0 981.0 1298.0 988.0 1303.0 small-vehicle 1
400.0 1284.0 395.0 1293.0 377.0 1285.0 382.0 1275.0 small-vehicle 1
515.0 996.0 518.0 988.0 542.0 999.0 538.0 1007.0 small-vehicle 1
434.0 1173.0 427.0 1180.0 414.0 1167.0 422.0 1160.0 small-vehicle 1
537.0 1096.0 528.0 1097.0 524.0 1074.0 535.0 1073.0 small-vehicle 1
618.0 1153.0 608.0 1152.0 610.0 1129.0 618.0 1130.0 small-vehicle 1
775.0 1301.0 768.0 1296.0 778.0 1277.0 785.0 1283.0 small-vehicle 1
991.0 1327.0 982.0 1322.0 989.0 1305.0 997.0 1308.0 small-vehicle 1
296.0 897.0 299.0 888.0 316.0 896.0 313.0 904.0 small-vehicle 1
1045.0 1236.0 1048.0 1227.0 1066.0 1235.0 1062.0 1244.0 small-vehicle 1
1063.0 1245.0 1066.0 1237.0 1084.0 1245.0 1079.0 1252.0 small-vehicle 1
1079.0 1252.0 1082.0 1245.0 1098.0 1250.0 1095.0 1258.0 small-vehicle 1
1096.0 1258.0 1101.0 1249.0 1116.0 1259.0 1112.0 1266.0 small-vehicle 1
1116.0 1268.0 1120.0 1258.0 1139.0 1268.0 1136.0 1276.0 small-vehicle 1
1147.0 1283.0 1150.0 1274.0 1167.0 1284.0 1164.0 1291.0 small-vehicle 1
341.0 916.0 345.0 908.0 365.0 918.0 360.0 925.0 small-vehicle 1
296.0 926.0 292.0 935.0 273.0 925.0 277.0 917.0 small-vehicle 1
851.0 62.0 848.0 70.0 833.0 62.0 836.0 54.0 small-vehicle 1
75.0 827.0 72.0 835.0 55.0 830.0 58.0 821.0 small-vehicle 1
511.0 366.0 504.0 363.0 512.0 345.0 519.0 348.0 small-vehicle 1
814.0 18.0 811.0 25.0 795.0 18.0 799.0 11.0 small-vehicle 1
877.0 991.0 958.0 823.0 1330.0 1010.0 1246.0 1173.0 soccer-ball-field 0
358.0 1222.0 366.0 1225.0 361.0 1242.0 352.0 1238.0 small-vehicle 1
11.0 1278.0 18.0 1259.0 54.0 1269.0 48.0 1290.0 swimming-pool 0
189.0 430.0 198.0 434.0 192.0 453.0 183.0 450.0 small-vehicle 1
98.0 837.0 95.0 846.0 77.0 835.0 80.0 829.0 small-vehicle 1
268.0 915.0 264.0 923.0 248.0 916.0 250.0 907.0 small-vehicle 1
100.0 806.0 103.0 797.0 123.0 807.0 120.0 814.0 small-vehicle 1
120.0 816.0 127.0 807.0 143.0 816.0 137.0 824.0 small-vehicle 1
116.0 846.0 113.0 853.0 96.0 846.0 100.0 836.0 small-vehicle 1
141.0 857.0 137.0 865.0 118.0 855.0 122.0 850.0 small-vehicle 1
146.0 829.0 150.0 821.0 168.0 829.0 163.0 836.0 small-vehicle 1
204.0 884.0 199.0 893.0 182.0 884.0 186.0 876.0 small-vehicle 1
1065.0 1278.0 1061.0 1285.0 1045.0 1277.0 1048.0 1270.0 small-vehicle 1
1422.0 1286.0 1415.0 1281.0 1427.0 1265.0 1433.0 1269.0 small-vehicle 1
1435.0 1267.0 1429.0 1262.0 1440.0 1246.0 1444.0 1252.0 small-vehicle 1
1525.0 495.0 1534.0 501.0 1526.0 517.0 1517.0 513.0 small-vehicle 1
1523.0 567.0 1516.0 563.0 1524.0 544.0 1531.0 548.0 small-vehicle 1
1504.0 559.0 1496.0 554.0 1504.0 536.0 1513.0 540.0 small-vehicle 1
1496.0 555.0 1486.0 551.0 1496.0 529.0 1503.0 534.0 small-vehicle 1
1486.0 550.0 1478.0 546.0 1487.0 525.0 1494.0 528.0 small-vehicle 1
1478.0 544.0 1469.0 540.0 1478.0 521.0 1485.0 525.0 small-vehicle 1
1468.0 540.0 1461.0 536.0 1471.0 516.0 1478.0 521.0 small-vehicle 1
1535.0 500.0 1543.0 504.0 1534.0 521.0 1528.0 518.0 small-vehicle 1
1448.0 1249.0 1442.0 1245.0 1450.0 1233.0 1454.0 1237.0 small-vehicle 1
1591.0 549.0 1582.0 545.0 1589.0 527.0 1599.0 530.0 small-vehicle 1
1573.0 518.0 1582.0 522.0 1573.0 540.0 1564.0 535.0 small-vehicle 1
1562.0 514.0 1571.0 518.0 1562.0 534.0 1555.0 531.0 small-vehicle 1
1553.0 510.0 1561.0 512.0 1554.0 530.0 1545.0 526.0 small-vehicle 1
1544.0 504.0 1552.0 509.0 1545.0 523.0 1538.0 520.0 small-vehicle 1
876.0 201.0 873.0 209.0 858.0 199.0 862.0 193.0 small-vehicle 1
1550.0 580.0 1543.0 576.0 1552.0 559.0 1558.0 564.0 small-vehicle 1
1560.0 716.0 1564.0 708.0 1582.0 717.0 1576.0 724.0 small-vehicle 1
1555.0 728.0 1558.0 719.0 1575.0 726.0 1571.0 735.0 small-vehicle 1
1566.0 708.0 1569.0 700.0 1585.0 709.0 1583.0 716.0 small-vehicle 1
1568.0 698.0 1573.0 690.0 1589.0 699.0 1585.0 707.0 small-vehicle 1
1577.0 691.0 1580.0 681.0 1597.0 690.0 1592.0 700.0 small-vehicle 1
1598.0 1012.0 1590.0 1009.0 1595.0 994.0 1602.0 996.0 small-vehicle 1
1586.0 1030.0 1577.0 1026.0 1587.0 1011.0 1596.0 1015.0 small-vehicle 1
1578.0 1048.0 1570.0 1043.0 1578.0 1027.0 1586.0 1031.0 small-vehicle 1
1566.0 1071.0 1557.0 1067.0 1568.0 1048.0 1575.0 1051.0 small-vehicle 1
1556.0 1088.0 1547.0 1084.0 1556.0 1068.0 1563.0 1072.0 small-vehicle 1
1540.0 1113.0 1533.0 1108.0 1542.0 1093.0 1548.0 1098.0 small-vehicle 1
1527.0 1135.0 1519.0 1130.0 1530.0 1114.0 1536.0 1120.0 small-vehicle 1
1515.0 1154.0 1509.0 1148.0 1515.0 1134.0 1523.0 1140.0 small-vehicle 1
1502.0 1173.0 1495.0 1168.0 1503.0 1153.0 1510.0 1159.0 small-vehicle 1
1486.0 1195.0 1481.0 1190.0 1492.0 1173.0 1497.0 1178.0 small-vehicle 1
1474.0 1215.0 1466.0 1209.0 1479.0 1192.0 1485.0 1198.0 small-vehicle 1
496.0 148.0 535.0 166.0 498.0 247.0 459.0 230.0 tennis-court 0
