imagesource:GoogleEarth
gsd:0.129800994103
1102.0 521.0 1087.0 534.0 1061.0 506.0 1079.0 493.0 small-vehicle 1
401.0 597.0 390.0 609.0 345.0 577.0 355.0 564.0 large-vehicle 0
442.0 688.0 457.0 667.0 524.0 711.0 511.0 733.0 large-vehicle 0
550.0 690.0 535.0 712.0 465.0 664.0 480.0 643.0 large-vehicle 0
562.0 666.0 550.0 688.0 479.0 643.0 493.0 620.0 large-vehicle 0
572.0 636.0 560.0 654.0 487.0 610.0 499.0 590.0 large-vehicle 0
577.0 610.0 566.0 629.0 515.0 597.0 526.0 578.0 large-vehicle 0
467.0 564.0 479.0 546.0 522.0 573.0 511.0 591.0 large-vehicle 0
532.0 547.0 518.0 566.0 446.0 522.0 461.0 500.0 large-vehicle 0
446.0 483.0 461.0 464.0 526.0 507.0 514.0 526.0 large-vehicle 0
544.0 479.0 530.0 499.0 462.0 453.0 476.0 432.0 large-vehicle 0
621.0 542.0 608.0 563.0 536.0 518.0 552.0 495.0 large-vehicle 0
593.0 590.0 582.0 608.0 530.0 574.0 542.0 558.0 large-vehicle 0
670.0 495.0 656.0 513.0 585.0 463.0 599.0 443.0 large-vehicle 0
675.0 541.0 657.0 561.0 606.0 517.0 623.0 498.0 large-vehicle 0
562.0 476.0 576.0 457.0 618.0 488.0 605.0 506.0 large-vehicle 0
508.0 398.0 522.0 377.0 589.0 419.0 577.0 440.0 large-vehicle 0
474.0 643.0 460.0 662.0 392.0 617.0 404.0 598.0 large-vehicle 0
343.0 551.0 354.0 532.0 402.0 562.0 389.0 580.0 large-vehicle 0
687.0 660.0 705.0 642.0 743.0 678.0 726.0 697.0 large-vehicle 0
417.0 393.0 430.0 373.0 477.0 400.0 463.0 423.0 large-vehicle 0
348.0 235.0 337.0 251.0 276.0 211.0 286.0 195.0 large-vehicle 0
306.0 273.0 297.0 289.0 251.0 263.0 261.0 246.0 large-vehicle 0
306.0 304.0 294.0 322.0 230.0 280.0 243.0 263.0 large-vehicle 0
286.0 320.0 274.0 337.0 208.0 297.0 220.0 279.0 large-vehicle 0
253.0 368.0 244.0 388.0 177.0 353.0 187.0 334.0 large-vehicle 0
239.0 408.0 224.0 426.0 160.0 380.0 173.0 363.0 large-vehicle 0
220.0 427.0 212.0 440.0 176.0 421.0 184.0 408.0 large-vehicle 0
214.0 446.0 206.0 466.0 136.0 434.0 144.0 415.0 large-vehicle 0
99.0 447.0 111.0 429.0 186.0 469.0 173.0 488.0 large-vehicle 0
160.0 516.0 146.0 534.0 78.0 494.0 91.0 475.0 large-vehicle 0
76.0 521.0 90.0 505.0 162.0 547.0 148.0 565.0 large-vehicle 0
316.0 673.0 328.0 654.0 401.0 696.0 388.0 714.0 large-vehicle 0
416.0 736.0 428.0 719.0 499.0 764.0 488.0 780.0 large-vehicle 0
368.0 433.0 383.0 412.0 449.0 456.0 435.0 477.0 large-vehicle 0
394.0 407.0 407.0 389.0 453.0 419.0 441.0 438.0 large-vehicle 0
733.0 613.0 750.0 596.0 809.0 647.0 794.0 667.0 large-vehicle 0
714.0 562.0 730.0 544.0 777.0 583.0 763.0 601.0 large-vehicle 0
724.0 914.0 739.0 892.0 780.0 919.0 765.0 941.0 large-vehicle 0
59.0 247.0 46.0 260.0 17.0 233.0 26.0 222.0 small-vehicle 0
144.0 481.0 130.0 497.0 90.0 467.0 102.0 452.0 small-vehicle 0
428.0 508.0 416.0 525.0 353.0 489.0 366.0 470.0 small-vehicle 0
503.0 382.0 493.0 403.0 408.0 354.0 422.0 334.0 large-vehicle 0
593.0 771.0 610.0 753.0 663.0 796.0 645.0 813.0 large-vehicle 0
970.0 938.0 971.0 956.0 929.0 962.0 926.0 944.0 small-vehicle 0
829.0 826.0 845.0 812.0 878.0 854.0 861.0 868.0 large-vehicle 0
846.0 811.0 866.0 796.0 900.0 837.0 879.0 853.0 large-vehicle 0
862.0 792.0 880.0 773.0 918.0 816.0 896.0 834.0 large-vehicle 0
880.0 778.0 899.0 762.0 935.0 800.0 917.0 817.0 large-vehicle 0
901.0 766.0 917.0 751.0 949.0 782.0 936.0 798.0 large-vehicle 0
913.0 746.0 929.0 730.0 965.0 762.0 949.0 780.0 large-vehicle 0
818.0 851.0 832.0 837.0 863.0 872.0 845.0 886.0 large-vehicle 0
791.0 866.0 814.0 848.0 847.0 889.0 824.0 907.0 large-vehicle 0
827.0 901.0 807.0 924.0 763.0 881.0 783.0 858.0 large-vehicle 0
749.0 896.0 767.0 882.0 809.0 922.0 787.0 937.0 large-vehicle 0
97.0 277.0 87.0 288.0 55.0 262.0 64.0 250.0 small-vehicle 0
70.0 223.0 62.0 236.0 26.0 215.0 37.0 201.0 small-vehicle 0
714.0 633.0 730.0 616.0 788.0 668.0 772.0 687.0 large-vehicle 0
110.0 245.0 103.0 262.0 66.0 241.0 76.0 225.0 small-vehicle 0
648.0 702.0 661.0 687.0 721.0 736.0 706.0 753.0 large-vehicle 0
613.0 739.0 630.0 724.0 685.0 778.0 669.0 794.0 large-vehicle 0
863.0 693.0 882.0 707.0 841.0 762.0 819.0 747.0 large-vehicle 0
147.0 111.0 138.0 127.0 99.0 105.0 109.0 90.0 small-vehicle 0
189.0 138.0 178.0 154.0 140.0 131.0 149.0 115.0 small-vehicle 0
169.0 152.0 160.0 167.0 125.0 147.0 134.0 130.0 small-vehicle 0
132.0 128.0 123.0 144.0 85.0 125.0 96.0 108.0 small-vehicle 0
120.0 149.0 113.0 166.0 73.0 146.0 81.0 131.0 small-vehicle 0
157.0 173.0 148.0 188.0 114.0 167.0 122.0 152.0 small-vehicle 0
147.0 190.0 138.0 206.0 102.0 185.0 110.0 171.0 small-vehicle 0
107.0 169.0 99.0 182.0 64.0 162.0 72.0 148.0 small-vehicle 0
140.0 208.0 131.0 225.0 94.0 206.0 103.0 189.0 small-vehicle 0
98.0 189.0 89.0 204.0 54.0 183.0 60.0 168.0 small-vehicle 0
86.0 206.0 76.0 222.0 41.0 201.0 49.0 185.0 small-vehicle 0
126.0 231.0 119.0 245.0 84.0 224.0 91.0 209.0 small-vehicle 0
366.0 220.0 355.0 236.0 312.0 210.0 323.0 192.0 large-vehicle 0
