imagesource:GoogleEarth
gsd:0.134422935374
1112.0 1043.0 1101.0 1056.0 1074.0 1031.0 1087.0 1017.0 small-vehicle 1
830.0 423.0 843.0 438.0 817.0 460.0 806.0 446.0 small-vehicle 0
961.0 1003.0 974.0 989.0 1004.0 1019.0 990.0 1034.0 small-vehicle 0
975.0 986.0 989.0 972.0 1018.0 1002.0 1005.0 1016.0 small-vehicle 0
1020.0 641.0 1029.0 655.0 1004.0 677.0 994.0 664.0 small-vehicle 0
981.0 650.0 968.0 636.0 992.0 612.0 1003.0 625.0 small-vehicle 0
876.0 535.0 865.0 521.0 894.0 496.0 904.0 510.0 small-vehicle 0
839.0 492.0 827.0 478.0 854.0 455.0 865.0 469.0 small-vehicle 0
688.0 313.0 678.0 301.0 701.0 277.0 712.0 289.0 small-vehicle 0
714.0 342.0 702.0 327.0 728.0 304.0 740.0 317.0 small-vehicle 0
781.0 411.0 769.0 397.0 796.0 373.0 807.0 386.0 small-vehicle 0
904.0 562.0 894.0 548.0 918.0 524.0 930.0 538.0 small-vehicle 0
944.0 600.0 934.0 587.0 958.0 562.0 968.0 574.0 small-vehicle 0
917.0 576.0 905.0 561.0 932.0 537.0 944.0 550.0 small-vehicle 0
818.0 402.0 831.0 415.0 804.0 443.0 792.0 429.0 small-vehicle 0
1083.0 1071.0 1074.0 1082.0 1046.0 1063.0 1056.0 1049.0 small-vehicle 1
724.0 360.0 711.0 346.0 742.0 319.0 754.0 333.0 small-vehicle 0
662.0 284.0 651.0 269.0 679.0 245.0 691.0 259.0 small-vehicle 0
635.0 259.0 624.0 245.0 651.0 222.0 662.0 234.0 small-vehicle 0
638.0 208.0 648.0 223.0 622.0 245.0 611.0 231.0 small-vehicle 0
214.0 105.0 223.0 121.0 191.0 140.0 181.0 126.0 small-vehicle 0
277.0 544.0 488.0 777.0 222.0 987.0 23.0 754.0 baseball-diamond 0
1010.0 802.0 1067.0 865.0 935.0 983.0 876.0 922.0 tennis-court 0
921.0 704.0 977.0 767.0 846.0 886.0 788.0 823.0 tennis-court 0
834.0 605.0 890.0 669.0 757.0 785.0 700.0 725.0 tennis-court 0
745.0 507.0 802.0 570.0 669.0 690.0 610.0 627.0 tennis-court 0
658.0 407.0 713.0 472.0 581.0 589.0 525.0 528.0 tennis-court 0
569.0 309.0 627.0 373.0 494.0 492.0 435.0 430.0 tennis-court 0
931.0 1026.0 941.0 1014.0 969.0 1044.0 959.0 1055.0 small-vehicle 0
913.0 1037.0 925.0 1027.0 948.0 1054.0 937.0 1064.0 small-vehicle 0
1062.0 1045.0 1072.0 1034.0 1101.0 1060.0 1091.0 1071.0 small-vehicle 0
1021.0 947.0 1033.0 938.0 1054.0 966.0 1044.0 974.0 small-vehicle 0
933.0 1070.0 921.0 1079.0 897.0 1054.0 909.0 1042.0 small-vehicle 1
947.0 1014.0 959.0 1003.0 983.0 1033.0 972.0 1042.0 small-vehicle 1
1005.0 958.0 1016.0 947.0 1041.0 972.0 1031.0 983.0 small-vehicle 1
1096.0 882.0 1104.0 872.0 1129.0 896.0 1121.0 906.0 small-vehicle 1
1078.0 896.0 1088.0 884.0 1111.0 909.0 1101.0 921.0 small-vehicle 1
1050.0 922.0 1061.0 911.0 1082.0 936.0 1075.0 947.0 small-vehicle 1
1086.0 763.0 1071.0 748.0 1097.0 724.0 1111.0 737.0 small-vehicle 1
1069.0 749.0 1057.0 737.0 1087.0 711.0 1097.0 722.0 small-vehicle 1
1047.0 720.0 1034.0 706.0 1061.0 679.0 1074.0 694.0 small-vehicle 1
1000.0 660.0 986.0 647.0 1010.0 623.0 1024.0 637.0 small-vehicle 1
973.0 629.0 958.0 615.0 985.0 591.0 999.0 605.0 small-vehicle 1
962.0 615.0 949.0 598.0 972.0 579.0 984.0 594.0 small-vehicle 1
892.0 549.0 879.0 534.0 904.0 512.0 916.0 525.0 small-vehicle 1
867.0 519.0 855.0 506.0 878.0 482.0 890.0 495.0 small-vehicle 1
855.0 504.0 841.0 491.0 865.0 468.0 877.0 484.0 small-vehicle 1
842.0 440.0 854.0 455.0 825.0 479.0 814.0 464.0 small-vehicle 1
790.0 430.0 776.0 418.0 800.0 396.0 813.0 408.0 small-vehicle 1
770.0 396.0 757.0 382.0 780.0 360.0 792.0 372.0 small-vehicle 1
751.0 383.0 739.0 369.0 764.0 345.0 776.0 358.0 small-vehicle 1
704.0 325.0 691.0 312.0 719.0 285.0 732.0 298.0 small-vehicle 1
677.0 299.0 663.0 285.0 690.0 261.0 703.0 272.0 small-vehicle 1
626.0 193.0 639.0 209.0 613.0 231.0 601.0 216.0 small-vehicle 1
1063.0 907.0 1073.0 897.0 1098.0 924.0 1087.0 932.0 small-vehicle 0
1125.0 1029.0 1115.0 1041.0 1090.0 1016.0 1100.0 1003.0 small-vehicle 0
1034.0 932.0 1045.0 923.0 1071.0 954.0 1060.0 963.0 small-vehicle 0
484.0 212.0 539.0 277.0 406.0 392.0 350.0 331.0 tennis-court 0
