imagesource:GoogleEarth
gsd:0.125241336251
1001.0 544.0 982.0 542.0 985.0 506.0 1004.0 509.0 small-vehicle 1
723.0 510.0 706.0 507.0 709.0 471.0 726.0 473.0 small-vehicle 1
1178.0 551.0 1161.0 552.0 1162.0 517.0 1180.0 518.0 small-vehicle 1
1155.0 549.0 1137.0 548.0 1141.0 511.0 1159.0 513.0 small-vehicle 1
1113.0 548.0 1094.0 547.0 1097.0 505.0 1117.0 507.0 small-vehicle 1
1008.0 393.0 1026.0 396.0 1020.0 440.0 1002.0 436.0 small-vehicle 0
1088.0 550.0 1071.0 547.0 1075.0 505.0 1092.0 508.0 small-vehicle 0
1067.0 547.0 1050.0 543.0 1053.0 507.0 1071.0 508.0 small-vehicle 0
1155.0 146.0 1246.0 155.0 1230.0 345.0 1138.0 339.0 tennis-court 0
1007.0 131.0 1100.0 141.0 1082.0 334.0 991.0 322.0 tennis-court 0
863.0 120.0 952.0 129.0 937.0 320.0 844.0 312.0 tennis-court 0
717.0 107.0 805.0 115.0 791.0 306.0 701.0 299.0 tennis-court 0
571.0 93.0 662.0 100.0 645.0 291.0 555.0 286.0 tennis-court 0
427.0 79.0 518.0 87.0 501.0 279.0 409.0 272.0 tennis-court 0
275.0 67.0 367.0 75.0 349.0 267.0 256.0 258.0 tennis-court 0
