imagesource:GoogleEarth
gsd:0.128367659217
1171.0 47.0 1154.0 52.0 1145.0 20.0 1162.0 14.0 small-vehicle 1
118.0 552.0 134.0 552.0 132.0 591.0 117.0 590.0 small-vehicle 0
300.0 261.0 389.0 266.0 379.0 452.0 292.0 447.0 tennis-court 0
441.0 267.0 531.0 272.0 523.0 458.0 433.0 454.0 tennis-court 0
584.0 274.0 674.0 277.0 665.0 464.0 577.0 463.0 tennis-court 0
733.0 421.0 821.0 425.0 812.0 613.0 722.0 606.0 tennis-court 0
872.0 427.0 962.0 432.0 954.0 618.0 865.0 616.0 tennis-court 0
76.0 202.0 77.0 188.0 110.0 189.0 110.0 204.0 small-vehicle 0
117.0 219.0 117.0 238.0 78.0 236.0 78.0 218.0 small-vehicle 0
70.0 282.0 71.0 265.0 109.0 268.0 108.0 285.0 small-vehicle 0
108.0 295.0 107.0 309.0 76.0 307.0 76.0 293.0 small-vehicle 0
116.0 316.0 115.0 335.0 69.0 332.0 69.0 314.0 small-vehicle 0
72.0 355.0 72.0 339.0 110.0 339.0 109.0 355.0 small-vehicle 0
108.0 386.0 108.0 403.0 69.0 402.0 70.0 385.0 small-vehicle 0
61.0 478.0 60.0 460.0 98.0 459.0 99.0 476.0 small-vehicle 0
72.0 554.0 86.0 553.0 86.0 590.0 73.0 591.0 small-vehicle 0
196.0 781.0 178.0 793.0 151.0 754.0 167.0 740.0 small-vehicle 1
241.0 657.0 241.0 673.0 203.0 673.0 202.0 657.0 small-vehicle 0
240.0 679.0 240.0 696.0 202.0 694.0 202.0 678.0 small-vehicle 0
238.0 702.0 238.0 719.0 200.0 717.0 200.0 702.0 small-vehicle 0
17.0 828.0 10.0 814.0 44.0 795.0 51.0 809.0 small-vehicle 0
8.0 804.0 2.0 790.0 34.0 772.0 40.0 785.0 small-vehicle 0
220.0 75.0 219.0 89.0 182.0 83.0 184.0 70.0 small-vehicle 0
174.0 67.0 173.0 83.0 138.0 79.0 140.0 64.0 small-vehicle 0
279.0 80.0 277.0 96.0 239.0 90.0 242.0 75.0 small-vehicle 0
131.0 24.0 126.0 41.0 86.0 30.0 92.0 14.0 small-vehicle 1
110.0 241.0 108.0 261.0 75.0 261.0 75.0 243.0 small-vehicle 1
109.0 359.0 108.0 377.0 68.0 380.0 67.0 364.0 small-vehicle 1
48.0 551.0 65.0 551.0 64.0 589.0 46.0 588.0 small-vehicle 1
143.0 553.0 159.0 553.0 158.0 589.0 141.0 589.0 small-vehicle 1
158.0 254.0 247.0 258.0 238.0 446.0 149.0 443.0 tennis-court 0
