imagesource:GoogleEarth
gsd:0.288673347119
372.0 2113.0 391.0 2101.0 415.0 2143.0 397.0 2154.0 ship 0
508.0 721.0 498.0 726.0 483.0 699.0 495.0 694.0 ship 0
597.0 676.0 587.0 681.0 571.0 650.0 581.0 644.0 ship 0
625.0 660.0 614.0 665.0 599.0 634.0 609.0 629.0 ship 0
653.0 643.0 641.0 648.0 625.0 618.0 637.0 613.0 ship 0
714.0 614.0 701.0 620.0 684.0 587.0 698.0 581.0 ship 0
727.0 602.0 717.0 607.0 700.0 578.0 712.0 574.0 ship 0
714.0 567.0 726.0 561.0 749.0 600.0 739.0 606.0 ship 0
722.0 620.0 733.0 615.0 748.0 644.0 738.0 649.0 ship 0
709.0 628.0 719.0 623.0 733.0 649.0 723.0 655.0 ship 0
696.0 640.0 707.0 634.0 729.0 672.0 718.0 679.0 ship 0
677.0 645.0 689.0 639.0 710.0 680.0 699.0 685.0 ship 0
663.0 654.0 675.0 649.0 691.0 678.0 679.0 684.0 ship 0
650.0 659.0 661.0 656.0 675.0 683.0 663.0 687.0 ship 0
620.0 675.0 633.0 669.0 650.0 703.0 638.0 708.0 ship 0
548.0 715.0 558.0 710.0 572.0 739.0 562.0 744.0 ship 0
560.0 746.0 549.0 751.0 534.0 722.0 545.0 716.0 ship 0
518.0 729.0 529.0 724.0 546.0 757.0 534.0 762.0 ship 0
490.0 748.0 500.0 743.0 514.0 769.0 504.0 774.0 ship 0
458.0 761.0 470.0 755.0 485.0 785.0 474.0 791.0 ship 0
444.0 770.0 456.0 765.0 472.0 798.0 460.0 804.0 ship 0
430.0 780.0 442.0 774.0 458.0 806.0 446.0 812.0 ship 0
413.0 784.0 430.0 820.0 443.0 813.0 426.0 778.0 ship 0
384.0 800.0 396.0 795.0 414.0 830.0 401.0 836.0 ship 0
369.0 810.0 379.0 805.0 393.0 833.0 384.0 837.0 ship 0
340.0 826.0 352.0 821.0 369.0 852.0 357.0 858.0 ship 0
322.0 833.0 335.0 827.0 354.0 861.0 340.0 867.0 ship 0
503.0 675.0 519.0 668.0 537.0 705.0 523.0 713.0 ship 0
494.0 730.0 483.0 736.0 466.0 703.0 479.0 698.0 ship 0
251.0 872.0 261.0 868.0 274.0 892.0 265.0 897.0 ship 0
436.0 762.0 423.0 769.0 405.0 737.0 418.0 731.0 ship 0
490.0 568.0 501.0 562.0 517.0 593.0 506.0 598.0 ship 0
477.0 578.0 488.0 573.0 503.0 603.0 493.0 609.0 ship 0
443.0 593.0 459.0 586.0 475.0 621.0 461.0 629.0 ship 0
430.0 601.0 442.0 595.0 458.0 628.0 447.0 634.0 ship 0
415.0 609.0 425.0 604.0 440.0 633.0 429.0 638.0 ship 0
399.0 619.0 412.0 612.0 427.0 644.0 416.0 649.0 ship 0
385.0 627.0 395.0 622.0 409.0 648.0 399.0 653.0 ship 0
395.0 658.0 383.0 664.0 369.0 635.0 380.0 630.0 ship 0
339.0 650.0 350.0 645.0 363.0 671.0 353.0 676.0 ship 0
304.0 667.0 316.0 662.0 333.0 694.0 320.0 700.0 ship 0
288.0 675.0 299.0 670.0 313.0 697.0 301.0 703.0 ship 0
273.0 682.0 285.0 676.0 298.0 704.0 288.0 709.0 ship 0
259.0 689.0 270.0 685.0 286.0 712.0 273.0 718.0 ship 0
245.0 696.0 254.0 691.0 267.0 715.0 256.0 721.0 ship 0
231.0 705.0 242.0 700.0 256.0 728.0 244.0 734.0 ship 0
214.0 708.0 231.0 708.0 233.0 748.0 216.0 749.0 ship 0
240.0 862.0 232.0 866.0 219.0 839.0 227.0 836.0 ship 0
256.0 857.0 245.0 863.0 230.0 836.0 242.0 830.0 ship 0
270.0 848.0 259.0 853.0 244.0 825.0 254.0 820.0 ship 0
282.0 842.0 274.0 846.0 260.0 820.0 268.0 815.0 ship 0
300.0 832.0 290.0 837.0 275.0 809.0 285.0 803.0 ship 0
313.0 828.0 303.0 833.0 289.0 802.0 298.0 799.0 ship 0
332.0 819.0 316.0 827.0 295.0 789.0 310.0 781.0 ship 0
360.0 804.0 347.0 809.0 329.0 777.0 343.0 771.0 ship 0
391.0 788.0 379.0 793.0 358.0 757.0 372.0 751.0 ship 0
266.0 863.0 276.0 858.0 291.0 887.0 280.0 891.0 ship 0
237.0 878.0 247.0 873.0 262.0 898.0 251.0 904.0 ship 0
522.0 551.0 532.0 546.0 547.0 578.0 536.0 583.0 ship 0
664.0 777.0 675.0 772.0 692.0 802.0 680.0 809.0 ship 0
726.0 789.0 715.0 794.0 698.0 760.0 708.0 755.0 ship 0
745.0 785.0 734.0 790.0 715.0 752.0 727.0 747.0 ship 0
680.0 820.0 698.0 812.0 719.0 852.0 700.0 861.0 ship 0
668.0 830.0 682.0 824.0 699.0 859.0 687.0 864.0 ship 0
651.0 839.0 665.0 832.0 683.0 868.0 669.0 874.0 ship 0
636.0 849.0 649.0 843.0 666.0 877.0 654.0 883.0 ship 0
604.0 863.0 615.0 858.0 633.0 891.0 621.0 897.0 ship 0
587.0 873.0 599.0 868.0 614.0 899.0 602.0 904.0 ship 0
599.0 909.0 586.0 915.0 568.0 882.0 582.0 875.0 ship 0
552.0 892.0 566.0 885.0 583.0 916.0 566.0 922.0 ship 0
568.0 929.0 555.0 935.0 538.0 901.0 551.0 895.0 ship 0
524.0 909.0 534.0 904.0 549.0 933.0 538.0 939.0 ship 0
489.0 927.0 500.0 922.0 520.0 957.0 509.0 964.0 ship 0
500.0 963.0 490.0 969.0 474.0 941.0 486.0 935.0 ship 0
454.0 945.0 464.0 939.0 483.0 973.0 473.0 978.0 ship 0
438.0 955.0 449.0 949.0 465.0 979.0 455.0 984.0 ship 0
421.0 962.0 431.0 957.0 449.0 990.0 439.0 995.0 ship 0
401.0 972.0 415.0 965.0 433.0 998.0 419.0 1006.0 ship 0
387.0 979.0 397.0 974.0 415.0 1008.0 404.0 1014.0 ship 0
371.0 988.0 381.0 984.0 399.0 1018.0 388.0 1024.0 ship 0
353.0 997.0 364.0 991.0 383.0 1027.0 371.0 1033.0 ship 0
335.0 1006.0 347.0 1001.0 365.0 1036.0 352.0 1042.0 ship 0
318.0 1015.0 330.0 1009.0 347.0 1043.0 334.0 1049.0 ship 0
284.0 1032.0 296.0 1027.0 311.0 1059.0 300.0 1065.0 ship 0
254.0 1047.0 267.0 1040.0 286.0 1076.0 273.0 1083.0 ship 0
680.0 768.0 691.0 763.0 710.0 797.0 699.0 803.0 ship 0
676.0 816.0 665.0 820.0 648.0 787.0 659.0 782.0 ship 0
223.0 883.0 233.0 879.0 246.0 904.0 236.0 909.0 ship 0
661.0 823.0 650.0 828.0 633.0 796.0 643.0 791.0 ship 0
211.0 888.0 228.0 889.0 226.0 933.0 210.0 933.0 ship 0
194.0 904.0 203.0 905.0 203.0 925.0 193.0 925.0 ship 0
199.0 1018.0 215.0 1012.0 232.0 1048.0 218.0 1056.0 ship 0
249.0 1041.0 239.0 1046.0 222.0 1017.0 234.0 1011.0 ship 0
275.0 1025.0 265.0 1029.0 252.0 1005.0 264.0 1000.0 ship 0
293.0 1017.0 280.0 1024.0 264.0 994.0 278.0 988.0 ship 0
325.0 1000.0 313.0 1005.0 296.0 973.0 309.0 967.0 ship 0
338.0 992.0 328.0 996.0 314.0 969.0 325.0 965.0 ship 0
358.0 977.0 345.0 983.0 331.0 956.0 343.0 950.0 ship 0
392.0 965.0 381.0 971.0 364.0 938.0 374.0 933.0 ship 0
408.0 955.0 397.0 959.0 382.0 930.0 393.0 926.0 ship 0
428.0 948.0 416.0 954.0 397.0 922.0 411.0 916.0 ship 0
444.0 939.0 433.0 944.0 414.0 909.0 426.0 904.0 ship 0
462.0 929.0 450.0 935.0 430.0 902.0 442.0 896.0 ship 0
479.0 919.0 467.0 924.0 449.0 893.0 461.0 886.0 ship 0
495.0 913.0 484.0 918.0 467.0 884.0 476.0 879.0 ship 0
511.0 903.0 499.0 910.0 479.0 875.0 492.0 869.0 ship 0
527.0 896.0 514.0 903.0 493.0 868.0 508.0 861.0 ship 0
547.0 884.0 533.0 891.0 513.0 853.0 526.0 846.0 ship 0
562.0 875.0 549.0 882.0 531.0 849.0 544.0 843.0 ship 0
578.0 869.0 565.0 876.0 547.0 842.0 560.0 836.0 ship 0
594.0 860.0 581.0 866.0 565.0 835.0 579.0 828.0 ship 0
611.0 850.0 598.0 856.0 580.0 820.0 592.0 815.0 ship 0
627.0 840.0 613.0 847.0 596.0 815.0 610.0 808.0 ship 0
643.0 830.0 631.0 836.0 614.0 806.0 627.0 799.0 ship 0
505.0 562.0 518.0 556.0 533.0 585.0 520.0 591.0 ship 0
534.0 543.0 548.0 537.0 565.0 570.0 549.0 577.0 ship 0
208.0 1680.0 217.0 1671.0 238.0 1704.0 227.0 1712.0 ship 0
267.0 342.0 281.0 336.0 297.0 365.0 284.0 371.0 ship 0
300.0 323.0 318.0 356.0 330.0 350.0 312.0 318.0 ship 0
330.0 309.0 341.0 304.0 357.0 335.0 345.0 340.0 ship 0
343.0 302.0 354.0 296.0 374.0 327.0 360.0 333.0 ship 0
366.0 298.0 376.0 294.0 389.0 319.0 380.0 323.0 ship 0
378.0 289.0 388.0 285.0 403.0 311.0 392.0 316.0 ship 0
391.0 279.0 401.0 274.0 416.0 302.0 405.0 306.0 ship 0
430.0 298.0 420.0 303.0 403.0 274.0 415.0 267.0 ship 0
431.0 254.0 447.0 247.0 464.0 278.0 448.0 284.0 ship 0
465.0 236.0 476.0 230.0 494.0 263.0 483.0 268.0 ship 0
476.0 230.0 488.0 225.0 505.0 257.0 493.0 262.0 ship 0
255.0 506.0 242.0 512.0 229.0 484.0 242.0 479.0 ship 0
268.0 500.0 257.0 506.0 243.0 477.0 254.0 472.0 ship 0
283.0 492.0 272.0 497.0 259.0 469.0 269.0 465.0 ship 0
327.0 471.0 316.0 476.0 301.0 450.0 311.0 443.0 ship 0
339.0 461.0 330.0 465.0 316.0 440.0 326.0 436.0 ship 0
345.0 424.0 359.0 419.0 369.0 448.0 358.0 453.0 ship 0
396.0 433.0 385.0 440.0 368.0 407.0 380.0 402.0 ship 0
407.0 425.0 397.0 431.0 384.0 404.0 394.0 399.0 ship 0
437.0 410.0 427.0 415.0 411.0 386.0 424.0 382.0 ship 0
451.0 400.0 441.0 406.0 424.0 379.0 437.0 374.0 ship 0
494.0 379.0 482.0 385.0 465.0 356.0 478.0 351.0 ship 0
513.0 358.0 504.0 361.0 495.0 342.0 506.0 338.0 ship 0
552.0 352.0 540.0 358.0 523.0 329.0 535.0 324.0 ship 0
562.0 345.0 553.0 350.0 536.0 322.0 547.0 317.0 ship 0
579.0 338.0 566.0 346.0 547.0 316.0 561.0 309.0 ship 0
283.0 334.0 296.0 328.0 310.0 358.0 298.0 364.0 ship 0
243.0 355.0 255.0 349.0 268.0 378.0 257.0 383.0 ship 0
555.0 360.0 567.0 355.0 583.0 385.0 572.0 391.0 ship 0
499.0 209.0 490.0 212.0 478.0 189.0 488.0 185.0 ship 0
310.0 168.0 320.0 163.0 335.0 190.0 325.0 195.0 ship 0
295.0 176.0 306.0 172.0 320.0 197.0 308.0 203.0 ship 0
281.0 183.0 292.0 177.0 307.0 206.0 296.0 211.0 ship 0
290.0 210.0 281.0 214.0 269.0 192.0 278.0 187.0 ship 0
253.0 196.0 265.0 191.0 278.0 219.0 265.0 226.0 ship 0
234.0 210.0 248.0 210.0 248.0 236.0 234.0 236.0 ship 0
312.0 147.0 316.0 159.0 291.0 167.0 287.0 155.0 ship 0
288.0 160.0 292.0 171.0 271.0 179.0 268.0 167.0 ship 0
269.0 175.0 259.0 179.0 248.0 154.0 260.0 150.0 ship 0
229.0 231.0 217.0 230.0 217.0 206.0 231.0 207.0 ship 0
474.0 221.0 461.0 228.0 445.0 203.0 457.0 196.0 ship 0
457.0 230.0 446.0 235.0 432.0 211.0 442.0 205.0 ship 0
442.0 237.0 430.0 243.0 416.0 218.0 428.0 212.0 ship 0
427.0 246.0 416.0 252.0 400.0 225.0 412.0 220.0 ship 0
411.0 254.0 400.0 259.0 385.0 234.0 398.0 228.0 ship 0
395.0 262.0 385.0 266.0 371.0 242.0 382.0 237.0 ship 0
381.0 270.0 369.0 274.0 356.0 248.0 367.0 243.0 ship 0
366.0 277.0 354.0 282.0 340.0 253.0 352.0 249.0 ship 0
322.0 261.0 336.0 256.0 351.0 285.0 336.0 293.0 ship 0
335.0 295.0 323.0 301.0 310.0 271.0 322.0 267.0 ship 0
321.0 302.0 311.0 307.0 297.0 283.0 308.0 277.0 ship 0
307.0 310.0 295.0 316.0 281.0 286.0 293.0 282.0 ship 0
290.0 317.0 277.0 323.0 265.0 298.0 278.0 292.0 ship 0
276.0 325.0 261.0 331.0 246.0 301.0 261.0 295.0 ship 0
245.0 341.0 234.0 340.0 233.0 309.0 245.0 310.0 ship 0
572.0 353.0 583.0 348.0 600.0 377.0 587.0 383.0 ship 0
531.0 375.0 543.0 369.0 558.0 400.0 545.0 406.0 ship 0
550.0 535.0 559.0 530.0 578.0 562.0 569.0 567.0 ship 0
373.0 620.0 362.0 625.0 346.0 593.0 357.0 588.0 ship 0
401.0 598.0 391.0 603.0 378.0 577.0 389.0 573.0 ship 0
421.0 592.0 409.0 598.0 393.0 568.0 406.0 562.0 ship 0
435.0 583.0 425.0 589.0 408.0 559.0 419.0 555.0 ship 0
452.0 577.0 439.0 583.0 422.0 552.0 436.0 546.0 ship 0
465.0 566.0 453.0 572.0 437.0 542.0 449.0 537.0 ship 0
475.0 556.0 465.0 561.0 454.0 540.0 466.0 534.0 ship 0
498.0 553.0 485.0 558.0 469.0 528.0 481.0 522.0 ship 0
513.0 546.0 500.0 552.0 483.0 520.0 496.0 514.0 ship 0
527.0 536.0 517.0 541.0 501.0 511.0 513.0 506.0 ship 0
542.0 528.0 532.0 533.0 514.0 503.0 526.0 498.0 ship 0
558.0 520.0 548.0 525.0 531.0 495.0 542.0 490.0 ship 0
572.0 511.0 561.0 516.0 544.0 487.0 556.0 481.0 ship 0
587.0 504.0 576.0 508.0 558.0 480.0 570.0 474.0 ship 0
601.0 495.0 591.0 500.0 575.0 471.0 586.0 467.0 ship 0
620.0 489.0 608.0 495.0 590.0 462.0 602.0 457.0 ship 0
636.0 481.0 622.0 487.0 606.0 456.0 620.0 450.0 ship 0
649.0 473.0 639.0 477.0 623.0 446.0 633.0 442.0 ship 0
681.0 457.0 670.0 463.0 652.0 430.0 665.0 424.0 ship 0
675.0 469.0 685.0 464.0 701.0 495.0 691.0 501.0 ship 0
656.0 478.0 668.0 474.0 683.0 502.0 672.0 507.0 ship 0
642.0 486.0 655.0 481.0 671.0 512.0 658.0 518.0 ship 0
611.0 501.0 622.0 496.0 640.0 527.0 629.0 534.0 ship 0
594.0 511.0 608.0 504.0 625.0 535.0 611.0 541.0 ship 0
581.0 519.0 591.0 514.0 608.0 545.0 597.0 551.0 ship 0
565.0 527.0 576.0 521.0 594.0 551.0 583.0 557.0 ship 0
386.0 607.0 376.0 611.0 364.0 588.0 374.0 583.0 ship 0
359.0 626.0 348.0 632.0 329.0 601.0 340.0 596.0 ship 0
517.0 381.0 527.0 377.0 542.0 408.0 533.0 412.0 ship 0
342.0 634.0 330.0 640.0 314.0 612.0 327.0 606.0 ship 0
502.0 388.0 514.0 384.0 530.0 414.0 519.0 419.0 ship 0
513.0 421.0 503.0 426.0 489.0 399.0 499.0 395.0 ship 0
475.0 402.0 486.0 398.0 501.0 429.0 490.0 434.0 ship 0
460.0 409.0 471.0 405.0 485.0 437.0 475.0 441.0 ship 0
445.0 418.0 456.0 413.0 473.0 445.0 462.0 450.0 ship 0
419.0 433.0 429.0 427.0 447.0 459.0 436.0 466.0 ship 0
406.0 443.0 417.0 438.0 432.0 467.0 421.0 471.0 ship 0
348.0 473.0 360.0 466.0 377.0 497.0 365.0 503.0 ship 0
334.0 478.0 345.0 471.0 361.0 501.0 350.0 507.0 ship 0
319.0 485.0 332.0 479.0 349.0 514.0 336.0 520.0 ship 0
306.0 493.0 319.0 486.0 334.0 516.0 323.0 523.0 ship 0
319.0 525.0 308.0 531.0 291.0 502.0 303.0 496.0 ship 0
276.0 508.0 289.0 502.0 305.0 532.0 291.0 538.0 ship 0
264.0 514.0 274.0 510.0 288.0 539.0 276.0 544.0 ship 0
251.0 523.0 261.0 518.0 275.0 544.0 265.0 548.0 ship 0
239.0 530.0 248.0 525.0 261.0 553.0 251.0 558.0 ship 0
236.0 576.0 224.0 575.0 226.0 529.0 237.0 530.0 ship 0
216.0 570.0 207.0 570.0 206.0 544.0 216.0 544.0 ship 0
213.0 368.0 224.0 369.0 223.0 394.0 213.0 394.0 ship 0
201.0 624.0 213.0 626.0 211.0 653.0 199.0 653.0 ship 0
198.0 716.0 210.0 717.0 208.0 745.0 196.0 745.0 ship 0
259.0 673.0 249.0 678.0 240.0 656.0 249.0 653.0 ship 0
295.0 661.0 284.0 667.0 267.0 635.0 281.0 630.0 ship 0
307.0 652.0 297.0 657.0 285.0 632.0 295.0 627.0 ship 0
326.0 642.0 315.0 648.0 299.0 619.0 311.0 614.0 ship 0
227.0 1061.0 240.0 1056.0 253.0 1082.0 240.0 1088.0 ship 0
216.0 1070.0 227.0 1065.0 241.0 1092.0 229.0 1098.0 ship 0
202.0 1069.0 218.0 1069.0 222.0 1107.0 203.0 1107.0 ship 0
162.0 1605.0 177.0 1605.0 176.0 1636.0 162.0 1635.0 ship 0
160.0 1705.0 171.0 1705.0 170.0 1733.0 158.0 1733.0 ship 0
178.0 1681.0 195.0 1681.0 196.0 1733.0 177.0 1734.0 ship 0
184.0 1647.0 194.0 1649.0 192.0 1675.0 183.0 1674.0 ship 0
186.0 1634.0 199.0 1629.0 213.0 1660.0 200.0 1666.0 ship 0
200.0 1917.0 190.0 1921.0 173.0 1894.0 184.0 1888.0 ship 0
180.0 1870.0 194.0 1864.0 216.0 1908.0 200.0 1914.0 ship 0
234.0 1898.0 219.0 1905.0 201.0 1867.0 214.0 1861.0 ship 0
270.0 1879.0 256.0 1885.0 234.0 1843.0 248.0 1837.0 ship 0
288.0 1868.0 274.0 1875.0 254.0 1833.0 267.0 1827.0 ship 0
307.0 1859.0 294.0 1865.0 274.0 1830.0 288.0 1823.0 ship 0
292.0 1819.0 306.0 1811.0 325.0 1845.0 310.0 1853.0 ship 0
342.0 1842.0 330.0 1848.0 307.0 1805.0 319.0 1798.0 ship 0
378.0 1822.0 364.0 1829.0 342.0 1785.0 356.0 1777.0 ship 0
416.0 1799.0 399.0 1807.0 378.0 1764.0 393.0 1759.0 ship 0
434.0 1790.0 419.0 1798.0 398.0 1755.0 411.0 1748.0 ship 0
455.0 1782.0 438.0 1791.0 412.0 1747.0 432.0 1739.0 ship 0
453.0 1729.0 468.0 1721.0 492.0 1766.0 475.0 1775.0 ship 0
508.0 1750.0 493.0 1758.0 470.0 1716.0 486.0 1708.0 ship 0
491.0 1711.0 504.0 1705.0 525.0 1747.0 514.0 1753.0 ship 0
544.0 1736.0 529.0 1744.0 504.0 1700.0 519.0 1691.0 ship 0
562.0 1723.0 546.0 1731.0 524.0 1689.0 539.0 1681.0 ship 0
581.0 1712.0 565.0 1722.0 540.0 1681.0 558.0 1670.0 ship 0
600.0 1705.0 586.0 1711.0 562.0 1669.0 576.0 1662.0 ship 0
614.0 1695.0 602.0 1700.0 578.0 1659.0 592.0 1651.0 ship 0
632.0 1677.0 618.0 1684.0 596.0 1649.0 610.0 1641.0 ship 0
161.0 1647.0 174.0 1647.0 172.0 1674.0 161.0 1673.0 ship 0
734.0 1386.0 717.0 1386.0 717.0 1347.0 734.0 1347.0 ship 0
275.0 1967.0 253.0 1977.0 224.0 1918.0 245.0 1909.0 ship 0
660.0 1445.0 673.0 1438.0 692.0 1474.0 681.0 1481.0 ship 0
525.0 1499.0 512.0 1504.0 492.0 1461.0 504.0 1457.0 ship 0
542.0 1490.0 528.0 1498.0 505.0 1454.0 522.0 1448.0 ship 0
560.0 1480.0 544.0 1487.0 522.0 1446.0 539.0 1439.0 ship 0
575.0 1472.0 564.0 1478.0 542.0 1437.0 553.0 1432.0 ship 0
597.0 1463.0 582.0 1471.0 559.0 1427.0 573.0 1420.0 ship 0
615.0 1452.0 601.0 1460.0 575.0 1418.0 590.0 1408.0 ship 0
589.0 1408.0 608.0 1400.0 629.0 1442.0 613.0 1448.0 ship 0
647.0 1433.0 630.0 1440.0 609.0 1401.0 625.0 1392.0 ship 0
224.0 1669.0 235.0 1663.0 254.0 1699.0 242.0 1706.0 ship 0
277.0 1700.0 261.0 1708.0 236.0 1661.0 250.0 1653.0 ship 0
252.0 1652.0 267.0 1645.0 294.0 1689.0 276.0 1697.0 ship 0
324.0 1673.0 309.0 1679.0 284.0 1637.0 300.0 1629.0 ship 0
303.0 1633.0 318.0 1625.0 339.0 1665.0 325.0 1672.0 ship 0
335.0 1610.0 352.0 1601.0 376.0 1646.0 357.0 1655.0 ship 0
421.0 1615.0 411.0 1621.0 395.0 1591.0 405.0 1586.0 ship 0
406.0 1586.0 417.0 1581.0 432.0 1611.0 421.0 1616.0 ship 0
410.0 1570.0 425.0 1563.0 447.0 1612.0 435.0 1618.0 ship 0
427.0 1563.0 441.0 1556.0 462.0 1599.0 448.0 1605.0 ship 0
448.0 1560.0 463.0 1553.0 484.0 1594.0 468.0 1602.0 ship 0
464.0 1548.0 478.0 1541.0 496.0 1577.0 483.0 1584.0 ship 0
479.0 1535.0 493.0 1527.0 516.0 1571.0 502.0 1578.0 ship 0
500.0 1525.0 512.0 1519.0 533.0 1559.0 520.0 1567.0 ship 0
568.0 1490.0 583.0 1482.0 606.0 1525.0 590.0 1532.0 ship 0
620.0 1462.0 636.0 1455.0 664.0 1507.0 648.0 1517.0 ship 0
638.0 1449.0 656.0 1441.0 684.0 1497.0 665.0 1507.0 ship 0
614.0 1637.0 631.0 1629.0 655.0 1675.0 640.0 1683.0 ship 0
246.0 1905.0 259.0 1899.0 285.0 1948.0 271.0 1955.0 ship 0
651.0 1009.0 640.0 1015.0 621.0 980.0 633.0 975.0 ship 0
573.0 1992.0 561.0 1999.0 534.0 1949.0 547.0 1942.0 ship 0
617.0 1973.0 598.0 1983.0 576.0 1944.0 595.0 1934.0 ship 0
581.0 2003.0 601.0 1993.0 635.0 2053.0 612.0 2065.0 ship 0
427.0 2083.0 444.0 2075.0 469.0 2124.0 451.0 2133.0 ship 0
619.0 1926.0 638.0 1918.0 689.0 2001.0 672.0 2012.0 ship 0
195.0 1106.0 172.0 1105.0 174.0 1075.0 197.0 1076.0 ship 0
187.0 1290.0 178.0 1290.0 178.0 1266.0 190.0 1266.0 ship 0
347.0 2131.0 376.0 2117.0 394.0 2154.0 368.0 2168.0 ship 0
90.0 554.0 90.0 562.0 72.0 561.0 72.0 553.0 small-vehicle 1
91.0 564.0 91.0 571.0 74.0 569.0 75.0 563.0 small-vehicle 1
92.0 575.0 92.0 583.0 69.0 580.0 70.0 572.0 small-vehicle 1
91.0 584.0 91.0 592.0 75.0 590.0 75.0 584.0 small-vehicle 1
91.0 603.0 92.0 611.0 75.0 609.0 77.0 601.0 small-vehicle 1
89.0 611.0 89.0 622.0 72.0 620.0 73.0 611.0 small-vehicle 1
49.0 1742.0 48.0 1751.0 25.0 1749.0 26.0 1740.0 small-vehicle 1
47.0 1752.0 46.0 1759.0 30.0 1758.0 30.0 1751.0 small-vehicle 1
46.0 1760.0 47.0 1769.0 28.0 1769.0 28.0 1760.0 small-vehicle 1
44.0 1771.0 43.0 1779.0 26.0 1777.0 27.0 1770.0 small-vehicle 1
42.0 1780.0 41.0 1788.0 22.0 1787.0 22.0 1780.0 small-vehicle 1
46.0 1790.0 46.0 1798.0 27.0 1797.0 28.0 1788.0 small-vehicle 1
44.0 1799.0 44.0 1808.0 27.0 1807.0 28.0 1798.0 small-vehicle 1
44.0 1815.0 43.0 1823.0 27.0 1821.0 27.0 1814.0 small-vehicle 1
43.0 1826.0 42.0 1834.0 25.0 1833.0 26.0 1826.0 small-vehicle 1
43.0 1837.0 42.0 1845.0 24.0 1844.0 24.0 1836.0 small-vehicle 1
43.0 1845.0 43.0 1852.0 22.0 1853.0 22.0 1845.0 small-vehicle 1
43.0 1853.0 43.0 1862.0 21.0 1864.0 20.0 1854.0 small-vehicle 1
548.0 1941.0 567.0 1933.0 595.0 1980.0 575.0 1990.0 ship 0
552.0 1995.0 539.0 2001.0 515.0 1962.0 532.0 1954.0 ship 0
265.0 1896.0 279.0 1889.0 305.0 1938.0 291.0 1945.0 ship 0
537.0 2011.0 521.0 2018.0 496.0 1973.0 513.0 1965.0 ship 0
284.0 1893.0 297.0 1886.0 317.0 1925.0 303.0 1933.0 ship 0
343.0 1926.0 323.0 1935.0 298.0 1883.0 317.0 1873.0 ship 0
353.0 1904.0 336.0 1913.0 318.0 1873.0 334.0 1864.0 ship 0
391.0 1887.0 374.0 1897.0 351.0 1849.0 367.0 1841.0 ship 0
422.0 1869.0 398.0 1881.0 374.0 1837.0 400.0 1826.0 ship 0
407.0 1822.0 424.0 1813.0 449.0 1861.0 430.0 1871.0 ship 0
430.0 1817.0 445.0 1810.0 466.0 1847.0 449.0 1855.0 ship 0
503.0 1831.0 487.0 1839.0 460.0 1793.0 477.0 1784.0 ship 0
485.0 1793.0 498.0 1786.0 517.0 1818.0 505.0 1826.0 ship 0
498.0 1773.0 516.0 1764.0 542.0 1813.0 523.0 1823.0 ship 0
538.0 1759.0 554.0 1751.0 576.0 1791.0 558.0 1800.0 ship 0
550.0 1743.0 566.0 1734.0 595.0 1784.0 579.0 1793.0 ship 0
582.0 1734.0 591.0 1729.0 602.0 1755.0 592.0 1759.0 ship 0
617.0 1784.0 608.0 1787.0 594.0 1764.0 604.0 1760.0 ship 0
636.0 1774.0 622.0 1782.0 592.0 1728.0 607.0 1721.0 ship 0
684.0 1728.0 669.0 1735.0 647.0 1695.0 664.0 1686.0 ship 0
710.0 1715.0 690.0 1725.0 668.0 1686.0 688.0 1676.0 ship 0
350.0 2111.0 332.0 2120.0 304.0 2065.0 321.0 2056.0 ship 0
286.0 2028.0 299.0 2021.0 316.0 2052.0 304.0 2059.0 ship 0
344.0 2057.0 363.0 2049.0 387.0 2095.0 367.0 2103.0 ship 0
417.0 2063.0 402.0 2071.0 383.0 2035.0 399.0 2027.0 ship 0
460.0 2052.0 441.0 2062.0 417.0 2016.0 436.0 2007.0 ship 0
479.0 2040.0 464.0 2047.0 443.0 2009.0 459.0 2001.0 ship 0
497.0 2031.0 484.0 2036.0 458.0 1990.0 471.0 1983.0 ship 0
515.0 2020.0 502.0 2027.0 480.0 1986.0 495.0 1979.0 ship 0
508.0 1509.0 495.0 1515.0 470.0 1470.0 484.0 1464.0 ship 0
491.0 1518.0 478.0 1524.0 454.0 1483.0 466.0 1476.0 ship 0
471.0 1529.0 461.0 1535.0 436.0 1492.0 448.0 1486.0 ship 0
240.0 1225.0 231.0 1230.0 217.0 1203.0 226.0 1199.0 ship 0
191.0 1204.0 178.0 1205.0 178.0 1178.0 192.0 1178.0 ship 0
195.0 1253.0 211.0 1253.0 211.0 1296.0 195.0 1297.0 ship 0
209.0 1254.0 219.0 1249.0 233.0 1276.0 222.0 1282.0 ship 0
223.0 1248.0 233.0 1242.0 250.0 1272.0 239.0 1278.0 ship 0
237.0 1239.0 246.0 1233.0 261.0 1264.0 251.0 1269.0 ship 0
249.0 1232.0 259.0 1225.0 280.0 1263.0 269.0 1270.0 ship 0
294.0 1208.0 306.0 1203.0 325.0 1238.0 315.0 1245.0 ship 0
312.0 1199.0 324.0 1194.0 343.0 1232.0 329.0 1237.0 ship 0
330.0 1192.0 341.0 1187.0 359.0 1220.0 348.0 1226.0 ship 0
344.0 1182.0 355.0 1177.0 374.0 1213.0 363.0 1219.0 ship 0
393.0 1205.0 380.0 1213.0 359.0 1176.0 372.0 1170.0 ship 0
374.0 1169.0 387.0 1162.0 408.0 1196.0 394.0 1204.0 ship 0
406.0 1152.0 418.0 1145.0 441.0 1180.0 428.0 1188.0 ship 0
418.0 1139.0 434.0 1131.0 459.0 1171.0 441.0 1181.0 ship 0
438.0 1133.0 452.0 1126.0 473.0 1163.0 459.0 1170.0 ship 0
487.0 1153.0 476.0 1160.0 455.0 1127.0 467.0 1120.0 ship 0
476.0 1122.0 487.0 1116.0 502.0 1142.0 491.0 1148.0 ship 0
486.0 1109.0 499.0 1101.0 522.0 1140.0 509.0 1147.0 ship 0
502.0 1098.0 514.0 1091.0 534.0 1130.0 522.0 1136.0 ship 0
515.0 1092.0 533.0 1083.0 554.0 1124.0 536.0 1133.0 ship 0
534.0 1083.0 545.0 1077.0 565.0 1111.0 552.0 1118.0 ship 0
552.0 1076.0 561.0 1071.0 579.0 1103.0 569.0 1108.0 ship 0
582.0 1058.0 592.0 1053.0 612.0 1089.0 603.0 1094.0 ship 0
594.0 1049.0 608.0 1043.0 627.0 1079.0 616.0 1085.0 ship 0
624.0 1034.0 640.0 1025.0 665.0 1073.0 649.0 1081.0 ship 0
226.0 1232.0 217.0 1237.0 201.0 1207.0 212.0 1202.0 ship 0
257.0 1216.0 246.0 1222.0 231.0 1196.0 242.0 1191.0 ship 0
454.0 1540.0 439.0 1544.0 417.0 1501.0 433.0 1495.0 ship 0
271.0 1209.0 259.0 1216.0 242.0 1187.0 254.0 1181.0 ship 0
604.0 1035.0 593.0 1041.0 574.0 1007.0 586.0 1001.0 ship 0
585.0 1042.0 577.0 1046.0 560.0 1017.0 570.0 1013.0 ship 0
573.0 1049.0 561.0 1055.0 543.0 1021.0 554.0 1016.0 ship 0
509.0 1082.0 499.0 1087.0 482.0 1056.0 492.0 1051.0 ship 0
462.0 1110.0 451.0 1115.0 433.0 1083.0 444.0 1077.0 ship 0
446.0 1118.0 434.0 1124.0 419.0 1092.0 431.0 1086.0 ship 0
427.0 1126.0 418.0 1131.0 403.0 1102.0 413.0 1098.0 ship 0
413.0 1133.0 401.0 1138.0 386.0 1109.0 397.0 1104.0 ship 0
397.0 1145.0 388.0 1149.0 370.0 1115.0 380.0 1110.0 ship 0
382.0 1149.0 372.0 1154.0 357.0 1125.0 368.0 1121.0 ship 0
351.0 1169.0 337.0 1175.0 320.0 1139.0 333.0 1133.0 ship 0
317.0 1185.0 305.0 1190.0 289.0 1155.0 300.0 1150.0 ship 0
321.0 119.0 355.0 180.0 256.0 234.0 219.0 170.0 harbor 0
479.0 182.0 513.0 251.0 257.0 385.0 221.0 318.0 harbor 0
570.0 304.0 606.0 373.0 243.0 561.0 210.0 488.0 harbor 0
674.0 419.0 711.0 491.0 270.0 723.0 232.0 650.0 harbor 0
722.0 568.0 765.0 653.0 254.0 915.0 213.0 832.0 harbor 0
715.0 752.0 759.0 837.0 247.0 1109.0 207.0 1025.0 harbor 0
690.0 945.0 735.0 1033.0 233.0 1297.0 182.0 1207.0 harbor 0
668.0 1150.0 720.0 1246.0 240.0 1493.0 198.0 1404.0 harbor 0
651.0 1378.0 707.0 1487.0 239.0 1722.0 192.0 1607.0 harbor 0
636.0 1625.0 702.0 1741.0 268.0 1963.0 212.0 1854.0 harbor 0
614.0 1906.0 681.0 2029.0 391.0 2184.0 329.0 2055.0 harbor 0
299.0 1193.0 290.0 1198.0 275.0 1171.0 285.0 1166.0 ship 0
285.0 1201.0 275.0 1206.0 261.0 1180.0 273.0 1176.0 ship 0
693.0 1049.0 678.0 1057.0 654.0 1017.0 669.0 1008.0 ship 0
690.0 999.0 702.0 993.0 722.0 1028.0 711.0 1035.0 ship 0
744.0 1014.0 729.0 1022.0 699.0 961.0 712.0 954.0 ship 0
189.0 1407.0 205.0 1399.0 221.0 1434.0 207.0 1440.0 ship 0
395.0 1358.0 408.0 1351.0 429.0 1389.0 417.0 1396.0 ship 0
374.0 1367.0 391.0 1359.0 413.0 1397.0 396.0 1405.0 ship 0
362.0 1374.0 374.0 1369.0 394.0 1411.0 382.0 1417.0 ship 0
345.0 1382.0 359.0 1375.0 378.0 1412.0 363.0 1419.0 ship 0
314.0 1397.0 325.0 1390.0 346.0 1432.0 334.0 1437.0 ship 0
294.0 1407.0 310.0 1399.0 331.0 1440.0 314.0 1448.0 ship 0
314.0 1450.0 298.0 1456.0 278.0 1417.0 292.0 1410.0 ship 0
281.0 1466.0 268.0 1474.0 246.0 1434.0 260.0 1427.0 ship 0
246.0 1476.0 235.0 1481.0 218.0 1449.0 228.0 1444.0 ship 0
226.0 1482.0 216.0 1486.0 203.0 1455.0 212.0 1451.0 ship 0
190.0 1461.0 202.0 1461.0 203.0 1521.0 189.0 1519.0 ship 0
720.0 1215.0 707.0 1222.0 673.0 1163.0 688.0 1155.0 ship 0
180.0 1534.0 170.0 1533.0 169.0 1506.0 179.0 1506.0 ship 0
177.0 1578.0 165.0 1577.0 167.0 1550.0 179.0 1551.0 ship 0
231.0 1654.0 217.0 1661.0 201.0 1627.0 215.0 1621.0 ship 0
247.0 1645.0 235.0 1651.0 216.0 1618.0 229.0 1612.0 ship 0
279.0 1630.0 267.0 1635.0 250.0 1601.0 261.0 1597.0 ship 0
295.0 1621.0 283.0 1627.0 267.0 1595.0 277.0 1589.0 ship 0
312.0 1612.0 299.0 1619.0 274.0 1575.0 288.0 1569.0 ship 0
329.0 1603.0 317.0 1609.0 294.0 1566.0 307.0 1560.0 ship 0
347.0 1593.0 334.0 1599.0 312.0 1559.0 324.0 1553.0 ship 0
363.0 1585.0 353.0 1591.0 328.0 1551.0 341.0 1546.0 ship 0
382.0 1575.0 368.0 1582.0 347.0 1539.0 362.0 1533.0 ship 0
420.0 1556.0 407.0 1561.0 384.0 1519.0 397.0 1513.0 ship 0
402.0 1511.0 413.0 1505.0 436.0 1549.0 423.0 1553.0 ship 0
412.0 1347.0 424.0 1340.0 444.0 1377.0 432.0 1384.0 ship 0
444.0 1330.0 458.0 1323.0 477.0 1362.0 464.0 1369.0 ship 0
462.0 1322.0 472.0 1317.0 495.0 1354.0 484.0 1360.0 ship 0
533.0 1270.0 522.0 1277.0 498.0 1242.0 514.0 1235.0 ship 0
233.0 1422.0 223.0 1427.0 210.0 1399.0 220.0 1394.0 ship 0
321.0 1383.0 309.0 1390.0 287.0 1352.0 301.0 1343.0 ship 0
336.0 1376.0 324.0 1382.0 307.0 1349.0 319.0 1342.0 ship 0
353.0 1367.0 342.0 1372.0 327.0 1341.0 338.0 1335.0 ship 0
369.0 1359.0 357.0 1364.0 338.0 1330.0 352.0 1323.0 ship 0
387.0 1349.0 375.0 1356.0 353.0 1320.0 369.0 1312.0 ship 0
420.0 1331.0 407.0 1337.0 389.0 1298.0 403.0 1292.0 ship 0
468.0 1305.0 454.0 1312.0 434.0 1271.0 448.0 1264.0 ship 0
486.0 1297.0 475.0 1304.0 453.0 1267.0 465.0 1260.0 ship 0
503.0 1288.0 489.0 1295.0 467.0 1260.0 483.0 1252.0 ship 0
518.0 1280.0 506.0 1286.0 484.0 1250.0 498.0 1242.0 ship 0
567.0 1252.0 556.0 1258.0 535.0 1223.0 547.0 1216.0 ship 0
480.0 1317.0 494.0 1312.0 512.0 1345.0 499.0 1352.0 ship 0
600.0 1235.0 587.0 1242.0 566.0 1206.0 577.0 1200.0 ship 0
615.0 1226.0 602.0 1232.0 581.0 1196.0 594.0 1189.0 ship 0
646.0 1163.0 661.0 1154.0 682.0 1193.0 665.0 1202.0 ship 0
668.0 1210.0 682.0 1202.0 702.0 1238.0 687.0 1245.0 ship 0
628.0 1243.0 643.0 1234.0 665.0 1268.0 648.0 1277.0 ship 0
591.0 1251.0 604.0 1244.0 623.0 1284.0 611.0 1290.0 ship 0
573.0 1260.0 586.0 1253.0 607.0 1291.0 595.0 1297.0 ship 0
595.0 1306.0 579.0 1314.0 559.0 1270.0 574.0 1262.0 ship 0
544.0 1278.0 555.0 1271.0 575.0 1310.0 562.0 1316.0 ship 0
525.0 1287.0 536.0 1281.0 558.0 1322.0 548.0 1329.0 ship 0
506.0 1296.0 521.0 1289.0 542.0 1330.0 527.0 1338.0 ship 0
322.0 159.0 334.0 155.0 346.0 182.0 335.0 188.0 ship 0
