imagesource:GoogleEarth
gsd:0.137746496847
908.0 2584.0 921.0 2591.0 910.0 2614.0 896.0 2605.0 ship 0
807.0 1632.0 782.0 1627.0 796.0 1550.0 820.0 1555.0 ship 0
1036.0 1357.0 1065.0 1363.0 1048.0 1440.0 1022.0 1434.0 ship 0
800.0 1285.0 772.0 1281.0 792.0 1186.0 819.0 1191.0 ship 0
843.0 1295.0 813.0 1288.0 834.0 1191.0 866.0 1198.0 ship 0
896.0 1292.0 865.0 1282.0 885.0 1203.0 914.0 1211.0 ship 0
982.0 1314.0 956.0 1309.0 972.0 1224.0 1000.0 1231.0 ship 0
939.0 1310.0 910.0 1303.0 927.0 1220.0 956.0 1227.0 ship 0
920.0 1322.0 951.0 1327.0 933.0 1421.0 903.0 1414.0 ship 0
881.0 1318.0 909.0 1323.0 892.0 1407.0 864.0 1400.0 ship 0
805.0 1303.0 836.0 1310.0 817.0 1407.0 784.0 1400.0 ship 0
765.0 1296.0 797.0 1303.0 779.0 1389.0 748.0 1382.0 ship 0
655.0 1273.0 679.0 1278.0 662.0 1367.0 638.0 1361.0 ship 0
733.0 1294.0 755.0 1298.0 742.0 1373.0 719.0 1368.0 ship 0
745.0 1174.0 773.0 1180.0 752.0 1269.0 725.0 1261.0 ship 0
703.0 1263.0 675.0 1256.0 690.0 1166.0 720.0 1173.0 ship 0
657.0 1254.0 627.0 1249.0 643.0 1159.0 673.0 1166.0 ship 0
615.0 1247.0 581.0 1240.0 598.0 1150.0 629.0 1156.0 ship 0
126.0 1064.0 146.0 1069.0 134.0 1126.0 114.0 1121.0 ship 0
162.0 1143.0 137.0 1138.0 151.0 1067.0 177.0 1075.0 ship 0
129.0 1191.0 154.0 1195.0 140.0 1265.0 116.0 1259.0 ship 0
161.0 1206.0 183.0 1210.0 174.0 1262.0 152.0 1256.0 ship 0
196.0 1190.0 225.0 1198.0 205.0 1290.0 177.0 1284.0 ship 0
616.0 1271.0 639.0 1276.0 626.0 1350.0 601.0 1344.0 ship 0
579.0 1262.0 607.0 1267.0 591.0 1354.0 562.0 1347.0 ship 0
274.0 1199.0 300.0 1204.0 283.0 1291.0 255.0 1285.0 ship 0
311.0 1215.0 335.0 1220.0 318.0 1307.0 291.0 1301.0 ship 0
350.0 1217.0 378.0 1222.0 360.0 1301.0 332.0 1294.0 ship 0
387.0 1223.0 415.0 1230.0 400.0 1312.0 370.0 1305.0 ship 0
1071.0 1357.0 1100.0 1362.0 1085.0 1441.0 1057.0 1436.0 ship 0
1112.0 1374.0 1133.0 1379.0 1119.0 1452.0 1098.0 1446.0 ship 0
1149.0 1388.0 1169.0 1391.0 1162.0 1454.0 1141.0 1451.0 ship 0
1046.0 1704.0 1071.0 1708.0 1059.0 1778.0 1034.0 1772.0 ship 0
806.0 1651.0 829.0 1654.0 811.0 1731.0 788.0 1724.0 ship 0
912.0 1565.0 940.0 1571.0 924.0 1655.0 896.0 1648.0 ship 0
885.0 1651.0 859.0 1646.0 870.0 1565.0 899.0 1570.0 ship 0
871.0 1664.0 898.0 1669.0 881.0 1750.0 855.0 1744.0 ship 0
964.0 1665.0 933.0 1658.0 946.0 1580.0 976.0 1588.0 ship 0
907.0 1669.0 932.0 1675.0 918.0 1750.0 893.0 1744.0 ship 0
940.0 1678.0 968.0 1685.0 947.0 1764.0 920.0 1756.0 ship 0
981.0 1690.0 1002.0 1695.0 986.0 1763.0 964.0 1758.0 ship 0
1003.0 1672.0 974.0 1666.0 987.0 1589.0 1017.0 1596.0 ship 0
1044.0 1680.0 1010.0 1673.0 1027.0 1586.0 1060.0 1595.0 ship 0
1080.0 1688.0 1049.0 1683.0 1064.0 1603.0 1094.0 1610.0 ship 0
1010.0 1694.0 1039.0 1700.0 1022.0 1772.0 994.0 1763.0 ship 0
1084.0 1709.0 1103.0 1713.0 1091.0 1774.0 1072.0 1768.0 ship 0
1174.0 1349.0 1148.0 1343.0 1161.0 1267.0 1187.0 1272.0 ship 0
1122.0 1688.0 1094.0 1682.0 1108.0 1615.0 1135.0 1622.0 ship 0
1161.0 1699.0 1131.0 1692.0 1147.0 1613.0 1176.0 1620.0 ship 0
1116.0 1714.0 1142.0 1720.0 1126.0 1790.0 1099.0 1784.0 ship 0
1151.0 1727.0 1175.0 1733.0 1163.0 1791.0 1137.0 1784.0 ship 0
1186.0 1613.0 1216.0 1620.0 1197.0 1710.0 1167.0 1703.0 ship 0
1225.0 1626.0 1256.0 1633.0 1238.0 1715.0 1209.0 1709.0 ship 0
1186.0 1736.0 1211.0 1743.0 1197.0 1807.0 1172.0 1800.0 ship 0
1221.0 1732.0 1245.0 1740.0 1228.0 1816.0 1204.0 1808.0 ship 0
1255.0 1738.0 1278.0 1744.0 1265.0 1818.0 1242.0 1813.0 ship 0
1276.0 1724.0 1247.0 1718.0 1266.0 1629.0 1294.0 1636.0 ship 0
1083.0 1331.0 1056.0 1324.0 1069.0 1248.0 1095.0 1254.0 ship 0
1111.0 1245.0 1142.0 1252.0 1121.0 1346.0 1093.0 1339.0 ship 0
422.0 1233.0 451.0 1239.0 438.0 1317.0 408.0 1311.0 ship 0
500.0 1251.0 526.0 1255.0 514.0 1337.0 488.0 1332.0 ship 0
520.0 1221.0 491.0 1216.0 509.0 1116.0 542.0 1124.0 ship 0
562.0 509.0 528.0 499.0 549.0 393.0 583.0 401.0 ship 0
1116.0 931.0 1140.0 937.0 1114.0 1034.0 1089.0 1026.0 ship 0
1071.0 878.0 1108.0 888.0 1076.0 1035.0 1035.0 1024.0 ship 0
1032.0 808.0 1062.0 812.0 1051.0 900.0 1020.0 893.0 ship 0
1113.0 613.0 1085.0 603.0 1106.0 515.0 1134.0 523.0 ship 0
1063.0 494.0 1095.0 501.0 1071.0 604.0 1041.0 595.0 ship 0
1022.0 593.0 991.0 586.0 1012.0 479.0 1043.0 487.0 ship 0
974.0 581.0 938.0 572.0 959.0 471.0 990.0 479.0 ship 0
812.0 454.0 836.0 459.0 824.0 532.0 799.0 526.0 ship 0
757.0 440.0 785.0 446.0 770.0 528.0 743.0 522.0 ship 0
713.0 530.0 681.0 520.0 703.0 420.0 737.0 428.0 ship 0
654.0 405.0 682.0 410.0 663.0 518.0 633.0 513.0 ship 0
613.0 507.0 580.0 500.0 603.0 400.0 633.0 408.0 ship 0
513.0 481.0 479.0 473.0 498.0 378.0 529.0 385.0 ship 0
997.0 906.0 962.0 899.0 984.0 797.0 1017.0 805.0 ship 0
445.0 362.0 481.0 370.0 460.0 478.0 424.0 472.0 ship 0
394.0 360.0 424.0 367.0 410.0 458.0 379.0 452.0 ship 0
346.0 358.0 372.0 363.0 354.0 448.0 330.0 441.0 ship 0
301.0 458.0 268.0 448.0 292.0 331.0 324.0 338.0 ship 0
150.0 371.0 165.0 367.0 176.0 402.0 163.0 406.0 ship 0
164.0 358.0 180.0 353.0 203.0 416.0 186.0 422.0 ship 0
1399.0 2720.0 1078.0 2717.0 845.0 2619.0 879.0 2515.0 harbor 1
1508.0 2315.0 1476.0 2491.0 779.0 2359.0 816.0 2182.0 harbor 0
1428.0 1998.0 1395.0 2163.0 270.0 1940.0 309.0 1772.0 harbor 0
1315.0 1642.0 1280.0 1822.0 155.0 1599.0 191.0 1424.0 harbor 0
1262.0 1272.0 1224.0 1475.0 70.0 1254.0 108.0 1052.0 harbor 0
1150.0 824.0 1096.0 1058.0 153.0 863.0 194.0 639.0 harbor 0
956.0 910.0 989.0 919.0 967.0 1030.0 931.0 1023.0 ship 0
936.0 765.0 968.0 772.0 941.0 888.0 909.0 880.0 ship 0
475.0 1222.0 442.0 1212.0 464.0 1114.0 496.0 1123.0 ship 0
572.0 819.0 538.0 812.0 559.0 714.0 592.0 721.0 ship 0
426.0 1211.0 397.0 1203.0 417.0 1115.0 443.0 1122.0 ship 0
381.0 1204.0 352.0 1198.0 367.0 1113.0 397.0 1119.0 ship 0
333.0 1192.0 306.0 1187.0 323.0 1097.0 353.0 1104.0 ship 0
292.0 1186.0 260.0 1178.0 281.0 1089.0 311.0 1097.0 ship 0
270.0 795.0 295.0 801.0 280.0 889.0 253.0 884.0 ship 0
370.0 779.0 336.0 773.0 356.0 661.0 391.0 668.0 ship 0
421.0 786.0 390.0 781.0 409.0 668.0 440.0 675.0 ship 0
334.0 794.0 364.0 800.0 350.0 900.0 317.0 893.0 ship 0
464.0 778.0 438.0 773.0 450.0 702.0 475.0 708.0 ship 0
381.0 804.0 410.0 809.0 391.0 911.0 362.0 905.0 ship 0
435.0 807.0 467.0 813.0 446.0 924.0 413.0 918.0 ship 0
487.0 824.0 519.0 830.0 499.0 935.0 466.0 927.0 ship 0
621.0 823.0 592.0 816.0 613.0 721.0 642.0 727.0 ship 0
885.0 878.0 851.0 871.0 869.0 770.0 904.0 776.0 ship 0
537.0 832.0 571.0 839.0 548.0 944.0 514.0 936.0 ship 0
601.0 943.0 572.0 939.0 588.0 850.0 619.0 855.0 ship 0
666.0 733.0 696.0 739.0 678.0 840.0 649.0 834.0 ship 0
727.0 852.0 699.0 846.0 718.0 732.0 748.0 739.0 ship 0
648.0 860.0 674.0 866.0 658.0 952.0 629.0 946.0 ship 0
698.0 875.0 730.0 883.0 711.0 969.0 677.0 960.0 ship 0
749.0 876.0 776.0 881.0 760.0 988.0 731.0 982.0 ship 0
792.0 849.0 765.0 844.0 779.0 758.0 806.0 764.0 ship 0
830.0 751.0 860.0 756.0 837.0 870.0 808.0 862.0 ship 0
812.0 991.0 780.0 984.0 800.0 883.0 830.0 888.0 ship 0
850.0 892.0 886.0 899.0 865.0 1010.0 826.0 1002.0 ship 0
901.0 913.0 935.0 919.0 918.0 1004.0 885.0 995.0 ship 0
768.0 1645.0 792.0 1649.0 778.0 1719.0 755.0 1713.0 ship 0
764.0 1627.0 736.0 1621.0 752.0 1537.0 782.0 1542.0 ship 0
408.0 1884.0 430.0 1891.0 411.0 1954.0 388.0 1948.0 ship 0
701.0 1629.0 725.0 1635.0 708.0 1715.0 682.0 1708.0 ship 0
1100.0 2340.0 1117.0 2345.0 1100.0 2420.0 1083.0 2414.0 ship 0
1062.0 2332.0 1088.0 2339.0 1071.0 2417.0 1044.0 2410.0 ship 0
991.0 2314.0 1017.0 2320.0 1003.0 2404.0 976.0 2398.0 ship 0
958.0 2310.0 982.0 2315.0 970.0 2386.0 946.0 2380.0 ship 0
926.0 2304.0 950.0 2309.0 935.0 2382.0 912.0 2377.0 ship 0
853.0 2291.0 880.0 2298.0 866.0 2371.0 839.0 2365.0 ship 0
712.0 2230.0 693.0 2227.0 699.0 2176.0 719.0 2179.0 ship 0
749.0 2251.0 720.0 2245.0 732.0 2172.0 758.0 2177.0 ship 0
1095.0 2323.0 1066.0 2317.0 1076.0 2241.0 1107.0 2248.0 ship 0
1027.0 2300.0 1000.0 2295.0 1011.0 2223.0 1037.0 2227.0 ship 0
986.0 2298.0 962.0 2294.0 974.0 2220.0 998.0 2225.0 ship 0
883.0 2281.0 856.0 2276.0 871.0 2194.0 898.0 2199.0 ship 0
812.0 1949.0 785.0 1945.0 799.0 1868.0 825.0 1873.0 ship 0
847.0 1956.0 823.0 1949.0 836.0 1878.0 861.0 1883.0 ship 0
882.0 1961.0 857.0 1956.0 872.0 1879.0 896.0 1886.0 ship 0
917.0 1964.0 897.0 1960.0 909.0 1892.0 930.0 1897.0 ship 0
952.0 1978.0 925.0 1973.0 938.0 1895.0 964.0 1901.0 ship 0
989.0 1974.0 966.0 1971.0 977.0 1909.0 997.0 1912.0 ship 0
1022.0 1991.0 995.0 1986.0 1010.0 1905.0 1035.0 1910.0 ship 0
1056.0 1995.0 1031.0 1989.0 1045.0 1922.0 1068.0 1927.0 ship 0
1090.0 2007.0 1064.0 2000.0 1079.0 1925.0 1105.0 1930.0 ship 0
1128.0 2010.0 1101.0 2004.0 1115.0 1927.0 1141.0 1932.0 ship 0
1231.0 2034.0 1204.0 2028.0 1220.0 1948.0 1245.0 1954.0 ship 0
1257.0 1966.0 1278.0 1969.0 1267.0 2033.0 1246.0 2027.0 ship 0
1334.0 2053.0 1312.0 2049.0 1321.0 1985.0 1344.0 1990.0 ship 0
1370.0 2055.0 1350.0 2051.0 1359.0 1988.0 1380.0 1992.0 ship 0
1400.0 2061.0 1379.0 2058.0 1390.0 1994.0 1412.0 1999.0 ship 0
1131.0 2350.0 1158.0 2356.0 1143.0 2425.0 1118.0 2419.0 ship 0
1166.0 2355.0 1190.0 2361.0 1178.0 2434.0 1152.0 2428.0 ship 0
1200.0 2367.0 1227.0 2375.0 1210.0 2439.0 1185.0 2433.0 ship 0
1239.0 2711.0 1218.0 2704.0 1234.0 2656.0 1253.0 2665.0 ship 0
498.0 2645.0 502.0 2629.0 544.0 2640.0 538.0 2654.0 small-vehicle 0
1308.0 1685.0 1344.0 1692.0 1329.0 1800.0 1285.0 1791.0 ship 0
153.0 1470.0 136.0 1465.0 144.0 1427.0 161.0 1430.0 ship 0
1003.0 1435.0 945.0 1421.0 963.0 1336.0 1023.0 1348.0 ship 0
461.0 1237.0 494.0 1243.0 475.0 1338.0 441.0 1331.0 ship 0
200.0 802.0 183.0 798.0 192.0 768.0 209.0 776.0 ship 0
943.0 2646.0 916.0 2633.0 944.0 2558.0 971.0 2568.0 ship 0
989.0 2659.0 956.0 2644.0 993.0 2549.0 1024.0 2560.0 ship 0
1029.0 2679.0 1001.0 2666.0 1031.0 2583.0 1059.0 2593.0 ship 0
1107.0 2720.0 1083.0 2705.0 1116.0 2633.0 1142.0 2645.0 ship 0
1168.0 2681.0 1151.0 2675.0 1165.0 2628.0 1183.0 2636.0 ship 0
1189.0 2687.0 1170.0 2680.0 1184.0 2636.0 1202.0 2642.0 ship 0
1517.0 2497.0 1469.0 2485.0 1498.0 2344.0 1547.0 2356.0 ship 0
1236.0 2365.0 1256.0 2371.0 1243.0 2448.0 1221.0 2441.0 ship 0
1372.0 2375.0 1345.0 2369.0 1359.0 2291.0 1386.0 2296.0 ship 0
1407.0 2381.0 1380.0 2376.0 1393.0 2304.0 1419.0 2310.0 ship 0
1477.0 2389.0 1450.0 2382.0 1461.0 2315.0 1488.0 2321.0 ship 0
1446.0 2410.0 1471.0 2417.0 1456.0 2495.0 1430.0 2488.0 ship 0
1381.0 2400.0 1401.0 2405.0 1389.0 2470.0 1369.0 2466.0 ship 0
1162.0 2330.0 1137.0 2326.0 1147.0 2252.0 1172.0 2256.0 ship 0
1227.0 2345.0 1180.0 2336.0 1192.0 2259.0 1236.0 2265.0 ship 0
1299.0 2364.0 1275.0 2359.0 1290.0 2284.0 1312.0 2290.0 ship 0
1335.0 2364.0 1312.0 2359.0 1324.0 2284.0 1348.0 2290.0 ship 0
1342.0 2397.0 1362.0 2402.0 1349.0 2467.0 1329.0 2460.0 ship 0
1306.0 2379.0 1329.0 2384.0 1314.0 2463.0 1291.0 2457.0 ship 0
1271.0 2367.0 1297.0 2374.0 1282.0 2452.0 1255.0 2446.0 ship 0
1420.0 2146.0 1402.0 2144.0 1406.0 2087.0 1422.0 2090.0 ship 0
1375.0 2075.0 1398.0 2078.0 1387.0 2160.0 1363.0 2155.0 ship 0
1341.0 2077.0 1366.0 2083.0 1355.0 2155.0 1330.0 2150.0 ship 0
532.0 1578.0 503.0 1571.0 516.0 1495.0 547.0 1502.0 ship 0
465.0 1884.0 442.0 1878.0 454.0 1804.0 476.0 1809.0 ship 0
362.0 1860.0 339.0 1856.0 353.0 1784.0 375.0 1790.0 ship 0
332.0 1849.0 303.0 1842.0 318.0 1782.0 343.0 1787.0 ship 0
186.0 1509.0 156.0 1503.0 169.0 1426.0 199.0 1433.0 ship 0
242.0 1450.0 263.0 1452.0 255.0 1522.0 234.0 1518.0 ship 0
338.0 1547.0 305.0 1538.0 324.0 1443.0 355.0 1450.0 ship 0
374.0 1543.0 353.0 1537.0 365.0 1476.0 386.0 1482.0 ship 0
281.0 1548.0 304.0 1552.0 292.0 1629.0 269.0 1624.0 ship 0
315.0 1560.0 340.0 1567.0 328.0 1634.0 301.0 1629.0 ship 0
348.0 1580.0 368.0 1584.0 358.0 1633.0 339.0 1627.0 ship 0
414.0 1556.0 384.0 1550.0 402.0 1463.0 432.0 1469.0 ship 0
490.0 1574.0 462.0 1568.0 478.0 1486.0 505.0 1491.0 ship 0
570.0 1586.0 539.0 1580.0 558.0 1493.0 587.0 1500.0 ship 0
524.0 1816.0 548.0 1820.0 534.0 1889.0 512.0 1884.0 ship 0
387.0 1573.0 411.0 1578.0 396.0 1647.0 370.0 1641.0 ship 0
419.0 1575.0 444.0 1580.0 429.0 1651.0 404.0 1644.0 ship 0
451.0 1583.0 478.0 1590.0 463.0 1669.0 436.0 1663.0 ship 0
490.0 1595.0 511.0 1600.0 499.0 1667.0 475.0 1662.0 ship 0
524.0 1609.0 543.0 1613.0 531.0 1673.0 513.0 1669.0 ship 0
561.0 1609.0 582.0 1613.0 570.0 1681.0 545.0 1675.0 ship 0
647.0 1609.0 618.0 1602.0 639.0 1511.0 667.0 1518.0 ship 0
690.0 1611.0 660.0 1605.0 677.0 1521.0 706.0 1528.0 ship 0
729.0 1612.0 701.0 1607.0 713.0 1526.0 742.0 1532.0 ship 0
542.0 1725.0 550.0 1702.0 598.0 1716.0 589.0 1739.0 ship 0
629.0 1620.0 655.0 1626.0 640.0 1696.0 614.0 1689.0 ship 0
663.0 1622.0 688.0 1628.0 673.0 1701.0 647.0 1695.0 ship 0
500.0 1889.0 473.0 1884.0 484.0 1803.0 513.0 1809.0 ship 0
473.0 1914.0 491.0 1918.0 481.0 1979.0 464.0 1974.0 ship 0
1316.0 2142.0 1293.0 2135.0 1304.0 2065.0 1328.0 2071.0 ship 0
848.0 1983.0 871.0 1989.0 858.0 2052.0 834.0 2045.0 ship 0
1267.0 2070.0 1288.0 2075.0 1278.0 2132.0 1258.0 2126.0 ship 0
1232.0 2056.0 1260.0 2062.0 1244.0 2134.0 1219.0 2129.0 ship 0
1198.0 2062.0 1220.0 2067.0 1208.0 2124.0 1186.0 2119.0 ship 0
1163.0 2037.0 1188.0 2042.0 1171.0 2117.0 1149.0 2111.0 ship 0
1130.0 2038.0 1151.0 2042.0 1141.0 2106.0 1118.0 2100.0 ship 0
1095.0 2023.0 1120.0 2027.0 1105.0 2100.0 1081.0 2095.0 ship 0
1063.0 2027.0 1082.0 2031.0 1069.0 2095.0 1048.0 2092.0 ship 0
1025.0 2008.0 1047.0 2014.0 1030.0 2097.0 1007.0 2091.0 ship 0
990.0 2010.0 1016.0 2017.0 1002.0 2083.0 977.0 2077.0 ship 0
885.0 1994.0 905.0 1996.0 898.0 2060.0 880.0 2059.0 ship 0
955.0 2004.0 978.0 2011.0 963.0 2077.0 942.0 2073.0 ship 0
923.0 1991.0 944.0 1995.0 929.0 2071.0 908.0 2065.0 ship 0
816.0 1972.0 840.0 1978.0 827.0 2046.0 803.0 2039.0 ship 0
505.0 1909.0 526.0 1914.0 516.0 1987.0 493.0 1982.0 ship 0
572.0 1898.0 544.0 1893.0 558.0 1822.0 585.0 1829.0 ship 0
605.0 1909.0 579.0 1904.0 591.0 1834.0 616.0 1839.0 ship 0
640.0 1911.0 618.0 1906.0 629.0 1846.0 648.0 1850.0 ship 0
675.0 1921.0 650.0 1916.0 660.0 1849.0 684.0 1854.0 ship 0
744.0 1935.0 719.0 1929.0 731.0 1856.0 754.0 1862.0 ship 0
784.0 1964.0 809.0 1970.0 793.0 2050.0 769.0 2044.0 ship 0
747.0 1969.0 768.0 1974.0 757.0 2034.0 736.0 2029.0 ship 0
713.0 1948.0 738.0 1952.0 723.0 2030.0 699.0 2024.0 ship 0
679.0 1955.0 698.0 1959.0 689.0 2011.0 669.0 2006.0 ship 0
643.0 1940.0 665.0 1945.0 653.0 2016.0 629.0 2010.0 ship 0
606.0 1933.0 629.0 1939.0 617.0 2008.0 593.0 2001.0 ship 0
573.0 1931.0 597.0 1936.0 585.0 1994.0 562.0 1989.0 ship 0
1121.0 478.0 1093.0 608.0 166.0 419.0 187.0 285.0 harbor 0
