imagesource:GoogleEarth
gsd:0.26890251933
982.0 934.0 969.0 936.0 967.0 910.0 978.0 909.0 ship 0
1129.0 510.0 1157.0 510.0 1162.0 589.0 1135.0 588.0 ship 0
999.0 542.0 983.0 542.0 978.0 500.0 994.0 499.0 ship 0
998.0 603.0 982.0 603.0 980.0 564.0 996.0 562.0 ship 0
1001.0 559.0 1016.0 559.0 1016.0 604.0 1000.0 604.0 ship 0
1032.0 552.0 1054.0 551.0 1055.0 598.0 1036.0 598.0 ship 0
1075.0 598.0 1061.0 598.0 1058.0 555.0 1072.0 555.0 ship 0
1073.0 544.0 1057.0 544.0 1053.0 499.0 1069.0 498.0 ship 0
1093.0 542.0 1074.0 544.0 1069.0 497.0 1088.0 495.0 ship 0
1095.0 601.0 1078.0 602.0 1074.0 552.0 1091.0 551.0 ship 0
1114.0 550.0 1130.0 548.0 1133.0 599.0 1117.0 599.0 ship 0
707.0 619.0 692.0 619.0 689.0 577.0 705.0 576.0 ship 0
1133.0 540.0 1114.0 541.0 1113.0 498.0 1131.0 498.0 ship 0
1112.0 543.0 1092.0 542.0 1092.0 495.0 1112.0 494.0 ship 0
1053.0 541.0 1036.0 542.0 1032.0 497.0 1050.0 496.0 ship 0
1034.0 544.0 1017.0 545.0 1014.0 502.0 1031.0 501.0 ship 0
1008.0 287.0 1028.0 287.0 1031.0 344.0 1010.0 344.0 ship 0
1008.0 349.0 986.0 349.0 982.0 296.0 1004.0 295.0 ship 0
984.0 347.0 969.0 348.0 964.0 298.0 982.0 298.0 ship 0
965.0 348.0 947.0 349.0 944.0 301.0 962.0 301.0 ship 0
977.0 546.0 961.0 546.0 958.0 505.0 974.0 504.0 ship 0
955.0 545.0 939.0 547.0 935.0 506.0 952.0 504.0 ship 0
917.0 559.0 937.0 559.0 939.0 603.0 920.0 605.0 ship 0
900.0 555.0 917.0 554.0 920.0 608.0 903.0 608.0 ship 0
721.0 554.0 709.0 553.0 707.0 526.0 720.0 525.0 ship 0
744.0 557.0 725.0 558.0 724.0 517.0 742.0 517.0 ship 0
802.0 557.0 787.0 557.0 785.0 519.0 800.0 518.0 ship 0
780.0 552.0 764.0 553.0 762.0 506.0 778.0 506.0 ship 0
708.0 573.0 724.0 571.0 727.0 610.0 712.0 611.0 ship 0
727.0 568.0 743.0 567.0 745.0 618.0 729.0 618.0 ship 0
765.0 614.0 750.0 614.0 750.0 567.0 765.0 567.0 ship 0
765.0 569.0 782.0 568.0 783.0 614.0 766.0 614.0 ship 0
853.0 543.0 853.0 555.0 828.0 555.0 829.0 542.0 ship 0
819.0 554.0 803.0 554.0 802.0 511.0 816.0 510.0 ship 0
803.0 614.0 788.0 616.0 786.0 569.0 804.0 567.0 ship 0
825.0 564.0 842.0 562.0 844.0 614.0 828.0 614.0 ship 0
877.0 545.0 862.0 546.0 860.0 511.0 876.0 510.0 ship 0
897.0 550.0 878.0 552.0 875.0 506.0 893.0 504.0 ship 0
920.0 549.0 900.0 550.0 898.0 505.0 916.0 503.0 ship 0
935.0 548.0 920.0 549.0 918.0 506.0 933.0 505.0 ship 0
877.0 560.0 898.0 559.0 898.0 606.0 877.0 606.0 ship 0
944.0 361.0 965.0 359.0 968.0 407.0 948.0 407.0 ship 0
926.0 361.0 942.0 359.0 946.0 408.0 929.0 408.0 ship 0
924.0 302.0 941.0 301.0 943.0 351.0 926.0 351.0 ship 0
580.0 379.0 597.0 378.0 597.0 424.0 581.0 425.0 ship 0
644.0 374.0 662.0 373.0 664.0 425.0 647.0 427.0 ship 0
617.0 376.0 639.0 375.0 643.0 427.0 620.0 428.0 ship 0
645.0 323.0 660.0 323.0 660.0 361.0 646.0 360.0 ship 0
618.0 310.0 638.0 308.0 641.0 364.0 623.0 365.0 ship 0
617.0 366.0 602.0 366.0 598.0 314.0 614.0 313.0 ship 0
595.0 367.0 574.0 369.0 569.0 313.0 592.0 313.0 ship 0
628.0 193.0 631.0 216.0 561.0 223.0 558.0 198.0 ship 0
478.0 218.0 476.0 201.0 531.0 198.0 530.0 217.0 ship 0
387.0 230.0 385.0 204.0 464.0 201.0 464.0 228.0 ship 0
668.0 1059.0 652.0 1059.0 650.0 1022.0 668.0 1023.0 ship 0
635.0 1059.0 618.0 1059.0 612.0 1022.0 629.0 1021.0 ship 0
617.0 1060.0 602.0 1060.0 600.0 1028.0 615.0 1027.0 ship 0
598.0 1062.0 583.0 1064.0 581.0 1023.0 596.0 1023.0 ship 0
583.0 1061.0 566.0 1061.0 565.0 1025.0 583.0 1024.0 ship 0
566.0 1062.0 550.0 1062.0 548.0 1027.0 564.0 1025.0 ship 0
549.0 1062.0 534.0 1062.0 533.0 1027.0 548.0 1026.0 ship 0
532.0 1065.0 518.0 1065.0 517.0 1030.0 531.0 1030.0 ship 0
682.0 375.0 705.0 373.0 705.0 425.0 685.0 425.0 ship 0
601.0 377.0 617.0 376.0 619.0 432.0 602.0 432.0 ship 0
920.0 353.0 900.0 352.0 897.0 298.0 918.0 297.0 ship 0
561.0 383.0 577.0 382.0 578.0 432.0 562.0 432.0 ship 0
896.0 341.0 881.0 341.0 878.0 303.0 892.0 302.0 ship 0
858.0 354.0 839.0 355.0 834.0 304.0 853.0 302.0 ship 0
834.0 357.0 814.0 359.0 809.0 306.0 831.0 305.0 ship 0
792.0 308.0 808.0 307.0 812.0 350.0 794.0 351.0 ship 0
792.0 356.0 776.0 356.0 772.0 316.0 788.0 315.0 ship 0
771.0 358.0 751.0 359.0 747.0 301.0 768.0 300.0 ship 0
722.0 302.0 745.0 300.0 748.0 355.0 724.0 356.0 ship 0
904.0 363.0 921.0 363.0 923.0 410.0 906.0 410.0 ship 0
862.0 368.0 881.0 366.0 880.0 413.0 863.0 414.0 ship 0
835.0 365.0 861.0 364.0 862.0 422.0 838.0 422.0 ship 0
814.0 367.0 836.0 367.0 838.0 422.0 816.0 423.0 ship 0
796.0 370.0 815.0 370.0 816.0 416.0 798.0 417.0 ship 0
774.0 370.0 793.0 368.0 795.0 416.0 775.0 416.0 ship 0
754.0 372.0 772.0 372.0 773.0 418.0 755.0 419.0 ship 0
732.0 371.0 749.0 371.0 750.0 417.0 733.0 418.0 ship 0
703.0 362.0 685.0 363.0 681.0 310.0 702.0 309.0 ship 0
684.0 362.0 663.0 364.0 659.0 310.0 679.0 308.0 ship 0
703.0 560.0 685.0 562.0 681.0 514.0 700.0 512.0 ship 0
669.0 577.0 684.0 576.0 685.0 617.0 670.0 617.0 ship 0
639.0 1073.0 654.0 1072.0 654.0 1110.0 640.0 1111.0 ship 0
1062.0 724.0 1046.0 724.0 1044.0 682.0 1060.0 680.0 ship 0
1050.0 742.0 1062.0 741.0 1065.0 772.0 1052.0 773.0 ship 0
1068.0 737.0 1080.0 736.0 1083.0 773.0 1070.0 774.0 ship 0
1084.0 735.0 1099.0 735.0 1101.0 773.0 1087.0 773.0 ship 0
1123.0 733.0 1140.0 731.0 1142.0 770.0 1126.0 771.0 ship 0
1105.0 737.0 1120.0 737.0 1123.0 775.0 1107.0 776.0 ship 0
1139.0 719.0 1124.0 720.0 1118.0 683.0 1133.0 680.0 ship 0
1099.0 722.0 1084.0 723.0 1082.0 678.0 1098.0 677.0 ship 0
1083.0 724.0 1066.0 724.0 1064.0 681.0 1079.0 680.0 ship 0
1025.0 727.0 1007.0 727.0 1005.0 686.0 1021.0 684.0 ship 0
649.0 578.0 663.0 577.0 665.0 617.0 650.0 618.0 ship 0
1004.0 727.0 989.0 727.0 988.0 684.0 1004.0 683.0 ship 0
984.0 729.0 966.0 729.0 963.0 688.0 982.0 687.0 ship 0
907.0 731.0 888.0 731.0 884.0 689.0 903.0 688.0 ship 0
885.0 727.0 871.0 728.0 868.0 690.0 884.0 690.0 ship 0
864.0 732.0 850.0 732.0 850.0 692.0 865.0 691.0 ship 0
848.0 734.0 833.0 735.0 832.0 691.0 847.0 690.0 ship 0
829.0 737.0 811.0 737.0 810.0 695.0 826.0 696.0 ship 0
947.0 686.0 962.0 685.0 962.0 730.0 948.0 729.0 ship 0
1044.0 774.0 1030.0 774.0 1029.0 735.0 1042.0 735.0 ship 0
1006.0 736.0 1024.0 734.0 1026.0 779.0 1008.0 780.0 ship 0
1052.0 900.0 1064.0 899.0 1065.0 932.0 1052.0 932.0 ship 0
1102.0 895.0 1115.0 895.0 1116.0 932.0 1103.0 933.0 ship 0
934.0 944.0 918.0 945.0 916.0 907.0 930.0 906.0 ship 0
950.0 904.0 965.0 903.0 966.0 941.0 952.0 941.0 ship 0
930.0 891.0 915.0 892.0 913.0 856.0 929.0 855.0 ship 0
964.0 886.0 950.0 887.0 949.0 853.0 961.0 852.0 ship 0
981.0 889.0 967.0 889.0 965.0 853.0 979.0 851.0 ship 0
996.0 891.0 982.0 891.0 982.0 852.0 995.0 852.0 ship 0
1012.0 889.0 998.0 888.0 996.0 851.0 1010.0 850.0 ship 0
1029.0 887.0 1016.0 888.0 1013.0 850.0 1027.0 849.0 ship 0
983.0 907.0 998.0 907.0 998.0 944.0 984.0 943.0 ship 0
1016.0 903.0 1030.0 901.0 1033.0 940.0 1019.0 941.0 ship 0
1047.0 889.0 1032.0 889.0 1031.0 850.0 1046.0 850.0 ship 0
1064.0 886.0 1049.0 886.0 1048.0 855.0 1062.0 854.0 ship 0
1083.0 889.0 1067.0 889.0 1063.0 851.0 1081.0 850.0 ship 0
1116.0 884.0 1102.0 885.0 1099.0 849.0 1113.0 847.0 ship 0
1132.0 884.0 1118.0 885.0 1115.0 848.0 1130.0 847.0 ship 0
1137.0 849.0 1160.0 849.0 1162.0 904.0 1139.0 903.0 ship 0
1122.0 896.0 1134.0 895.0 1135.0 933.0 1123.0 933.0 ship 0
942.0 730.0 925.0 730.0 923.0 690.0 940.0 689.0 ship 0
923.0 731.0 908.0 730.0 907.0 688.0 922.0 689.0 ship 0
990.0 737.0 1003.0 737.0 1005.0 780.0 992.0 779.0 ship 0
639.0 755.0 654.0 754.0 654.0 796.0 640.0 796.0 ship 0
692.0 740.0 678.0 741.0 675.0 702.0 689.0 701.0 ship 0
673.0 741.0 658.0 740.0 656.0 703.0 671.0 703.0 ship 0
653.0 744.0 636.0 745.0 634.0 703.0 649.0 703.0 ship 0
548.0 561.0 533.0 563.0 530.0 527.0 546.0 525.0 ship 0
549.0 515.0 565.0 514.0 568.0 564.0 551.0 564.0 ship 0
585.0 563.0 571.0 564.0 568.0 523.0 583.0 521.0 ship 0
605.0 564.0 589.0 565.0 588.0 518.0 604.0 517.0 ship 0
628.0 559.0 609.0 560.0 607.0 521.0 624.0 519.0 ship 0
644.0 557.0 629.0 558.0 626.0 520.0 642.0 518.0 ship 0
662.0 560.0 646.0 560.0 643.0 518.0 660.0 518.0 ship 0
608.0 575.0 625.0 575.0 626.0 618.0 609.0 620.0 ship 0
591.0 574.0 607.0 573.0 607.0 620.0 593.0 620.0 ship 0
570.0 575.0 585.0 574.0 588.0 620.0 571.0 621.0 ship 0
552.0 581.0 569.0 580.0 570.0 622.0 554.0 623.0 ship 0
532.0 585.0 549.0 583.0 551.0 622.0 535.0 623.0 ship 0
515.0 585.0 530.0 584.0 531.0 629.0 515.0 630.0 ship 0
629.0 575.0 648.0 574.0 649.0 618.0 630.0 619.0 ship 0
712.0 741.0 698.0 742.0 695.0 703.0 710.0 703.0 ship 0
656.0 754.0 671.0 753.0 674.0 794.0 658.0 795.0 ship 0
972.0 744.0 986.0 743.0 988.0 781.0 974.0 781.0 ship 0
679.0 755.0 694.0 754.0 694.0 800.0 680.0 800.0 ship 0
949.0 747.0 964.0 746.0 964.0 781.0 951.0 781.0 ship 0
928.0 740.0 942.0 740.0 944.0 780.0 928.0 781.0 ship 0
910.0 745.0 925.0 744.0 926.0 783.0 911.0 782.0 ship 0
890.0 744.0 906.0 743.0 907.0 783.0 892.0 783.0 ship 0
873.0 748.0 887.0 746.0 888.0 783.0 875.0 785.0 ship 0
853.0 744.0 868.0 742.0 869.0 783.0 855.0 784.0 ship 0
832.0 747.0 848.0 747.0 849.0 787.0 835.0 787.0 ship 0
814.0 748.0 828.0 746.0 830.0 786.0 815.0 787.0 ship 0
796.0 750.0 810.0 750.0 810.0 787.0 797.0 787.0 ship 0
775.0 753.0 790.0 752.0 791.0 789.0 777.0 789.0 ship 0
757.0 749.0 773.0 749.0 774.0 790.0 758.0 789.0 ship 0
789.0 738.0 775.0 738.0 772.0 696.0 788.0 695.0 ship 0
771.0 739.0 753.0 740.0 750.0 698.0 769.0 696.0 ship 0
738.0 753.0 750.0 752.0 755.0 796.0 741.0 796.0 ship 0
735.0 796.0 719.0 796.0 718.0 751.0 733.0 750.0 ship 0
716.0 698.0 731.0 698.0 733.0 738.0 717.0 740.0 ship 0
699.0 754.0 715.0 753.0 716.0 795.0 701.0 797.0 ship 0
499.0 1065.0 482.0 1066.0 476.0 1030.0 494.0 1029.0 ship 0
620.0 1071.0 635.0 1070.0 634.0 1110.0 621.0 1110.0 ship 0
254.0 881.0 267.0 874.0 277.0 922.0 261.0 926.0 ship 0
475.0 586.0 490.0 586.0 490.0 625.0 476.0 625.0 ship 0
323.0 758.0 310.0 759.0 307.0 726.0 321.0 725.0 ship 0
302.0 759.0 289.0 760.0 286.0 726.0 299.0 724.0 ship 0
276.0 760.0 264.0 760.0 264.0 737.0 276.0 737.0 ship 0
261.0 756.0 249.0 756.0 248.0 726.0 260.0 726.0 ship 0
528.0 567.0 510.0 566.0 506.0 528.0 526.0 528.0 ship 0
509.0 568.0 492.0 569.0 488.0 529.0 505.0 529.0 ship 0
489.0 564.0 476.0 564.0 473.0 530.0 485.0 530.0 ship 0
492.0 580.0 510.0 581.0 510.0 625.0 493.0 625.0 ship 0
454.0 582.0 471.0 583.0 472.0 627.0 455.0 628.0 ship 0
500.0 753.0 482.0 753.0 480.0 705.0 499.0 705.0 ship 0
437.0 587.0 453.0 586.0 455.0 630.0 440.0 632.0 ship 0
414.0 587.0 434.0 587.0 435.0 634.0 415.0 634.0 ship 0
397.0 586.0 414.0 586.0 415.0 630.0 401.0 630.0 ship 0
378.0 590.0 396.0 589.0 396.0 630.0 379.0 632.0 ship 0
355.0 588.0 376.0 587.0 376.0 630.0 356.0 631.0 ship 0
336.0 588.0 352.0 586.0 355.0 630.0 338.0 632.0 ship 0
471.0 571.0 452.0 569.0 451.0 526.0 469.0 528.0 ship 0
450.0 568.0 436.0 568.0 435.0 529.0 451.0 529.0 ship 0
341.0 758.0 326.0 760.0 325.0 722.0 340.0 721.0 ship 0
361.0 755.0 345.0 754.0 344.0 713.0 361.0 714.0 ship 0
379.0 756.0 366.0 756.0 364.0 718.0 377.0 717.0 ship 0
384.0 712.0 401.0 712.0 402.0 755.0 385.0 756.0 ship 0
581.0 757.0 597.0 757.0 597.0 797.0 581.0 797.0 ship 0
562.0 760.0 577.0 760.0 578.0 801.0 564.0 800.0 ship 0
543.0 761.0 558.0 761.0 559.0 798.0 543.0 798.0 ship 0
523.0 760.0 538.0 760.0 539.0 801.0 525.0 801.0 ship 0
503.0 762.0 521.0 761.0 520.0 809.0 504.0 809.0 ship 0
501.0 809.0 484.0 810.0 483.0 765.0 500.0 764.0 ship 0
462.0 763.0 479.0 762.0 482.0 802.0 462.0 801.0 ship 0
446.0 767.0 460.0 767.0 461.0 806.0 448.0 806.0 ship 0
424.0 768.0 440.0 766.0 443.0 806.0 426.0 807.0 ship 0
250.0 773.0 267.0 771.0 267.0 814.0 251.0 814.0 ship 0
288.0 768.0 304.0 767.0 305.0 805.0 290.0 805.0 ship 0
305.0 771.0 324.0 769.0 326.0 810.0 306.0 809.0 ship 0
406.0 769.0 422.0 769.0 425.0 809.0 410.0 810.0 ship 0
389.0 770.0 404.0 769.0 406.0 811.0 392.0 812.0 ship 0
384.0 808.0 368.0 809.0 365.0 770.0 381.0 769.0 ship 0
364.0 810.0 350.0 810.0 348.0 771.0 361.0 770.0 ship 0
423.0 757.0 408.0 757.0 405.0 716.0 420.0 716.0 ship 0
413.0 572.0 399.0 572.0 397.0 527.0 410.0 527.0 ship 0
394.0 574.0 379.0 573.0 376.0 538.0 390.0 536.0 ship 0
371.0 573.0 356.0 574.0 354.0 533.0 369.0 531.0 ship 0
494.0 385.0 510.0 384.0 511.0 435.0 495.0 436.0 ship 0
428.0 445.0 407.0 445.0 404.0 390.0 424.0 388.0 ship 0
427.0 388.0 446.0 388.0 446.0 435.0 427.0 435.0 ship 0
340.0 388.0 361.0 388.0 361.0 439.0 340.0 439.0 ship 0
317.0 393.0 334.0 392.0 336.0 434.0 319.0 434.0 ship 0
297.0 394.0 314.0 394.0 315.0 435.0 299.0 436.0 ship 0
274.0 399.0 291.0 398.0 294.0 439.0 277.0 442.0 ship 0
269.0 379.0 252.0 379.0 250.0 336.0 269.0 335.0 ship 0
247.0 442.0 234.0 442.0 234.0 398.0 246.0 398.0 ship 0
246.0 381.0 228.0 382.0 227.0 324.0 243.0 322.0 ship 0
954.0 1427.0 956.0 1455.0 279.0 1490.0 278.0 1459.0 harbor 0
1015.0 1288.0 1022.0 1367.0 286.0 1406.0 280.0 1329.0 harbor 0
1139.0 1146.0 1141.0 1228.0 289.0 1266.0 282.0 1194.0 harbor 0
1149.0 996.0 1157.0 1082.0 275.0 1126.0 266.0 1038.0 harbor 0
1143.0 840.0 1148.0 927.0 276.0 975.0 273.0 888.0 harbor 0
1148.0 673.0 1153.0 772.0 263.0 815.0 260.0 722.0 harbor 0
1142.0 488.0 1146.0 593.0 249.0 639.0 247.0 542.0 harbor 0
1148.0 283.0 1151.0 401.0 245.0 439.0 238.0 331.0 harbor 0
452.0 386.0 469.0 386.0 468.0 428.0 454.0 429.0 ship 0
447.0 373.0 425.0 373.0 422.0 321.0 444.0 320.0 ship 0
354.0 572.0 338.0 572.0 334.0 534.0 349.0 532.0 ship 0
445.0 326.0 463.0 326.0 464.0 365.0 447.0 365.0 ship 0
331.0 577.0 318.0 577.0 316.0 534.0 329.0 534.0 ship 0
279.0 593.0 296.0 592.0 298.0 634.0 282.0 634.0 ship 0
276.0 579.0 264.0 580.0 263.0 552.0 274.0 551.0 ship 0
247.0 475.0 235.0 476.0 234.0 449.0 245.0 447.0 ship 0
250.0 510.0 238.0 510.0 237.0 480.0 249.0 480.0 ship 0
512.0 368.0 493.0 371.0 489.0 316.0 507.0 315.0 ship 0
573.0 365.0 553.0 366.0 548.0 311.0 568.0 310.0 ship 0
553.0 369.0 532.0 369.0 528.0 317.0 548.0 316.0 ship 0
531.0 369.0 513.0 370.0 509.0 319.0 528.0 318.0 ship 0
517.0 390.0 534.0 389.0 534.0 423.0 519.0 422.0 ship 0
535.0 382.0 554.0 382.0 555.0 424.0 536.0 424.0 ship 0
335.0 377.0 316.0 378.0 315.0 330.0 333.0 328.0 ship 0
356.0 376.0 340.0 376.0 336.0 329.0 351.0 327.0 ship 0
377.0 373.0 357.0 375.0 353.0 328.0 374.0 326.0 ship 0
400.0 372.0 382.0 372.0 379.0 324.0 397.0 324.0 ship 0
424.0 375.0 402.0 376.0 398.0 323.0 419.0 322.0 ship 0
487.0 366.0 473.0 367.0 468.0 320.0 484.0 319.0 ship 0
479.0 753.0 463.0 754.0 460.0 713.0 477.0 711.0 ship 0
517.0 750.0 504.0 750.0 503.0 709.0 517.0 708.0 ship 0
604.0 1080.0 614.0 1080.0 616.0 1107.0 605.0 1108.0 ship 0
559.0 913.0 543.0 913.0 540.0 876.0 556.0 874.0 ship 0
364.0 1070.0 349.0 1071.0 346.0 1036.0 363.0 1034.0 ship 0
382.0 1071.0 366.0 1072.0 364.0 1037.0 379.0 1035.0 ship 0
400.0 1071.0 384.0 1073.0 379.0 1035.0 395.0 1034.0 ship 0
465.0 1067.0 450.0 1067.0 446.0 1033.0 460.0 1031.0 ship 0
447.0 1069.0 433.0 1069.0 431.0 1031.0 446.0 1031.0 ship 0
415.0 1069.0 401.0 1070.0 397.0 1035.0 411.0 1033.0 ship 0
413.0 1033.0 428.0 1032.0 429.0 1068.0 415.0 1069.0 ship 0
542.0 911.0 526.0 912.0 524.0 876.0 538.0 875.0 ship 0
644.0 907.0 629.0 907.0 627.0 869.0 641.0 868.0 ship 0
536.0 750.0 523.0 750.0 520.0 708.0 535.0 708.0 ship 0
692.0 904.0 678.0 904.0 676.0 870.0 689.0 869.0 ship 0
675.0 905.0 662.0 906.0 659.0 872.0 673.0 872.0 ship 0
661.0 908.0 645.0 909.0 642.0 870.0 658.0 869.0 ship 0
678.0 916.0 694.0 916.0 694.0 951.0 679.0 951.0 ship 0
660.0 915.0 676.0 914.0 678.0 951.0 662.0 952.0 ship 0
662.0 959.0 645.0 960.0 641.0 919.0 657.0 917.0 ship 0
609.0 910.0 596.0 910.0 595.0 877.0 609.0 877.0 ship 0
592.0 910.0 577.0 911.0 575.0 877.0 589.0 875.0 ship 0
347.0 1073.0 333.0 1075.0 331.0 1036.0 345.0 1036.0 ship 0
330.0 1074.0 316.0 1075.0 314.0 1039.0 328.0 1038.0 ship 0
313.0 1076.0 298.0 1076.0 297.0 1043.0 311.0 1042.0 ship 0
296.0 1073.0 282.0 1074.0 279.0 1041.0 293.0 1039.0 ship 0
586.0 1073.0 601.0 1072.0 603.0 1108.0 587.0 1109.0 ship 0
570.0 1075.0 584.0 1074.0 585.0 1108.0 572.0 1109.0 ship 0
551.0 1075.0 566.0 1073.0 567.0 1113.0 553.0 1113.0 ship 0
516.0 1078.0 533.0 1077.0 534.0 1113.0 518.0 1115.0 ship 0
482.0 1079.0 497.0 1078.0 500.0 1110.0 486.0 1111.0 ship 0
468.0 1081.0 483.0 1080.0 483.0 1117.0 469.0 1118.0 ship 0
450.0 1081.0 465.0 1080.0 465.0 1122.0 452.0 1122.0 ship 0
434.0 1081.0 449.0 1080.0 451.0 1117.0 435.0 1117.0 ship 0
417.0 1081.0 431.0 1081.0 431.0 1118.0 415.0 1118.0 ship 0
382.0 1086.0 400.0 1085.0 401.0 1123.0 385.0 1124.0 ship 0
367.0 1085.0 381.0 1084.0 383.0 1122.0 369.0 1123.0 ship 0
349.0 1084.0 366.0 1081.0 368.0 1126.0 351.0 1126.0 ship 0
334.0 1084.0 347.0 1082.0 350.0 1119.0 336.0 1121.0 ship 0
316.0 1086.0 332.0 1084.0 333.0 1118.0 316.0 1118.0 ship 0
300.0 1087.0 315.0 1086.0 314.0 1121.0 300.0 1122.0 ship 0
282.0 1086.0 296.0 1084.0 300.0 1119.0 286.0 1121.0 ship 0
265.0 1090.0 278.0 1089.0 281.0 1126.0 268.0 1127.0 ship 0
576.0 911.0 563.0 912.0 560.0 873.0 574.0 873.0 ship 0
613.0 922.0 627.0 921.0 629.0 954.0 614.0 955.0 ship 0
595.0 922.0 612.0 922.0 612.0 957.0 597.0 959.0 ship 0
344.0 931.0 358.0 930.0 358.0 968.0 344.0 968.0 ship 0
377.0 929.0 392.0 928.0 392.0 968.0 376.0 969.0 ship 0
357.0 920.0 342.0 920.0 341.0 886.0 356.0 885.0 ship 0
376.0 920.0 360.0 921.0 357.0 884.0 374.0 882.0 ship 0
391.0 921.0 376.0 921.0 373.0 884.0 388.0 882.0 ship 0
407.0 919.0 392.0 919.0 391.0 882.0 406.0 881.0 ship 0
422.0 917.0 408.0 918.0 407.0 883.0 420.0 882.0 ship 0
524.0 913.0 512.0 913.0 508.0 882.0 522.0 881.0 ship 0
508.0 914.0 494.0 915.0 492.0 876.0 507.0 876.0 ship 0
491.0 915.0 476.0 916.0 473.0 881.0 488.0 878.0 ship 0
473.0 916.0 460.0 916.0 457.0 880.0 470.0 878.0 ship 0
440.0 919.0 425.0 921.0 421.0 884.0 436.0 882.0 ship 0
636.0 797.0 619.0 797.0 616.0 757.0 632.0 756.0 ship 0
599.0 758.0 615.0 757.0 617.0 798.0 601.0 798.0 ship 0
635.0 746.0 620.0 747.0 614.0 705.0 629.0 703.0 ship 0
613.0 747.0 601.0 747.0 597.0 703.0 611.0 703.0 ship 0
595.0 747.0 579.0 748.0 577.0 707.0 594.0 705.0 ship 0
575.0 747.0 560.0 746.0 559.0 708.0 573.0 707.0 ship 0
361.0 931.0 377.0 930.0 376.0 970.0 361.0 969.0 ship 0
327.0 932.0 343.0 932.0 344.0 967.0 328.0 967.0 ship 0
574.0 922.0 591.0 921.0 595.0 961.0 578.0 963.0 ship 0
307.0 933.0 322.0 933.0 324.0 968.0 308.0 969.0 ship 0
562.0 923.0 577.0 923.0 577.0 960.0 561.0 961.0 ship 0
543.0 923.0 559.0 922.0 561.0 959.0 543.0 960.0 ship 0
528.0 925.0 542.0 924.0 543.0 961.0 530.0 960.0 ship 0
511.0 926.0 526.0 925.0 524.0 964.0 510.0 964.0 ship 0
494.0 926.0 509.0 926.0 510.0 966.0 495.0 966.0 ship 0
476.0 926.0 492.0 926.0 490.0 960.0 476.0 961.0 ship 0
459.0 927.0 476.0 926.0 476.0 961.0 461.0 962.0 ship 0
442.0 929.0 457.0 928.0 459.0 970.0 444.0 972.0 ship 0
428.0 929.0 442.0 929.0 443.0 962.0 429.0 963.0 ship 0
409.0 931.0 422.0 930.0 424.0 966.0 410.0 967.0 ship 0
394.0 934.0 408.0 933.0 410.0 969.0 397.0 970.0 ship 0
338.0 921.0 324.0 920.0 324.0 890.0 337.0 889.0 ship 0
321.0 924.0 308.0 924.0 306.0 889.0 320.0 889.0 ship 0
308.0 924.0 290.0 924.0 290.0 891.0 305.0 890.0 ship 0
274.0 977.0 260.0 978.0 260.0 937.0 273.0 937.0 ship 0
276.0 937.0 291.0 936.0 291.0 970.0 276.0 971.0 ship 0
307.0 965.0 294.0 964.0 294.0 936.0 307.0 935.0 ship 0
934.0 904.0 949.0 904.0 950.0 943.0 935.0 944.0 ship 0
898.0 905.0 914.0 904.0 916.0 944.0 901.0 944.0 ship 0
880.0 904.0 897.0 903.0 900.0 942.0 884.0 944.0 ship 0
427.0 1219.0 416.0 1218.0 413.0 1183.0 425.0 1183.0 ship 0
340.0 1235.0 349.0 1235.0 349.0 1260.0 339.0 1259.0 ship 0
352.0 1232.0 365.0 1231.0 367.0 1263.0 353.0 1263.0 ship 0
369.0 1230.0 383.0 1229.0 384.0 1262.0 371.0 1262.0 ship 0
401.0 1231.0 412.0 1232.0 415.0 1265.0 404.0 1266.0 ship 0
387.0 1233.0 398.0 1234.0 398.0 1262.0 387.0 1262.0 ship 0
382.0 1222.0 368.0 1223.0 366.0 1186.0 381.0 1186.0 ship 0
396.0 1220.0 386.0 1220.0 382.0 1187.0 394.0 1186.0 ship 0
413.0 1219.0 401.0 1219.0 398.0 1185.0 411.0 1184.0 ship 0
443.0 1214.0 431.0 1215.0 429.0 1183.0 442.0 1182.0 ship 0
306.0 50.0 311.0 44.0 326.0 56.0 319.0 62.0 small-vehicle 1
431.0 1265.0 419.0 1266.0 417.0 1239.0 429.0 1238.0 ship 0
432.0 1231.0 443.0 1231.0 443.0 1259.0 434.0 1259.0 ship 0
461.0 1216.0 450.0 1216.0 446.0 1184.0 458.0 1184.0 ship 0
492.0 1216.0 476.0 1217.0 473.0 1183.0 490.0 1181.0 ship 0
508.0 1214.0 496.0 1214.0 494.0 1182.0 506.0 1181.0 ship 0
524.0 1215.0 513.0 1216.0 510.0 1181.0 522.0 1181.0 ship 0
463.0 1225.0 478.0 1225.0 479.0 1258.0 465.0 1259.0 ship 0
445.0 1226.0 461.0 1225.0 461.0 1258.0 447.0 1259.0 ship 0
363.0 1221.0 350.0 1221.0 348.0 1186.0 362.0 1186.0 ship 0
349.0 1223.0 338.0 1222.0 337.0 1193.0 348.0 1193.0 ship 0
333.0 1223.0 322.0 1223.0 320.0 1193.0 332.0 1193.0 ship 0
316.0 1222.0 304.0 1223.0 303.0 1194.0 314.0 1194.0 ship 0
266.0 54.0 271.0 47.0 285.0 58.0 280.0 65.0 small-vehicle 1
251.0 52.0 259.0 45.0 270.0 59.0 263.0 64.0 small-vehicle 1
239.0 52.0 244.0 47.0 256.0 59.0 251.0 65.0 small-vehicle 1
222.0 52.0 228.0 46.0 242.0 60.0 234.0 66.0 small-vehicle 1
24.0 336.0 32.0 340.0 25.0 354.0 17.0 351.0 small-vehicle 1
11.0 326.0 20.0 331.0 13.0 347.0 6.0 342.0 small-vehicle 1
35.0 287.0 46.0 290.0 41.0 307.0 31.0 305.0 small-vehicle 1
44.0 207.0 53.0 209.0 48.0 226.0 39.0 224.0 small-vehicle 1
57.0 133.0 65.0 137.0 61.0 152.0 52.0 149.0 small-vehicle 1
47.0 103.0 58.0 104.0 55.0 125.0 44.0 124.0 small-vehicle 1
71.0 54.0 81.0 55.0 79.0 73.0 69.0 72.0 small-vehicle 1
274.0 1236.0 285.0 1236.0 286.0 1271.0 275.0 1271.0 ship 0
284.0 1221.0 273.0 1221.0 271.0 1193.0 283.0 1192.0 ship 0
301.0 1223.0 288.0 1224.0 286.0 1196.0 299.0 1196.0 ship 0
293.0 1236.0 303.0 1235.0 305.0 1263.0 294.0 1263.0 ship 0
318.0 1233.0 331.0 1231.0 335.0 1265.0 322.0 1266.0 ship 0
306.0 1234.0 317.0 1235.0 318.0 1264.0 307.0 1264.0 ship 0
478.0 1226.0 492.0 1225.0 494.0 1258.0 480.0 1258.0 ship 0
1184.0 24.0 1204.0 24.0 1199.0 73.0 1179.0 72.0 ship 0
739.0 1351.0 753.0 1350.0 754.0 1383.0 740.0 1382.0 ship 0
483.0 1353.0 470.0 1353.0 468.0 1319.0 481.0 1318.0 ship 0
456.0 1362.0 469.0 1361.0 468.0 1395.0 455.0 1395.0 ship 0
485.0 1360.0 499.0 1359.0 499.0 1394.0 486.0 1395.0 ship 0
516.0 1393.0 505.0 1393.0 503.0 1362.0 514.0 1361.0 ship 0
498.0 1351.0 483.0 1351.0 482.0 1320.0 496.0 1319.0 ship 0
530.0 1349.0 516.0 1349.0 513.0 1318.0 527.0 1317.0 ship 0
531.0 1358.0 549.0 1356.0 550.0 1391.0 533.0 1391.0 ship 0
516.0 1360.0 530.0 1359.0 531.0 1392.0 517.0 1392.0 ship 0
675.0 1386.0 663.0 1386.0 661.0 1353.0 675.0 1353.0 ship 0
646.0 1358.0 658.0 1357.0 660.0 1386.0 648.0 1386.0 ship 0
629.0 1355.0 642.0 1354.0 644.0 1385.0 631.0 1386.0 ship 0
613.0 1391.0 599.0 1392.0 596.0 1357.0 611.0 1356.0 ship 0
751.0 1340.0 739.0 1341.0 735.0 1309.0 748.0 1308.0 ship 0
736.0 1340.0 723.0 1341.0 721.0 1310.0 732.0 1309.0 ship 0
721.0 1339.0 709.0 1341.0 707.0 1310.0 719.0 1309.0 ship 0
705.0 1340.0 693.0 1340.0 691.0 1307.0 704.0 1306.0 ship 0
687.0 1342.0 675.0 1343.0 673.0 1310.0 688.0 1309.0 ship 0
671.0 1340.0 661.0 1340.0 660.0 1313.0 671.0 1312.0 ship 0
467.0 1350.0 453.0 1352.0 452.0 1320.0 466.0 1319.0 ship 0
452.0 1354.0 437.0 1355.0 436.0 1320.0 450.0 1319.0 ship 0
724.0 1348.0 737.0 1347.0 739.0 1377.0 726.0 1378.0 ship 0
419.0 1363.0 434.0 1362.0 437.0 1399.0 422.0 1400.0 ship 0
709.0 1352.0 722.0 1351.0 723.0 1382.0 710.0 1382.0 ship 0
314.0 1371.0 325.0 1370.0 325.0 1395.0 315.0 1395.0 ship 0
281.0 1371.0 292.0 1370.0 292.0 1397.0 282.0 1398.0 ship 0
296.0 1371.0 308.0 1369.0 311.0 1401.0 299.0 1402.0 ship 0
289.0 1360.0 281.0 1361.0 279.0 1336.0 288.0 1335.0 ship 0
309.0 1356.0 298.0 1357.0 296.0 1332.0 306.0 1330.0 ship 0
324.0 1357.0 312.0 1358.0 310.0 1330.0 322.0 1330.0 ship 0
342.0 1357.0 330.0 1357.0 326.0 1329.0 339.0 1328.0 ship 0
355.0 1357.0 344.0 1357.0 342.0 1328.0 353.0 1327.0 ship 0
402.0 1356.0 388.0 1356.0 386.0 1321.0 400.0 1320.0 ship 0
371.0 1356.0 358.0 1358.0 354.0 1321.0 368.0 1320.0 ship 0
434.0 1354.0 419.0 1355.0 418.0 1321.0 432.0 1320.0 ship 0
419.0 1356.0 405.0 1357.0 403.0 1322.0 416.0 1321.0 ship 0
358.0 1369.0 372.0 1368.0 372.0 1402.0 359.0 1403.0 ship 0
374.0 1369.0 388.0 1367.0 388.0 1401.0 375.0 1402.0 ship 0
392.0 1371.0 404.0 1370.0 405.0 1398.0 392.0 1399.0 ship 0
407.0 1366.0 420.0 1365.0 421.0 1398.0 408.0 1398.0 ship 0
281.0 51.0 289.0 45.0 300.0 56.0 294.0 62.0 small-vehicle 1
253.0 101.0 245.0 95.0 257.0 80.0 264.0 84.0 small-vehicle 1
914.0 894.0 898.0 895.0 896.0 857.0 913.0 856.0 ship 0
62.0 741.0 62.0 732.0 79.0 729.0 81.0 738.0 small-vehicle 1
487.0 191.0 484.0 182.0 510.0 179.0 513.0 189.0 ship 0
319.0 178.0 327.0 177.0 330.0 197.0 320.0 196.0 ship 0
328.0 178.0 338.0 178.0 340.0 195.0 329.0 195.0 ship 0
321.0 213.0 325.0 203.0 347.0 209.0 341.0 220.0 ship 0
14.0 729.0 14.0 720.0 33.0 719.0 33.0 728.0 small-vehicle 1
34.0 739.0 35.0 748.0 14.0 749.0 15.0 740.0 small-vehicle 1
36.0 750.0 37.0 760.0 13.0 761.0 13.0 751.0 small-vehicle 1
37.0 761.0 37.0 769.0 13.0 770.0 15.0 762.0 small-vehicle 1
62.0 749.0 62.0 741.0 82.0 743.0 80.0 751.0 small-vehicle 1
279.0 101.0 270.0 94.0 284.0 80.0 292.0 86.0 small-vehicle 1
64.0 797.0 65.0 789.0 82.0 787.0 84.0 796.0 small-vehicle 1
64.0 762.0 63.0 754.0 80.0 752.0 81.0 759.0 small-vehicle 1
15.0 791.0 15.0 781.0 32.0 782.0 33.0 790.0 small-vehicle 1
17.0 800.0 17.0 792.0 36.0 790.0 36.0 799.0 small-vehicle 1
16.0 812.0 16.0 803.0 38.0 803.0 38.0 811.0 small-vehicle 1
86.0 881.0 86.0 890.0 68.0 891.0 69.0 880.0 small-vehicle 1
86.0 891.0 88.0 901.0 70.0 903.0 70.0 894.0 small-vehicle 1
89.0 903.0 89.0 911.0 71.0 913.0 69.0 905.0 small-vehicle 1
546.0 178.0 547.0 190.0 526.0 189.0 527.0 178.0 ship 0
572.0 179.0 572.0 189.0 551.0 188.0 551.0 178.0 ship 0
613.0 177.0 613.0 187.0 587.0 184.0 590.0 173.0 ship 0
754.0 178.0 754.0 167.0 780.0 166.0 780.0 177.0 ship 0
288.0 923.0 274.0 923.0 275.0 895.0 286.0 895.0 ship 0
363.0 399.0 376.0 399.0 377.0 433.0 363.0 434.0 ship 0
155.0 1323.0 146.0 1325.0 143.0 1307.0 154.0 1305.0 small-vehicle 0
341.0 1371.0 354.0 1370.0 357.0 1393.0 345.0 1394.0 ship 0
595.0 1388.0 582.0 1389.0 583.0 1359.0 594.0 1359.0 ship 0
750.0 1049.0 736.0 1048.0 736.0 1014.0 750.0 1013.0 ship 0
631.0 922.0 642.0 921.0 644.0 952.0 632.0 953.0 ship 0
1167.0 745.0 1146.0 746.0 1142.0 685.0 1166.0 683.0 ship 0
272.0 776.0 286.0 774.0 289.0 806.0 275.0 808.0 ship 0
289.0 752.0 276.0 756.0 271.0 730.0 283.0 726.0 ship 0
256.0 720.0 246.0 719.0 248.0 692.0 259.0 692.0 ship 0
254.0 649.0 243.0 649.0 244.0 624.0 257.0 624.0 ship 0
249.0 575.0 237.0 575.0 239.0 550.0 251.0 548.0 ship 0
232.0 498.0 225.0 498.0 222.0 484.0 232.0 481.0 ship 1
219.0 401.0 228.0 401.0 228.0 425.0 219.0 425.0 ship 0
917.0 286.0 917.0 295.0 904.0 294.0 903.0 285.0 ship 1
895.0 161.0 895.0 171.0 863.0 174.0 863.0 163.0 ship 0
90.0 913.0 90.0 922.0 73.0 923.0 73.0 915.0 small-vehicle 1
22.0 899.0 22.0 890.0 39.0 890.0 39.0 898.0 small-vehicle 1
24.0 937.0 23.0 928.0 42.0 928.0 42.0 937.0 small-vehicle 1
106.0 1093.0 104.0 1084.0 124.0 1084.0 125.0 1092.0 small-vehicle 1
106.0 1112.0 105.0 1102.0 125.0 1103.0 126.0 1111.0 small-vehicle 1
108.0 1122.0 108.0 1114.0 126.0 1112.0 126.0 1120.0 small-vehicle 1
36.0 1082.0 29.0 1090.0 16.0 1079.0 24.0 1071.0 small-vehicle 1
47.0 1098.0 42.0 1102.0 31.0 1091.0 38.0 1085.0 small-vehicle 1
66.0 1113.0 59.0 1119.0 46.0 1107.0 53.0 1099.0 small-vehicle 1
82.0 1130.0 76.0 1137.0 64.0 1123.0 69.0 1117.0 small-vehicle 1
103.0 1172.0 104.0 1164.0 123.0 1165.0 123.0 1174.0 small-vehicle 1
105.0 1183.0 105.0 1174.0 121.0 1174.0 121.0 1183.0 small-vehicle 1
112.0 1280.0 111.0 1271.0 131.0 1270.0 132.0 1278.0 small-vehicle 1
383.0 147.0 377.0 151.0 367.0 138.0 374.0 132.0 small-vehicle 1
331.0 151.0 324.0 157.0 311.0 143.0 318.0 137.0 small-vehicle 1
302.0 150.0 294.0 157.0 279.0 142.0 287.0 136.0 small-vehicle 1
286.0 151.0 280.0 158.0 267.0 145.0 274.0 138.0 small-vehicle 1
270.0 151.0 265.0 159.0 250.0 145.0 257.0 138.0 small-vehicle 1
256.0 152.0 248.0 159.0 235.0 146.0 243.0 140.0 small-vehicle 1
278.0 101.0 287.0 106.0 277.0 120.0 268.0 116.0 small-vehicle 1
262.0 120.0 253.0 116.0 264.0 100.0 273.0 104.0 small-vehicle 1
106.0 1101.0 106.0 1092.0 125.0 1093.0 126.0 1102.0 small-vehicle 1
104.0 1083.0 105.0 1074.0 123.0 1075.0 123.0 1082.0 small-vehicle 1
17.0 931.0 17.0 939.0 1.0 940.0 1.0 931.0 small-vehicle 1
99.0 1075.0 99.0 1085.0 78.0 1083.0 77.0 1075.0 small-vehicle 1
165.0 929.0 166.0 937.0 148.0 939.0 148.0 930.0 small-vehicle 1
167.0 939.0 168.0 948.0 146.0 949.0 147.0 940.0 small-vehicle 1
147.0 959.0 148.0 951.0 168.0 950.0 169.0 958.0 small-vehicle 1
95.0 972.0 95.0 981.0 74.0 982.0 73.0 973.0 small-vehicle 1
100.0 978.0 100.0 971.0 118.0 971.0 120.0 979.0 small-vehicle 1
101.0 988.0 101.0 981.0 120.0 981.0 118.0 989.0 small-vehicle 1
93.0 989.0 92.0 999.0 73.0 999.0 72.0 990.0 small-vehicle 1
94.0 1009.0 94.0 1018.0 76.0 1018.0 75.0 1009.0 small-vehicle 1
103.0 1008.0 101.0 999.0 121.0 997.0 122.0 1007.0 small-vehicle 1
101.0 1016.0 103.0 1009.0 121.0 1009.0 122.0 1016.0 small-vehicle 1
101.0 1027.0 101.0 1019.0 120.0 1017.0 121.0 1026.0 small-vehicle 1
105.0 1075.0 104.0 1066.0 123.0 1064.0 123.0 1075.0 small-vehicle 1
105.0 1064.0 105.0 1055.0 124.0 1054.0 123.0 1063.0 small-vehicle 1
105.0 1055.0 103.0 1048.0 124.0 1046.0 125.0 1054.0 small-vehicle 1
104.0 1046.0 104.0 1036.0 125.0 1035.0 124.0 1043.0 small-vehicle 1
99.0 1048.0 98.0 1057.0 73.0 1058.0 73.0 1047.0 small-vehicle 1
98.0 1064.0 98.0 1073.0 79.0 1074.0 77.0 1066.0 small-vehicle 1
641.0 1342.0 628.0 1342.0 626.0 1310.0 640.0 1310.0 ship 0
624.0 1344.0 611.0 1344.0 608.0 1312.0 623.0 1312.0 ship 0
594.0 1347.0 580.0 1348.0 578.0 1316.0 592.0 1314.0 ship 0
717.0 1056.0 700.0 1058.0 699.0 1021.0 714.0 1020.0 ship 0
1091.0 1050.0 1105.0 1049.0 1106.0 1089.0 1093.0 1089.0 ship 0
1075.0 1052.0 1089.0 1051.0 1090.0 1089.0 1076.0 1088.0 ship 0
655.0 1071.0 668.0 1070.0 670.0 1103.0 657.0 1104.0 ship 0
671.0 1072.0 685.0 1070.0 687.0 1104.0 674.0 1105.0 ship 0
1071.0 1039.0 1058.0 1039.0 1054.0 1005.0 1069.0 1004.0 ship 0
1054.0 1041.0 1040.0 1041.0 1037.0 1004.0 1052.0 1004.0 ship 0
684.0 1059.0 671.0 1060.0 668.0 1022.0 681.0 1020.0 ship 0
699.0 1055.0 685.0 1056.0 683.0 1019.0 696.0 1018.0 ship 0
688.0 1072.0 701.0 1071.0 702.0 1111.0 688.0 1112.0 ship 0
577.0 1347.0 564.0 1348.0 562.0 1316.0 575.0 1315.0 ship 0
704.0 1069.0 718.0 1068.0 719.0 1108.0 706.0 1109.0 ship 0
721.0 1068.0 735.0 1066.0 736.0 1103.0 723.0 1103.0 ship 0
738.0 1069.0 753.0 1068.0 753.0 1109.0 738.0 1109.0 ship 0
735.0 1056.0 720.0 1056.0 719.0 1017.0 734.0 1015.0 ship 0
766.0 1051.0 751.0 1051.0 749.0 1015.0 764.0 1014.0 ship 0
783.0 1051.0 769.0 1051.0 769.0 1016.0 782.0 1015.0 ship 0
800.0 1052.0 786.0 1052.0 786.0 1015.0 799.0 1015.0 ship 0
819.0 1053.0 804.0 1054.0 802.0 1019.0 817.0 1017.0 ship 0
1087.0 1037.0 1074.0 1037.0 1073.0 1001.0 1087.0 1000.0 ship 0
1106.0 1035.0 1092.0 1035.0 1089.0 1004.0 1103.0 1002.0 ship 0
1140.0 1039.0 1125.0 1039.0 1122.0 1002.0 1137.0 1001.0 ship 0
1168.0 1075.0 1147.0 1075.0 1142.0 1004.0 1164.0 1003.0 ship 0
1015.0 1186.0 1002.0 1187.0 1000.0 1156.0 1013.0 1156.0 ship 0
1031.0 1188.0 1020.0 1188.0 1017.0 1156.0 1028.0 1156.0 ship 0
1020.0 1197.0 1033.0 1197.0 1033.0 1230.0 1022.0 1231.0 ship 0
1036.0 1199.0 1050.0 1198.0 1049.0 1232.0 1035.0 1231.0 ship 0
1052.0 1200.0 1064.0 1198.0 1066.0 1229.0 1054.0 1230.0 ship 0
1046.0 1187.0 1034.0 1188.0 1033.0 1159.0 1044.0 1158.0 ship 0
1063.0 1187.0 1050.0 1188.0 1047.0 1155.0 1061.0 1154.0 ship 0
1077.0 1186.0 1065.0 1186.0 1065.0 1155.0 1077.0 1154.0 ship 0
1067.0 1199.0 1081.0 1198.0 1082.0 1236.0 1068.0 1235.0 ship 0
1083.0 1198.0 1095.0 1197.0 1095.0 1230.0 1083.0 1230.0 ship 0
1095.0 1186.0 1082.0 1187.0 1080.0 1154.0 1093.0 1154.0 ship 0
1108.0 1183.0 1098.0 1183.0 1098.0 1158.0 1108.0 1157.0 ship 0
1114.0 1197.0 1126.0 1195.0 1130.0 1227.0 1119.0 1229.0 ship 0
1128.0 1183.0 1114.0 1184.0 1112.0 1150.0 1126.0 1149.0 ship 0
1130.0 1159.0 1151.0 1157.0 1154.0 1217.0 1134.0 1218.0 ship 0
1108.0 1044.0 1123.0 1043.0 1125.0 1087.0 1109.0 1088.0 ship 0
1129.0 1048.0 1141.0 1048.0 1141.0 1080.0 1129.0 1080.0 ship 0
836.0 1048.0 821.0 1048.0 819.0 1017.0 833.0 1016.0 ship 0
851.0 1050.0 836.0 1050.0 836.0 1016.0 851.0 1015.0 ship 0
754.0 1064.0 769.0 1063.0 770.0 1103.0 755.0 1103.0 ship 0
869.0 1051.0 856.0 1050.0 855.0 1015.0 868.0 1015.0 ship 0
714.0 915.0 727.0 914.0 728.0 950.0 715.0 950.0 ship 0
732.0 915.0 744.0 915.0 744.0 946.0 732.0 946.0 ship 0
747.0 912.0 762.0 910.0 763.0 947.0 749.0 948.0 ship 0
727.0 865.0 744.0 864.0 744.0 904.0 729.0 904.0 ship 0
779.0 899.0 764.0 901.0 762.0 867.0 777.0 865.0 ship 0
779.0 951.0 765.0 952.0 764.0 913.0 778.0 912.0 ship 0
780.0 912.0 794.0 911.0 796.0 951.0 782.0 952.0 ship 0
797.0 862.0 810.0 861.0 812.0 897.0 798.0 897.0 ship 0
828.0 899.0 814.0 901.0 811.0 861.0 827.0 859.0 ship 0
797.0 911.0 813.0 910.0 814.0 950.0 799.0 951.0 ship 0
813.0 910.0 828.0 908.0 832.0 947.0 817.0 947.0 ship 0
843.0 895.0 832.0 894.0 831.0 864.0 842.0 864.0 ship 0
863.0 896.0 849.0 897.0 845.0 861.0 859.0 859.0 ship 0
833.0 908.0 846.0 906.0 847.0 946.0 835.0 947.0 ship 0
849.0 911.0 863.0 909.0 864.0 945.0 851.0 946.0 ship 0
879.0 897.0 865.0 897.0 865.0 861.0 878.0 859.0 ship 0
895.0 895.0 882.0 896.0 877.0 861.0 891.0 858.0 ship 0
707.0 903.0 695.0 903.0 693.0 870.0 706.0 870.0 ship 0
903.0 1046.0 889.0 1047.0 886.0 1014.0 900.0 1012.0 ship 0
772.0 1065.0 785.0 1065.0 786.0 1099.0 773.0 1100.0 ship 0
921.0 1048.0 905.0 1048.0 904.0 1013.0 919.0 1011.0 ship 0
789.0 1064.0 803.0 1064.0 803.0 1100.0 790.0 1099.0 ship 0
805.0 1064.0 821.0 1064.0 822.0 1104.0 807.0 1105.0 ship 0
838.0 1063.0 855.0 1062.0 855.0 1103.0 840.0 1103.0 ship 0
873.0 1062.0 887.0 1062.0 887.0 1096.0 873.0 1096.0 ship 0
1043.0 1053.0 1055.0 1053.0 1055.0 1087.0 1044.0 1087.0 ship 0
1023.0 1052.0 1038.0 1052.0 1039.0 1091.0 1023.0 1091.0 ship 0
1006.0 1052.0 1021.0 1051.0 1020.0 1088.0 1006.0 1088.0 ship 0
991.0 1059.0 1005.0 1059.0 1004.0 1090.0 991.0 1090.0 ship 0
976.0 1056.0 990.0 1055.0 991.0 1090.0 977.0 1090.0 ship 0
956.0 1055.0 972.0 1052.0 973.0 1090.0 959.0 1091.0 ship 0
920.0 1055.0 937.0 1054.0 939.0 1096.0 922.0 1097.0 ship 0
906.0 1064.0 919.0 1062.0 923.0 1101.0 910.0 1102.0 ship 0
888.0 1059.0 902.0 1057.0 904.0 1092.0 890.0 1094.0 ship 0
940.0 1054.0 953.0 1053.0 958.0 1095.0 943.0 1096.0 ship 0
971.0 1042.0 957.0 1043.0 955.0 1008.0 968.0 1007.0 ship 0
955.0 1047.0 941.0 1047.0 938.0 1012.0 951.0 1012.0 ship 0
937.0 1046.0 923.0 1047.0 920.0 1010.0 935.0 1010.0 ship 0
1000.0 1190.0 987.0 1190.0 984.0 1157.0 997.0 1156.0 ship 0
1004.0 1201.0 1017.0 1199.0 1019.0 1234.0 1006.0 1234.0 ship 0
989.0 1201.0 1002.0 1199.0 1003.0 1231.0 989.0 1231.0 ship 0
657.0 1218.0 669.0 1217.0 669.0 1251.0 656.0 1252.0 ship 0
686.0 1216.0 701.0 1214.0 700.0 1252.0 687.0 1252.0 ship 0
715.0 1204.0 704.0 1204.0 702.0 1180.0 714.0 1178.0 ship 0
701.0 1214.0 715.0 1214.0 716.0 1247.0 702.0 1246.0 ship 0
719.0 1213.0 731.0 1213.0 732.0 1246.0 719.0 1247.0 ship 0
731.0 1203.0 717.0 1204.0 715.0 1170.0 729.0 1170.0 ship 0
746.0 1203.0 731.0 1203.0 730.0 1171.0 745.0 1170.0 ship 0
762.0 1199.0 749.0 1201.0 747.0 1169.0 760.0 1168.0 ship 0
748.0 1214.0 762.0 1213.0 764.0 1244.0 750.0 1244.0 ship 0
762.0 1211.0 777.0 1210.0 779.0 1242.0 764.0 1243.0 ship 0
798.0 1210.0 811.0 1210.0 811.0 1244.0 798.0 1244.0 ship 0
781.0 1212.0 793.0 1212.0 794.0 1243.0 782.0 1242.0 ship 0
779.0 1200.0 765.0 1201.0 762.0 1170.0 776.0 1169.0 ship 0
795.0 1200.0 782.0 1201.0 780.0 1168.0 793.0 1167.0 ship 0
807.0 1199.0 795.0 1200.0 793.0 1169.0 806.0 1168.0 ship 0
824.0 1199.0 812.0 1199.0 810.0 1168.0 823.0 1168.0 ship 0
840.0 1197.0 826.0 1198.0 825.0 1166.0 839.0 1166.0 ship 0
859.0 1197.0 845.0 1197.0 843.0 1165.0 857.0 1165.0 ship 0
671.0 1215.0 684.0 1215.0 684.0 1246.0 671.0 1247.0 ship 0
684.0 1205.0 669.0 1206.0 667.0 1173.0 681.0 1172.0 ship 0
813.0 1211.0 826.0 1211.0 828.0 1244.0 815.0 1244.0 ship 0
637.0 1220.0 652.0 1220.0 652.0 1255.0 639.0 1256.0 ship 0
545.0 1349.0 532.0 1349.0 530.0 1318.0 544.0 1317.0 ship 0
496.0 1223.0 511.0 1222.0 511.0 1260.0 496.0 1261.0 ship 0
541.0 1209.0 526.0 1211.0 524.0 1177.0 540.0 1177.0 ship 0
571.0 1173.0 584.0 1172.0 586.0 1210.0 573.0 1211.0 ship 0
569.0 1210.0 559.0 1210.0 558.0 1182.0 570.0 1182.0 ship 0
527.0 1222.0 542.0 1221.0 542.0 1256.0 527.0 1257.0 ship 0
542.0 1224.0 557.0 1223.0 558.0 1257.0 542.0 1258.0 ship 0
560.0 1224.0 571.0 1224.0 571.0 1251.0 561.0 1250.0 ship 0
575.0 1221.0 589.0 1220.0 590.0 1255.0 576.0 1256.0 ship 0
591.0 1222.0 604.0 1220.0 606.0 1253.0 593.0 1252.0 ship 0
605.0 1219.0 620.0 1218.0 622.0 1253.0 606.0 1253.0 ship 0
618.0 1209.0 604.0 1209.0 602.0 1178.0 615.0 1177.0 ship 0
603.0 1208.0 590.0 1209.0 589.0 1173.0 601.0 1173.0 ship 0
697.0 1205.0 687.0 1205.0 686.0 1175.0 697.0 1175.0 ship 0
666.0 1207.0 653.0 1207.0 652.0 1172.0 665.0 1171.0 ship 0
635.0 1207.0 622.0 1208.0 620.0 1173.0 634.0 1172.0 ship 0
622.0 1219.0 635.0 1218.0 636.0 1252.0 623.0 1252.0 ship 0
828.0 1209.0 841.0 1209.0 843.0 1244.0 830.0 1245.0 ship 0
768.0 1336.0 757.0 1337.0 755.0 1308.0 765.0 1306.0 ship 0
972.0 1204.0 984.0 1203.0 986.0 1231.0 974.0 1232.0 ship 0
996.0 1336.0 1008.0 1336.0 1009.0 1369.0 997.0 1370.0 ship 0
962.0 1338.0 974.0 1337.0 975.0 1372.0 963.0 1372.0 ship 0
958.0 1327.0 945.0 1327.0 944.0 1296.0 956.0 1295.0 ship 0
844.0 1211.0 856.0 1209.0 858.0 1241.0 846.0 1241.0 ship 0
861.0 1206.0 872.0 1204.0 875.0 1238.0 862.0 1239.0 ship 0
873.0 1196.0 859.0 1196.0 858.0 1161.0 871.0 1161.0 ship 0
888.0 1194.0 875.0 1195.0 874.0 1164.0 885.0 1164.0 ship 0
903.0 1196.0 889.0 1197.0 888.0 1165.0 902.0 1164.0 ship 0
875.0 1207.0 888.0 1206.0 890.0 1235.0 877.0 1237.0 ship 0
891.0 1206.0 905.0 1205.0 906.0 1236.0 893.0 1237.0 ship 0
908.0 1204.0 920.0 1203.0 923.0 1235.0 909.0 1236.0 ship 0
924.0 1204.0 936.0 1204.0 937.0 1232.0 925.0 1233.0 ship 0
936.0 1194.0 923.0 1194.0 921.0 1163.0 934.0 1162.0 ship 0
951.0 1193.0 941.0 1193.0 939.0 1163.0 949.0 1163.0 ship 0
967.0 1192.0 954.0 1192.0 951.0 1160.0 965.0 1159.0 ship 0
941.0 1203.0 953.0 1203.0 953.0 1236.0 940.0 1235.0 ship 0
956.0 1203.0 968.0 1202.0 971.0 1236.0 958.0 1235.0 ship 0
985.0 1193.0 970.0 1193.0 970.0 1159.0 985.0 1160.0 ship 0
977.0 1337.0 991.0 1336.0 991.0 1366.0 978.0 1366.0 ship 0
928.0 1339.0 943.0 1338.0 944.0 1371.0 930.0 1372.0 ship 0
783.0 1337.0 772.0 1337.0 769.0 1306.0 781.0 1306.0 ship 0
916.0 1344.0 925.0 1344.0 926.0 1372.0 916.0 1373.0 ship 0
759.0 1348.0 770.0 1348.0 771.0 1380.0 760.0 1380.0 ship 0
802.0 1348.0 816.0 1347.0 817.0 1383.0 803.0 1382.0 ship 0
837.0 1349.0 848.0 1349.0 849.0 1376.0 838.0 1377.0 ship 0
821.0 1347.0 834.0 1346.0 834.0 1378.0 822.0 1377.0 ship 0
832.0 1335.0 817.0 1336.0 816.0 1303.0 830.0 1301.0 ship 0
816.0 1337.0 802.0 1337.0 801.0 1304.0 814.0 1303.0 ship 0
848.0 1334.0 833.0 1334.0 831.0 1300.0 846.0 1300.0 ship 0
864.0 1333.0 850.0 1334.0 849.0 1305.0 862.0 1304.0 ship 0
879.0 1331.0 866.0 1331.0 865.0 1299.0 878.0 1297.0 ship 0
852.0 1342.0 864.0 1341.0 865.0 1377.0 852.0 1378.0 ship 0
866.0 1341.0 882.0 1340.0 881.0 1373.0 865.0 1374.0 ship 0
885.0 1343.0 896.0 1342.0 897.0 1378.0 885.0 1378.0 ship 0
893.0 1329.0 882.0 1329.0 881.0 1299.0 893.0 1298.0 ship 0
910.0 1329.0 897.0 1330.0 895.0 1300.0 908.0 1298.0 ship 0
926.0 1329.0 913.0 1330.0 912.0 1299.0 926.0 1297.0 ship 0
944.0 1330.0 931.0 1330.0 929.0 1300.0 941.0 1299.0 ship 0
898.0 1344.0 912.0 1344.0 912.0 1375.0 898.0 1375.0 ship 0
919.0 159.0 921.0 182.0 265.0 219.0 263.0 196.0 harbor 0
