imagesource:GoogleEarth
gsd:0.126528147491
143.0 703.0 141.0 721.0 107.0 711.0 107.0 694.0 small-vehicle 1
838.0 585.0 908.0 528.0 1026.0 676.0 958.0 732.0 tennis-court 0
312.0 49.0 326.0 38.0 348.0 65.0 334.0 78.0 small-vehicle 0
299.0 109.0 285.0 121.0 262.0 92.0 277.0 80.0 small-vehicle 0
284.0 122.0 269.0 136.0 244.0 105.0 256.0 93.0 small-vehicle 0
263.0 133.0 250.0 144.0 228.0 119.0 241.0 106.0 small-vehicle 0
77.0 284.0 65.0 296.0 41.0 267.0 52.0 255.0 small-vehicle 0
74.0 242.0 84.0 229.0 110.0 254.0 98.0 268.0 small-vehicle 0
160.0 215.0 146.0 227.0 123.0 202.0 136.0 188.0 small-vehicle 0
178.0 201.0 165.0 214.0 140.0 187.0 154.0 173.0 small-vehicle 0
214.0 176.0 200.0 188.0 178.0 161.0 191.0 149.0 small-vehicle 0
1139.0 407.0 1254.0 369.0 1323.0 578.0 1205.0 614.0 basketball-court 0
928.0 511.0 997.0 455.0 1116.0 602.0 1049.0 659.0 tennis-court 0
749.0 656.0 819.0 600.0 937.0 749.0 870.0 804.0 tennis-court 0
114.0 657.0 113.0 673.0 77.0 664.0 78.0 647.0 small-vehicle 1
659.0 730.0 728.0 675.0 847.0 822.0 778.0 879.0 tennis-court 0
569.0 806.0 638.0 746.0 756.0 894.0 687.0 951.0 tennis-court 0
747.0 287.0 816.0 229.0 935.0 379.0 866.0 435.0 tennis-court 0
656.0 361.0 723.0 304.0 844.0 451.0 777.0 507.0 tennis-court 0
567.0 433.0 636.0 378.0 755.0 523.0 688.0 580.0 tennis-court 0
477.0 506.0 547.0 448.0 666.0 597.0 594.0 653.0 tennis-court 0
386.0 578.0 456.0 523.0 575.0 669.0 506.0 725.0 tennis-court 0
528.0 74.0 624.0 0.0 761.0 168.0 665.0 242.0 basketball-court 0
424.0 158.0 518.0 82.0 655.0 252.0 560.0 328.0 basketball-court 0
213.0 328.0 308.0 252.0 445.0 422.0 353.0 500.0 basketball-court 0
317.0 243.0 414.0 165.0 551.0 338.0 455.0 412.0 basketball-court 0
382.0 39.0 369.0 50.0 345.0 22.0 356.0 11.0 small-vehicle 0
196.0 839.0 196.0 823.0 231.0 826.0 231.0 842.0 small-vehicle 0
216.0 882.0 218.0 866.0 256.0 869.0 255.0 888.0 small-vehicle 0
229.0 909.0 232.0 892.0 268.0 895.0 266.0 913.0 small-vehicle 0
55.0 924.0 40.0 934.0 22.0 911.0 37.0 899.0 small-vehicle 1
324.0 1057.0 328.0 1038.0 362.0 1047.0 358.0 1063.0 small-vehicle 1
378.0 898.0 396.0 905.0 385.0 940.0 366.0 934.0 small-vehicle 1
329.0 839.0 346.0 843.0 337.0 879.0 320.0 875.0 small-vehicle 1
200.0 861.0 202.0 844.0 236.0 849.0 233.0 864.0 small-vehicle 1
29.0 590.0 31.0 574.0 68.0 578.0 65.0 594.0 small-vehicle 1
14.0 566.0 16.0 550.0 53.0 554.0 51.0 569.0 small-vehicle 1
133.0 245.0 118.0 255.0 95.0 231.0 109.0 218.0 small-vehicle 1
144.0 225.0 130.0 239.0 108.0 214.0 122.0 201.0 small-vehicle 1
232.0 161.0 218.0 173.0 194.0 145.0 207.0 133.0 small-vehicle 1
248.0 148.0 234.0 159.0 208.0 129.0 221.0 118.0 small-vehicle 1
318.0 95.0 302.0 107.0 277.0 78.0 291.0 65.0 small-vehicle 1
329.0 34.0 343.0 23.0 365.0 50.0 350.0 60.0 small-vehicle 1
331.0 81.0 318.0 92.0 294.0 64.0 308.0 52.0 small-vehicle 1
1344.0 602.0 1462.0 563.0 1529.0 770.0 1413.0 809.0 basketball-court 0
1266.0 365.0 1384.0 326.0 1452.0 534.0 1335.0 573.0 basketball-court 0
314.0 805.0 332.0 810.0 320.0 850.0 301.0 842.0 small-vehicle 0
358.0 879.0 376.0 884.0 368.0 917.0 350.0 913.0 small-vehicle 0
343.0 859.0 361.0 866.0 352.0 894.0 334.0 889.0 small-vehicle 0
276.0 984.0 278.0 965.0 316.0 970.0 316.0 988.0 small-vehicle 0
149.0 1097.0 135.0 1107.0 114.0 1072.0 129.0 1061.0 small-vehicle 0
257.0 934.0 258.0 919.0 295.0 922.0 295.0 938.0 small-vehicle 0
31.0 777.0 45.0 768.0 64.0 801.0 52.0 809.0 small-vehicle 0
108.0 415.0 203.0 336.0 342.0 506.0 240.0 582.0 basketball-court 0
