imagesource:GoogleEarth
gsd:0.26912515696
1557.0 1685.0 1554.0 1677.0 1577.0 1668.0 1580.0 1676.0 small-vehicle 1
173.0 1605.0 182.0 1609.0 175.0 1624.0 167.0 1620.0 small-vehicle 1
12.0 1516.0 21.0 1520.0 11.0 1535.0 3.0 1531.0 small-vehicle 1
22.0 1521.0 29.0 1526.0 20.0 1538.0 14.0 1534.0 small-vehicle 1
31.0 1526.0 37.0 1530.0 30.0 1545.0 23.0 1540.0 small-vehicle 1
48.0 1555.0 40.0 1551.0 46.0 1535.0 55.0 1539.0 small-vehicle 1
64.0 1544.0 71.0 1548.0 63.0 1563.0 57.0 1560.0 small-vehicle 1
82.0 1551.0 89.0 1555.0 80.0 1571.0 74.0 1568.0 small-vehicle 1
90.0 1557.0 98.0 1561.0 89.0 1577.0 82.0 1573.0 small-vehicle 1
99.0 1561.0 107.0 1566.0 98.0 1582.0 91.0 1578.0 small-vehicle 1
108.0 1565.0 115.0 1572.0 106.0 1587.0 99.0 1584.0 small-vehicle 1
143.0 1584.0 150.0 1590.0 142.0 1604.0 135.0 1600.0 small-vehicle 1
151.0 1590.0 158.0 1594.0 151.0 1610.0 144.0 1605.0 small-vehicle 1
159.0 1595.0 167.0 1600.0 160.0 1614.0 153.0 1611.0 small-vehicle 1
167.0 1599.0 174.0 1605.0 166.0 1619.0 159.0 1615.0 small-vehicle 1
183.0 1609.0 189.0 1613.0 182.0 1627.0 175.0 1623.0 small-vehicle 1
178.0 2925.0 177.0 2915.0 202.0 2912.0 203.0 2921.0 small-vehicle 1
190.0 1613.0 198.0 1619.0 187.0 1632.0 182.0 1628.0 small-vehicle 1
195.0 1622.0 202.0 1629.0 196.0 1642.0 189.0 1638.0 small-vehicle 1
20.0 1571.0 27.0 1575.0 17.0 1591.0 12.0 1585.0 small-vehicle 1
32.0 1581.0 40.0 1586.0 31.0 1600.0 25.0 1595.0 small-vehicle 1
43.0 1584.0 52.0 1588.0 42.0 1604.0 36.0 1599.0 small-vehicle 1
53.0 1589.0 60.0 1594.0 51.0 1608.0 44.0 1604.0 small-vehicle 1
60.0 1595.0 69.0 1600.0 61.0 1614.0 54.0 1609.0 small-vehicle 1
70.0 1599.0 77.0 1602.0 69.0 1618.0 62.0 1613.0 small-vehicle 1
79.0 1604.0 87.0 1608.0 78.0 1624.0 70.0 1618.0 small-vehicle 1
85.0 1609.0 94.0 1612.0 85.0 1629.0 77.0 1625.0 small-vehicle 1
96.0 1611.0 104.0 1617.0 94.0 1633.0 88.0 1628.0 small-vehicle 1
136.0 1635.0 146.0 1640.0 136.0 1655.0 128.0 1651.0 small-vehicle 1
161.0 1650.0 170.0 1656.0 161.0 1670.0 154.0 1666.0 small-vehicle 1
123.0 2527.0 128.0 2532.0 114.0 2544.0 108.0 2539.0 small-vehicle 1
33.0 1404.0 38.0 1396.0 56.0 1407.0 49.0 1415.0 small-vehicle 1
84.0 1403.0 90.0 1395.0 108.0 1405.0 103.0 1414.0 small-vehicle 0
85.0 1436.0 90.0 1429.0 103.0 1439.0 100.0 1446.0 small-vehicle 0
425.0 1855.0 435.0 1852.0 442.0 1870.0 432.0 1873.0 small-vehicle 1
430.0 1824.0 439.0 1821.0 443.0 1845.0 435.0 1847.0 small-vehicle 1
453.0 1905.0 462.0 1902.0 467.0 1920.0 459.0 1923.0 small-vehicle 1
510.0 1845.0 520.0 1844.0 521.0 1865.0 511.0 1867.0 small-vehicle 1
475.0 1847.0 486.0 1844.0 492.0 1865.0 482.0 1867.0 small-vehicle 1
483.0 1879.0 496.0 1874.0 500.0 1897.0 491.0 1900.0 small-vehicle 1
502.0 1893.0 511.0 1895.0 513.0 1916.0 504.0 1917.0 small-vehicle 1
409.0 1861.0 420.0 1858.0 429.0 1884.0 418.0 1887.0 large-vehicle 0
422.0 1912.0 433.0 1912.0 437.0 1935.0 426.0 1936.0 large-vehicle 0
442.0 1726.0 450.0 1724.0 457.0 1743.0 447.0 1746.0 small-vehicle 0
491.0 1713.0 500.0 1710.0 507.0 1725.0 498.0 1729.0 small-vehicle 0
435.0 1707.0 444.0 1704.0 448.0 1721.0 440.0 1723.0 small-vehicle 0
454.0 1674.0 463.0 1669.0 471.0 1688.0 464.0 1693.0 small-vehicle 0
463.0 1631.0 473.0 1632.0 473.0 1650.0 462.0 1652.0 small-vehicle 1
443.0 1606.0 451.0 1598.0 462.0 1617.0 454.0 1621.0 small-vehicle 1
392.0 1605.0 395.0 1597.0 411.0 1609.0 407.0 1613.0 small-vehicle 1
415.0 1600.0 420.0 1593.0 436.0 1602.0 432.0 1609.0 small-vehicle 1
383.0 1657.0 392.0 1656.0 397.0 1673.0 389.0 1675.0 small-vehicle 1
417.0 1616.0 422.0 1609.0 440.0 1618.0 435.0 1627.0 small-vehicle 0
421.0 1589.0 427.0 1584.0 443.0 1594.0 438.0 1603.0 small-vehicle 0
279.0 1545.0 283.0 1536.0 300.0 1546.0 295.0 1554.0 small-vehicle 0
318.0 1565.0 322.0 1556.0 337.0 1566.0 333.0 1574.0 small-vehicle 0
191.0 1463.0 196.0 1454.0 214.0 1466.0 208.0 1473.0 small-vehicle 0
245.0 1495.0 249.0 1484.0 269.0 1498.0 264.0 1506.0 small-vehicle 0
154.0 1500.0 155.0 1491.0 177.0 1495.0 176.0 1503.0 small-vehicle 0
132.0 1427.0 136.0 1419.0 154.0 1431.0 150.0 1438.0 small-vehicle 0
211.0 1511.0 216.0 1498.0 259.0 1518.0 256.0 1529.0 large-vehicle 0
170.0 1655.0 180.0 1661.0 170.0 1675.0 163.0 1670.0 small-vehicle 1
192.0 1675.0 195.0 1685.0 179.0 1691.0 176.0 1683.0 small-vehicle 1
201.0 1695.0 206.0 1704.0 189.0 1711.0 185.0 1703.0 small-vehicle 1
51.0 1784.0 56.0 1778.0 71.0 1787.0 68.0 1794.0 small-vehicle 0
40.0 1704.0 44.0 1694.0 61.0 1704.0 57.0 1711.0 small-vehicle 0
166.0 1825.0 176.0 1823.0 178.0 1842.0 169.0 1844.0 small-vehicle 0
170.0 1844.0 160.0 1846.0 157.0 1827.0 165.0 1826.0 small-vehicle 0
132.0 1857.0 123.0 1858.0 117.0 1839.0 127.0 1837.0 small-vehicle 0
68.0 1889.0 61.0 1891.0 55.0 1872.0 63.0 1870.0 small-vehicle 0
61.0 1892.0 52.0 1894.0 47.0 1878.0 54.0 1874.0 small-vehicle 0
43.0 1902.0 53.0 1901.0 52.0 1920.0 44.0 1920.0 small-vehicle 0
83.0 1901.0 91.0 1900.0 92.0 1920.0 83.0 1920.0 small-vehicle 0
91.0 1899.0 102.0 1899.0 102.0 1919.0 94.0 1919.0 small-vehicle 0
123.0 1900.0 132.0 1898.0 136.0 1916.0 128.0 1918.0 small-vehicle 0
152.0 1892.0 159.0 1888.0 165.0 1908.0 159.0 1910.0 small-vehicle 0
175.0 1928.0 184.0 1932.0 176.0 1948.0 167.0 1945.0 small-vehicle 0
212.0 1948.0 220.0 1951.0 210.0 1968.0 202.0 1964.0 small-vehicle 0
280.0 1977.0 281.0 1989.0 263.0 1991.0 261.0 1982.0 small-vehicle 0
120.0 1974.0 113.0 1968.0 120.0 1951.0 129.0 1955.0 small-vehicle 0
137.0 1981.0 131.0 1977.0 138.0 1960.0 146.0 1965.0 small-vehicle 0
146.0 1989.0 153.0 1991.0 145.0 2007.0 137.0 2003.0 small-vehicle 0
111.0 1969.0 120.0 1975.0 111.0 1990.0 103.0 1986.0 small-vehicle 0
146.0 1987.0 138.0 1981.0 147.0 1966.0 154.0 1971.0 small-vehicle 0
156.0 1991.0 148.0 1988.0 156.0 1971.0 162.0 1974.0 small-vehicle 0
163.0 1975.0 170.0 1979.0 165.0 1994.0 158.0 1991.0 small-vehicle 0
173.0 2000.0 162.0 1996.0 172.0 1979.0 179.0 1983.0 small-vehicle 0
205.0 2018.0 199.0 2014.0 205.0 1999.0 213.0 2002.0 small-vehicle 0
196.0 2013.0 204.0 2017.0 198.0 2032.0 191.0 2029.0 small-vehicle 0
178.0 2007.0 185.0 2011.0 179.0 2026.0 172.0 2022.0 small-vehicle 0
205.0 2018.0 212.0 2025.0 207.0 2040.0 198.0 2035.0 small-vehicle 0
129.0 1980.0 136.0 1984.0 129.0 1996.0 123.0 1994.0 small-vehicle 1
114.0 1755.0 110.0 1763.0 93.0 1755.0 95.0 1747.0 small-vehicle 0
58.0 1778.0 61.0 1770.0 76.0 1780.0 73.0 1787.0 small-vehicle 0
204.0 1704.0 207.0 1714.0 191.0 1719.0 190.0 1710.0 small-vehicle 1
1.0 1779.0 6.0 1772.0 21.0 1783.0 17.0 1789.0 small-vehicle 0
208.0 1715.0 211.0 1723.0 194.0 1726.0 191.0 1717.0 small-vehicle 1
212.0 1722.0 214.0 1732.0 200.0 1738.0 196.0 1728.0 small-vehicle 1
216.0 1732.0 219.0 1740.0 202.0 1746.0 198.0 1737.0 small-vehicle 1
219.0 1742.0 222.0 1749.0 206.0 1755.0 203.0 1748.0 small-vehicle 1
222.0 1749.0 225.0 1757.0 209.0 1763.0 206.0 1755.0 small-vehicle 1
105.0 1617.0 113.0 1621.0 103.0 1637.0 95.0 1633.0 small-vehicle 0
113.0 1623.0 122.0 1628.0 112.0 1644.0 104.0 1639.0 small-vehicle 0
120.0 1629.0 129.0 1632.0 119.0 1648.0 112.0 1643.0 small-vehicle 0
129.0 1633.0 137.0 1638.0 127.0 1651.0 120.0 1647.0 small-vehicle 0
145.0 1640.0 155.0 1647.0 145.0 1662.0 138.0 1657.0 small-vehicle 0
156.0 1645.0 162.0 1652.0 153.0 1667.0 146.0 1662.0 small-vehicle 0
180.0 1659.0 188.0 1663.0 179.0 1681.0 170.0 1676.0 small-vehicle 0
194.0 1685.0 199.0 1696.0 182.0 1703.0 179.0 1694.0 small-vehicle 0
228.0 1762.0 231.0 1772.0 211.0 1776.0 208.0 1769.0 small-vehicle 0
231.0 1782.0 234.0 1792.0 215.0 1797.0 214.0 1787.0 small-vehicle 0
134.0 1581.0 142.0 1588.0 132.0 1603.0 124.0 1600.0 small-vehicle 0
73.0 1549.0 82.0 1553.0 72.0 1569.0 66.0 1564.0 small-vehicle 0
57.0 1539.0 65.0 1544.0 56.0 1560.0 49.0 1555.0 small-vehicle 0
40.0 1552.0 32.0 1546.0 41.0 1531.0 47.0 1536.0 small-vehicle 0
35.0 1667.0 38.0 1657.0 58.0 1671.0 56.0 1676.0 small-vehicle 0
62.0 1669.0 64.0 1661.0 79.0 1673.0 77.0 1679.0 small-vehicle 0
57.0 1681.0 59.0 1669.0 76.0 1680.0 71.0 1688.0 small-vehicle 0
103.0 1693.0 106.0 1684.0 125.0 1696.0 121.0 1703.0 small-vehicle 0
128.0 1687.0 125.0 1693.0 108.0 1683.0 114.0 1675.0 small-vehicle 0
117.0 1713.0 120.0 1705.0 138.0 1716.0 133.0 1721.0 small-vehicle 0
153.0 1743.0 158.0 1736.0 172.0 1745.0 168.0 1754.0 small-vehicle 0
78.0 1825.0 72.0 1832.0 55.0 1821.0 59.0 1815.0 small-vehicle 0
445.0 1878.0 455.0 1873.0 461.0 1896.0 452.0 1898.0 small-vehicle 1
490.0 1801.0 499.0 1799.0 502.0 1820.0 494.0 1821.0 small-vehicle 1
506.0 1789.0 514.0 1787.0 517.0 1804.0 509.0 1805.0 small-vehicle 1
398.0 1347.0 403.0 1340.0 418.0 1349.0 415.0 1357.0 small-vehicle 0
513.0 1399.0 516.0 1390.0 537.0 1399.0 533.0 1407.0 small-vehicle 0
598.0 1456.0 607.0 1448.0 621.0 1465.0 613.0 1471.0 small-vehicle 0
583.0 1466.0 590.0 1460.0 605.0 1479.0 598.0 1484.0 small-vehicle 0
573.0 1473.0 582.0 1466.0 597.0 1484.0 588.0 1489.0 small-vehicle 0
725.0 1476.0 735.0 1471.0 742.0 1494.0 731.0 1498.0 small-vehicle 0
750.0 1523.0 741.0 1526.0 733.0 1506.0 742.0 1503.0 small-vehicle 0
799.0 1531.0 788.0 1533.0 785.0 1510.0 796.0 1508.0 small-vehicle 0
1160.0 1438.0 1155.0 1445.0 1138.0 1434.0 1145.0 1426.0 small-vehicle 0
1158.0 1454.0 1161.0 1444.0 1182.0 1455.0 1178.0 1462.0 small-vehicle 0
1175.0 1467.0 1171.0 1474.0 1151.0 1463.0 1154.0 1457.0 small-vehicle 0
1168.0 1476.0 1162.0 1483.0 1143.0 1473.0 1148.0 1464.0 small-vehicle 0
1582.0 1396.0 1584.0 1405.0 1561.0 1411.0 1559.0 1401.0 small-vehicle 0
1502.0 1502.0 1511.0 1497.0 1523.0 1518.0 1514.0 1522.0 small-vehicle 0
1533.0 1545.0 1529.0 1535.0 1551.0 1529.0 1554.0 1539.0 small-vehicle 0
1594.0 1470.0 1586.0 1477.0 1571.0 1459.0 1581.0 1454.0 small-vehicle 0
1553.0 1647.0 1551.0 1637.0 1570.0 1632.0 1574.0 1640.0 small-vehicle 0
1326.0 1789.0 1335.0 1793.0 1325.0 1809.0 1317.0 1805.0 small-vehicle 0
1797.0 1743.0 1810.0 1747.0 1793.0 1799.0 1778.0 1793.0 large-vehicle 0
1129.0 1752.0 1116.0 1747.0 1144.0 1693.0 1158.0 1701.0 large-vehicle 0
1434.0 1817.0 1444.0 1822.0 1435.0 1839.0 1425.0 1835.0 small-vehicle 0
874.0 1824.0 871.0 1814.0 894.0 1810.0 896.0 1818.0 small-vehicle 0
732.0 2401.0 742.0 2407.0 734.0 2426.0 724.0 2420.0 small-vehicle 0
721.0 2398.0 730.0 2400.0 722.0 2420.0 715.0 2415.0 small-vehicle 1
708.0 2393.0 716.0 2399.0 707.0 2414.0 698.0 2410.0 small-vehicle 1
865.0 2484.0 873.0 2488.0 867.0 2504.0 858.0 2500.0 small-vehicle 1
837.0 2452.0 846.0 2457.0 837.0 2472.0 830.0 2468.0 small-vehicle 1
966.0 2471.0 957.0 2466.0 968.0 2449.0 977.0 2454.0 small-vehicle 1
512.0 1388.0 509.0 1397.0 489.0 1394.0 491.0 1384.0 small-vehicle 0
370.0 1334.0 375.0 1327.0 394.0 1337.0 391.0 1345.0 small-vehicle 0
858.0 2310.0 848.0 2309.0 849.0 2286.0 860.0 2287.0 small-vehicle 1
591.0 1106.0 600.0 1108.0 594.0 1135.0 585.0 1134.0 large-vehicle 0
865.0 224.0 915.0 127.0 1027.0 189.0 980.0 279.0 plane 0
802.0 705.0 806.0 576.0 951.0 586.0 945.0 714.0 plane 0
514.0 688.0 407.0 599.0 528.0 467.0 620.0 546.0 plane 0
416.0 1145.0 482.0 1040.0 607.0 1106.0 545.0 1213.0 plane 0
394.0 1329.0 439.0 1213.0 565.0 1255.0 520.0 1379.0 plane 0
1147.0 1291.0 1082.0 1411.0 953.0 1344.0 1018.0 1226.0 plane 0
1009.0 1743.0 1134.0 1783.0 1091.0 1920.0 967.0 1884.0 plane 0
1459.0 1954.0 1581.0 1919.0 1626.0 2056.0 1505.0 2096.0 plane 0
1542.0 1889.0 1616.0 1775.0 1738.0 1854.0 1667.0 1963.0 plane 0
1621.0 1769.0 1638.0 1634.0 1791.0 1655.0 1771.0 1789.0 plane 0
1625.0 1585.0 1656.0 1460.0 1799.0 1496.0 1771.0 1615.0 plane 0
1982.0 1221.0 1878.0 1306.0 1785.0 1197.0 1886.0 1117.0 plane 0
1529.0 1314.0 1459.0 1200.0 1597.0 1106.0 1681.0 1229.0 plane 0
1823.0 879.0 1790.0 1015.0 1636.0 972.0 1675.0 838.0 plane 0
859.0 2770.0 940.0 2820.0 885.0 2915.0 797.0 2867.0 plane 0
1071.0 2773.0 1154.0 2724.0 1224.0 2819.0 1150.0 2874.0 plane 0
1116.0 2587.0 1086.0 2455.0 1252.0 2424.0 1281.0 2557.0 plane 0
894.0 2430.0 803.0 2327.0 913.0 2234.0 1002.0 2326.0 plane 0
720.0 2360.0 622.0 2234.0 769.0 2130.0 860.0 2251.0 plane 0
2309.0 1825.0 2162.0 1795.0 2195.0 1611.0 2345.0 1643.0 plane 0
337.0 632.0 228.0 714.0 133.0 584.0 249.0 507.0 plane 0
303.0 738.0 239.0 853.0 107.0 790.0 166.0 670.0 plane 0
215.0 1012.0 82.0 1057.0 17.0 906.0 153.0 855.0 plane 0
695.0 1016.0 705.0 1023.0 694.0 1042.0 685.0 1038.0 large-vehicle 0
389.0 1033.0 394.0 1023.0 414.0 1033.0 410.0 1043.0 small-vehicle 0
410.0 1084.0 406.0 1092.0 389.0 1083.0 393.0 1076.0 small-vehicle 0
491.0 1196.0 494.0 1186.0 515.0 1194.0 512.0 1202.0 small-vehicle 0
940.0 2436.0 930.0 2431.0 942.0 2409.0 950.0 2415.0 small-vehicle 1
1189.0 2407.0 1194.0 2396.0 1215.0 2408.0 1211.0 2417.0 small-vehicle 1
517.0 1786.0 525.0 1784.0 527.0 1802.0 519.0 1803.0 small-vehicle 1
105.0 2576.0 110.0 2584.0 92.0 2593.0 87.0 2585.0 small-vehicle 1
223.0 2332.0 233.0 2337.0 224.0 2352.0 215.0 2348.0 small-vehicle 1
288.0 2258.0 296.0 2264.0 287.0 2277.0 278.0 2274.0 small-vehicle 1
312.0 2314.0 320.0 2318.0 312.0 2333.0 303.0 2330.0 small-vehicle 1
312.0 2345.0 320.0 2350.0 313.0 2366.0 303.0 2362.0 small-vehicle 1
324.0 2320.0 330.0 2325.0 323.0 2340.0 316.0 2335.0 small-vehicle 1
339.0 2296.0 346.0 2302.0 338.0 2316.0 332.0 2313.0 small-vehicle 1
355.0 2270.0 362.0 2274.0 354.0 2291.0 346.0 2288.0 small-vehicle 1
376.0 2229.0 385.0 2233.0 376.0 2251.0 366.0 2247.0 small-vehicle 1
390.0 2205.0 397.0 2209.0 388.0 2227.0 380.0 2222.0 small-vehicle 1
376.0 2171.0 380.0 2174.0 370.0 2189.0 363.0 2185.0 small-vehicle 1
399.0 2124.0 405.0 2125.0 402.0 2144.0 394.0 2142.0 small-vehicle 1
433.0 2127.0 441.0 2131.0 434.0 2149.0 424.0 2145.0 small-vehicle 1
420.0 2151.0 428.0 2155.0 418.0 2170.0 411.0 2167.0 small-vehicle 1
408.0 2178.0 414.0 2182.0 406.0 2198.0 398.0 2195.0 small-vehicle 1
444.0 2106.0 453.0 2111.0 444.0 2127.0 436.0 2124.0 small-vehicle 1
484.0 2122.0 484.0 2132.0 464.0 2134.0 463.0 2125.0 small-vehicle 1
465.0 2154.0 464.0 2163.0 444.0 2165.0 445.0 2155.0 small-vehicle 1
477.0 2023.0 485.0 2026.0 478.0 2042.0 469.0 2038.0 small-vehicle 1
516.0 1975.0 523.0 1979.0 516.0 1995.0 511.0 1991.0 small-vehicle 1
538.0 1932.0 547.0 1934.0 539.0 1952.0 531.0 1950.0 small-vehicle 1
515.0 1946.0 524.0 1950.0 515.0 1965.0 509.0 1962.0 small-vehicle 1
496.0 1951.0 504.0 1954.0 498.0 1970.0 492.0 1967.0 small-vehicle 1
542.0 1903.0 550.0 1903.0 551.0 1922.0 542.0 1922.0 small-vehicle 1
539.0 1880.0 546.0 1879.0 549.0 1897.0 541.0 1898.0 small-vehicle 1
533.0 1849.0 541.0 1848.0 541.0 1868.0 532.0 1868.0 small-vehicle 1
526.0 1832.0 532.0 1833.0 530.0 1851.0 524.0 1849.0 small-vehicle 1
519.0 1810.0 528.0 1808.0 534.0 1828.0 526.0 1830.0 small-vehicle 1
123.0 2547.0 128.0 2555.0 111.0 2567.0 106.0 2559.0 small-vehicle 1
22.0 2612.0 23.0 2620.0 4.0 2621.0 6.0 2613.0 small-vehicle 1
1220.0 2410.0 1223.0 2402.0 1245.0 2413.0 1240.0 2421.0 small-vehicle 1
62.0 2596.0 68.0 2602.0 53.0 2610.0 50.0 2604.0 small-vehicle 0
887.0 2217.0 894.0 2224.0 878.0 2241.0 871.0 2235.0 small-vehicle 1
683.0 2550.0 691.0 2555.0 680.0 2569.0 673.0 2563.0 small-vehicle 1
710.0 2564.0 717.0 2568.0 707.0 2583.0 700.0 2578.0 small-vehicle 1
805.0 2615.0 814.0 2622.0 800.0 2638.0 792.0 2633.0 small-vehicle 0
815.0 2622.0 823.0 2629.0 814.0 2645.0 805.0 2639.0 small-vehicle 0
892.0 2677.0 900.0 2682.0 892.0 2697.0 885.0 2691.0 small-vehicle 0
900.0 2683.0 906.0 2688.0 898.0 2703.0 891.0 2697.0 small-vehicle 0
908.0 2690.0 915.0 2695.0 907.0 2711.0 900.0 2707.0 small-vehicle 0
917.0 2694.0 926.0 2699.0 916.0 2716.0 909.0 2711.0 small-vehicle 0
924.0 2740.0 914.0 2735.0 925.0 2712.0 933.0 2717.0 small-vehicle 0
1180.0 2909.0 1172.0 2903.0 1184.0 2885.0 1191.0 2889.0 small-vehicle 0
1155.0 2914.0 1143.0 2910.0 1158.0 2876.0 1169.0 2881.0 large-vehicle 0
524.0 2537.0 531.0 2545.0 514.0 2557.0 508.0 2549.0 small-vehicle 0
464.0 2574.0 466.0 2586.0 445.0 2590.0 442.0 2579.0 small-vehicle 0
443.0 2618.0 434.0 2621.0 426.0 2600.0 437.0 2596.0 small-vehicle 0
238.0 2794.0 249.0 2788.0 260.0 2810.0 250.0 2814.0 small-vehicle 0
363.0 2838.0 355.0 2844.0 338.0 2828.0 347.0 2820.0 small-vehicle 0
323.0 2954.0 331.0 2947.0 344.0 2966.0 337.0 2973.0 small-vehicle 0
47.0 2539.0 51.0 2549.0 18.0 2564.0 12.0 2554.0 large-vehicle 0
101.0 2473.0 107.0 2482.0 74.0 2506.0 67.0 2497.0 large-vehicle 0
121.0 2489.0 128.0 2497.0 106.0 2514.0 101.0 2506.0 large-vehicle 0
372.0 1731.0 383.0 1727.0 391.0 1756.0 380.0 1760.0 large-vehicle 0
358.0 1684.0 370.0 1680.0 378.0 1707.0 368.0 1711.0 large-vehicle 0
296.0 1523.0 301.0 1513.0 332.0 1536.0 327.0 1545.0 large-vehicle 0
271.0 1510.0 274.0 1499.0 300.0 1514.0 294.0 1523.0 large-vehicle 0
25.0 2519.0 30.0 2528.0 11.0 2536.0 6.0 2527.0 small-vehicle 0
24.0 2584.0 27.0 2592.0 9.0 2599.0 6.0 2591.0 small-vehicle 0
26.0 2001.0 34.0 2006.0 24.0 2022.0 17.0 2018.0 small-vehicle 0
71.0 2023.0 63.0 2018.0 71.0 2002.0 79.0 2007.0 small-vehicle 0
79.0 2028.0 72.0 2024.0 80.0 2007.0 88.0 2012.0 small-vehicle 0
177.0 2224.0 173.0 2231.0 158.0 2224.0 161.0 2216.0 small-vehicle 1
83.0 2236.0 91.0 2240.0 81.0 2257.0 75.0 2251.0 small-vehicle 1
91.0 2241.0 98.0 2246.0 91.0 2261.0 84.0 2256.0 small-vehicle 1
110.0 2250.0 103.0 2245.0 111.0 2228.0 118.0 2233.0 small-vehicle 1
101.0 2244.0 93.0 2240.0 103.0 2221.0 110.0 2226.0 small-vehicle 1
75.0 2229.0 83.0 2235.0 75.0 2250.0 68.0 2246.0 small-vehicle 1
85.0 2212.0 92.0 2218.0 84.0 2234.0 79.0 2228.0 small-vehicle 1
76.0 2229.0 68.0 2225.0 79.0 2208.0 84.0 2211.0 small-vehicle 1
58.0 2222.0 67.0 2225.0 59.0 2240.0 51.0 2236.0 small-vehicle 1
49.0 2217.0 56.0 2221.0 49.0 2236.0 41.0 2232.0 small-vehicle 1
36.0 2002.0 29.0 1997.0 36.0 1981.0 43.0 1986.0 small-vehicle 1
48.0 2006.0 39.0 2002.0 44.0 1985.0 53.0 1990.0 small-vehicle 1
54.0 2011.0 49.0 2007.0 54.0 1991.0 62.0 1996.0 small-vehicle 1
63.0 2017.0 55.0 2014.0 62.0 1996.0 70.0 2001.0 small-vehicle 1
96.0 2037.0 88.0 2032.0 95.0 2015.0 104.0 2019.0 small-vehicle 1
35.0 2006.0 42.0 2008.0 35.0 2025.0 28.0 2022.0 small-vehicle 1
44.0 2010.0 51.0 2015.0 44.0 2031.0 36.0 2027.0 small-vehicle 1
68.0 2025.0 75.0 2030.0 67.0 2046.0 61.0 2041.0 small-vehicle 1
77.0 2028.0 85.0 2033.0 78.0 2048.0 70.0 2044.0 small-vehicle 1
85.0 2033.0 94.0 2038.0 84.0 2052.0 77.0 2049.0 small-vehicle 1
93.0 2036.0 102.0 2041.0 95.0 2056.0 88.0 2053.0 small-vehicle 1
132.0 2052.0 122.0 2048.0 132.0 2030.0 140.0 2035.0 small-vehicle 1
122.0 2048.0 116.0 2046.0 121.0 2029.0 130.0 2033.0 small-vehicle 1
109.0 2073.0 101.0 2068.0 111.0 2050.0 120.0 2054.0 small-vehicle 1
118.0 2076.0 112.0 2072.0 120.0 2050.0 128.0 2055.0 small-vehicle 1
129.0 2077.0 120.0 2074.0 128.0 2056.0 136.0 2061.0 small-vehicle 1
144.0 2066.0 153.0 2073.0 147.0 2087.0 138.0 2082.0 small-vehicle 1
154.0 2074.0 159.0 2078.0 153.0 2096.0 145.0 2091.0 small-vehicle 1
181.0 2217.0 177.0 2225.0 162.0 2217.0 164.0 2209.0 small-vehicle 1
173.0 2232.0 169.0 2239.0 151.0 2230.0 154.0 2221.0 small-vehicle 1
169.0 2081.0 177.0 2087.0 168.0 2104.0 161.0 2100.0 small-vehicle 1
169.0 2240.0 164.0 2250.0 148.0 2239.0 152.0 2230.0 small-vehicle 1
215.0 2002.0 222.0 2007.0 213.0 2023.0 206.0 2019.0 small-vehicle 1
221.0 2029.0 215.0 2024.0 223.0 2008.0 232.0 2014.0 small-vehicle 1
231.0 2014.0 239.0 2019.0 231.0 2033.0 222.0 2029.0 small-vehicle 1
218.0 1935.0 215.0 1943.0 199.0 1935.0 203.0 1927.0 small-vehicle 1
210.0 1808.0 218.0 1806.0 223.0 1823.0 214.0 1825.0 small-vehicle 1
277.0 1952.0 278.0 1960.0 263.0 1963.0 261.0 1955.0 small-vehicle 1
278.0 1962.0 279.0 1969.0 263.0 1970.0 262.0 1963.0 small-vehicle 1
279.0 1970.0 281.0 1978.0 263.0 1980.0 262.0 1972.0 small-vehicle 1
89.0 2409.0 94.0 2404.0 108.0 2416.0 101.0 2422.0 small-vehicle 1
81.0 2417.0 88.0 2409.0 99.0 2423.0 93.0 2428.0 small-vehicle 1
8.0 2327.0 16.0 2333.0 7.0 2350.0 0.0 2345.0 small-vehicle 1
33.0 2351.0 36.0 2360.0 16.0 2366.0 13.0 2357.0 small-vehicle 1
59.0 2323.0 49.0 2317.0 58.0 2300.0 66.0 2304.0 small-vehicle 1
31.0 2308.0 24.0 2302.0 32.0 2286.0 41.0 2290.0 small-vehicle 1
22.0 2301.0 15.0 2296.0 24.0 2280.0 31.0 2286.0 small-vehicle 1
13.0 2297.0 7.0 2291.0 16.0 2276.0 23.0 2282.0 small-vehicle 1
8.0 2269.0 16.0 2275.0 7.0 2290.0 2.0 2285.0 small-vehicle 1
53.0 2291.0 45.0 2288.0 53.0 2269.0 60.0 2274.0 small-vehicle 1
60.0 2297.0 52.0 2292.0 61.0 2275.0 68.0 2280.0 small-vehicle 1
67.0 2302.0 60.0 2298.0 68.0 2281.0 75.0 2286.0 small-vehicle 1
18.0 2272.0 11.0 2268.0 19.0 2251.0 26.0 2255.0 small-vehicle 1
10.0 2266.0 2.0 2263.0 10.0 2246.0 18.0 2249.0 small-vehicle 1
124.0 2319.0 118.0 2326.0 105.0 2318.0 108.0 2309.0 small-vehicle 1
131.0 2309.0 125.0 2317.0 109.0 2306.0 114.0 2298.0 small-vehicle 1
134.0 2302.0 131.0 2309.0 116.0 2301.0 119.0 2294.0 small-vehicle 1
140.0 2296.0 135.0 2303.0 119.0 2293.0 122.0 2287.0 small-vehicle 1
164.0 2251.0 158.0 2260.0 143.0 2249.0 146.0 2240.0 small-vehicle 1
160.0 2077.0 167.0 2082.0 160.0 2100.0 153.0 2096.0 small-vehicle 1
187.0 2092.0 194.0 2097.0 186.0 2111.0 179.0 2107.0 small-vehicle 1
188.0 1988.0 195.0 1992.0 188.0 2008.0 180.0 2003.0 small-vehicle 1
25.0 2202.0 32.0 2208.0 25.0 2223.0 17.0 2218.0 small-vehicle 1
43.0 2214.0 35.0 2209.0 44.0 2190.0 52.0 2196.0 small-vehicle 1
294.0 2020.0 289.0 2030.0 271.0 2019.0 276.0 2010.0 small-vehicle 1
289.0 2032.0 286.0 2039.0 267.0 2027.0 271.0 2019.0 small-vehicle 1
286.0 2039.0 282.0 2045.0 264.0 2035.0 267.0 2027.0 small-vehicle 1
281.0 2046.0 277.0 2053.0 260.0 2044.0 264.0 2036.0 small-vehicle 1
276.0 2055.0 271.0 2064.0 253.0 2054.0 257.0 2044.0 small-vehicle 1
270.0 2064.0 266.0 2071.0 249.0 2061.0 252.0 2053.0 small-vehicle 1
266.0 2071.0 261.0 2081.0 244.0 2071.0 250.0 2062.0 small-vehicle 1
255.0 2089.0 252.0 2097.0 235.0 2087.0 237.0 2080.0 small-vehicle 1
251.0 2097.0 247.0 2103.0 231.0 2094.0 234.0 2087.0 small-vehicle 1
248.0 2105.0 243.0 2112.0 227.0 2102.0 231.0 2095.0 small-vehicle 1
241.0 2112.0 237.0 2121.0 222.0 2112.0 226.0 2104.0 small-vehicle 1
236.0 2122.0 232.0 2131.0 215.0 2120.0 220.0 2111.0 small-vehicle 1
232.0 2132.0 227.0 2138.0 211.0 2127.0 214.0 2121.0 small-vehicle 1
227.0 2139.0 222.0 2145.0 206.0 2137.0 210.0 2127.0 small-vehicle 1
211.0 2165.0 207.0 2172.0 190.0 2163.0 195.0 2155.0 small-vehicle 1
206.0 2173.0 202.0 2181.0 187.0 2170.0 189.0 2162.0 small-vehicle 1
200.0 2180.0 197.0 2187.0 180.0 2177.0 184.0 2168.0 small-vehicle 1
198.0 2189.0 195.0 2196.0 176.0 2186.0 180.0 2179.0 small-vehicle 1
194.0 2197.0 189.0 2204.0 173.0 2195.0 177.0 2186.0 small-vehicle 1
202.0 895.0 210.0 890.0 224.0 909.0 218.0 915.0 large-vehicle 0
657.0 1427.0 658.0 1438.0 635.0 1441.0 632.0 1431.0 small-vehicle 1
388.0 1679.0 399.0 1676.0 404.0 1698.0 394.0 1701.0 small-vehicle 1
125.0 1704.0 130.0 1696.0 144.0 1704.0 140.0 1713.0 small-vehicle 1
23.0 1833.0 30.0 1828.0 40.0 1841.0 33.0 1848.0 small-vehicle 1
35.0 1881.0 43.0 1877.0 50.0 1894.0 42.0 1898.0 small-vehicle 1
266.0 1897.0 268.0 1906.0 253.0 1910.0 250.0 1901.0 small-vehicle 1
32.0 2209.0 40.0 2215.0 33.0 2227.0 26.0 2223.0 small-vehicle 1
17.0 2198.0 24.0 2202.0 16.0 2216.0 9.0 2213.0 small-vehicle 1
197.0 2094.0 190.0 2090.0 198.0 2073.0 206.0 2077.0 small-vehicle 1
25.0 2177.0 34.0 2182.0 26.0 2200.0 19.0 2195.0 small-vehicle 1
189.0 2087.0 181.0 2084.0 188.0 2068.0 195.0 2072.0 small-vehicle 1
179.0 2086.0 172.0 2082.0 180.0 2063.0 188.0 2069.0 small-vehicle 1
171.0 2083.0 162.0 2077.0 171.0 2058.0 180.0 2061.0 small-vehicle 1
162.0 2077.0 151.0 2072.0 163.0 2054.0 172.0 2057.0 small-vehicle 1
151.0 2071.0 146.0 2066.0 156.0 2047.0 163.0 2054.0 small-vehicle 1
146.0 2067.0 138.0 2059.0 147.0 2041.0 154.0 2046.0 small-vehicle 1
137.0 2059.0 129.0 2055.0 138.0 2039.0 146.0 2041.0 small-vehicle 1
12.0 2050.0 19.0 2054.0 10.0 2071.0 3.0 2065.0 small-vehicle 1
21.0 2074.0 13.0 2070.0 21.0 2054.0 30.0 2059.0 small-vehicle 1
30.0 2083.0 22.0 2079.0 28.0 2061.0 37.0 2066.0 small-vehicle 1
37.0 2085.0 31.0 2081.0 38.0 2064.0 45.0 2069.0 small-vehicle 1
47.0 2088.0 39.0 2084.0 46.0 2067.0 55.0 2071.0 small-vehicle 1
55.0 2093.0 48.0 2090.0 54.0 2073.0 63.0 2076.0 small-vehicle 1
65.0 2097.0 55.0 2094.0 62.0 2076.0 72.0 2079.0 small-vehicle 1
156.0 2131.0 162.0 2136.0 154.0 2151.0 148.0 2147.0 small-vehicle 1
162.0 2155.0 155.0 2152.0 162.0 2134.0 170.0 2138.0 small-vehicle 1
11.0 2115.0 19.0 2119.0 11.0 2135.0 4.0 2133.0 small-vehicle 1
21.0 2122.0 28.0 2125.0 21.0 2142.0 13.0 2137.0 small-vehicle 1
30.0 2148.0 22.0 2143.0 29.0 2125.0 39.0 2129.0 small-vehicle 1
40.0 2151.0 33.0 2147.0 40.0 2129.0 48.0 2134.0 small-vehicle 1
47.0 2138.0 53.0 2141.0 46.0 2157.0 39.0 2152.0 small-vehicle 1
55.0 2142.0 63.0 2149.0 54.0 2163.0 48.0 2158.0 small-vehicle 1
9.0 2163.0 3.0 2155.0 17.0 2142.0 24.0 2148.0 small-vehicle 1
89.0 2164.0 97.0 2167.0 91.0 2183.0 83.0 2180.0 small-vehicle 1
98.0 2167.0 107.0 2171.0 99.0 2189.0 92.0 2185.0 small-vehicle 1
109.0 2172.0 116.0 2177.0 109.0 2191.0 102.0 2188.0 small-vehicle 1
17.0 2173.0 24.0 2178.0 18.0 2193.0 11.0 2190.0 small-vehicle 1
195.0 1993.0 203.0 1998.0 195.0 2014.0 189.0 2010.0 small-vehicle 1
180.0 1982.0 188.0 1986.0 179.0 2002.0 171.0 1997.0 small-vehicle 1
87.0 2034.0 80.0 2030.0 88.0 2013.0 96.0 2017.0 small-vehicle 0
113.0 2336.0 109.0 2344.0 92.0 2333.0 96.0 2326.0 small-vehicle 0
268.0 1920.0 271.0 1930.0 254.0 1934.0 252.0 1923.0 small-vehicle 0
43.0 1658.0 49.0 1650.0 64.0 1660.0 58.0 1668.0 small-vehicle 1
34.0 1675.0 37.0 1668.0 53.0 1677.0 48.0 1684.0 small-vehicle 1
66.0 1661.0 70.0 1652.0 85.0 1661.0 80.0 1669.0 small-vehicle 1
51.0 1686.0 57.0 1680.0 70.0 1689.0 66.0 1696.0 small-vehicle 1
48.0 1694.0 53.0 1687.0 65.0 1696.0 61.0 1702.0 small-vehicle 1
29.0 1682.0 35.0 1676.0 49.0 1685.0 45.0 1692.0 small-vehicle 1
24.0 1692.0 30.0 1684.0 44.0 1693.0 41.0 1701.0 small-vehicle 1
20.0 1699.0 23.0 1691.0 40.0 1703.0 35.0 1710.0 small-vehicle 1
14.0 1709.0 20.0 1700.0 34.0 1711.0 30.0 1718.0 small-vehicle 1
10.0 1716.0 16.0 1709.0 31.0 1721.0 26.0 1728.0 small-vehicle 1
7.0 1726.0 12.0 1716.0 28.0 1728.0 21.0 1735.0 small-vehicle 1
3.0 1733.0 5.0 1726.0 22.0 1737.0 17.0 1744.0 small-vehicle 1
38.0 1712.0 41.0 1705.0 57.0 1713.0 53.0 1721.0 small-vehicle 1
34.0 1720.0 36.0 1711.0 53.0 1720.0 48.0 1730.0 small-vehicle 1
30.0 1728.0 32.0 1719.0 50.0 1728.0 46.0 1736.0 small-vehicle 1
25.0 1735.0 28.0 1729.0 44.0 1737.0 40.0 1745.0 small-vehicle 1
19.0 1745.0 22.0 1738.0 37.0 1748.0 33.0 1754.0 small-vehicle 1
15.0 1752.0 18.0 1744.0 34.0 1757.0 32.0 1762.0 small-vehicle 1
10.0 1760.0 14.0 1753.0 28.0 1763.0 25.0 1769.0 small-vehicle 1
5.0 1770.0 8.0 1761.0 24.0 1771.0 20.0 1777.0 small-vehicle 1
98.0 1702.0 102.0 1693.0 118.0 1703.0 114.0 1711.0 small-vehicle 1
94.0 1711.0 98.0 1703.0 115.0 1713.0 110.0 1720.0 small-vehicle 1
111.0 1722.0 107.0 1728.0 89.0 1719.0 92.0 1713.0 small-vehicle 1
106.0 1730.0 101.0 1737.0 85.0 1727.0 89.0 1719.0 small-vehicle 1
100.0 1738.0 96.0 1745.0 81.0 1734.0 84.0 1727.0 small-vehicle 1
95.0 1744.0 91.0 1751.0 77.0 1741.0 79.0 1734.0 small-vehicle 1
53.0 2385.0 45.0 2388.0 38.0 2367.0 47.0 2364.0 small-vehicle 0
36.0 2183.0 43.0 2188.0 35.0 2207.0 27.0 2201.0 small-vehicle 0
84.0 1762.0 80.0 1769.0 65.0 1760.0 69.0 1752.0 small-vehicle 1
9.0 2169.0 17.0 2173.0 9.0 2191.0 2.0 2187.0 small-vehicle 0
115.0 2045.0 105.0 2041.0 114.0 2024.0 123.0 2028.0 small-vehicle 0
52.0 2015.0 59.0 2019.0 52.0 2038.0 44.0 2034.0 small-vehicle 0
59.0 2020.0 67.0 2026.0 61.0 2042.0 53.0 2037.0 small-vehicle 0
178.0 2086.0 187.0 2089.0 178.0 2106.0 170.0 2103.0 small-vehicle 0
103.0 2043.0 112.0 2047.0 103.0 2063.0 95.0 2059.0 small-vehicle 0
299.0 2010.0 293.0 2019.0 276.0 2007.0 280.0 1999.0 small-vehicle 0
260.0 2081.0 256.0 2089.0 238.0 2079.0 242.0 2072.0 small-vehicle 0
224.0 2148.0 220.0 2156.0 202.0 2145.0 205.0 2138.0 small-vehicle 0
215.0 2156.0 212.0 2164.0 196.0 2154.0 199.0 2146.0 small-vehicle 0
188.0 2211.0 183.0 2219.0 165.0 2209.0 169.0 2201.0 small-vehicle 0
135.0 2185.0 144.0 2191.0 133.0 2211.0 126.0 2207.0 small-vehicle 0
126.0 2183.0 135.0 2187.0 125.0 2204.0 118.0 2200.0 small-vehicle 0
117.0 2177.0 125.0 2184.0 118.0 2198.0 110.0 2194.0 small-vehicle 0
157.0 2261.0 152.0 2268.0 137.0 2258.0 141.0 2252.0 small-vehicle 0
153.0 2270.0 149.0 2277.0 133.0 2265.0 136.0 2258.0 small-vehicle 0
149.0 2279.0 145.0 2287.0 128.0 2276.0 133.0 2269.0 small-vehicle 0
146.0 2287.0 142.0 2295.0 124.0 2285.0 128.0 2278.0 small-vehicle 0
93.0 2218.0 101.0 2224.0 92.0 2240.0 84.0 2235.0 small-vehicle 0
101.0 2246.0 109.0 2252.0 99.0 2268.0 91.0 2263.0 small-vehicle 0
62.0 2196.0 71.0 2202.0 60.0 2219.0 54.0 2215.0 small-vehicle 0
66.0 2225.0 75.0 2230.0 67.0 2245.0 59.0 2240.0 small-vehicle 0
52.0 2196.0 60.0 2201.0 50.0 2219.0 43.0 2214.0 small-vehicle 0
42.0 2215.0 49.0 2219.0 40.0 2232.0 34.0 2228.0 small-vehicle 0
119.0 2329.0 115.0 2337.0 99.0 2326.0 103.0 2319.0 small-vehicle 0
26.0 2257.0 33.0 2261.0 24.0 2278.0 17.0 2274.0 small-vehicle 0
43.0 2268.0 50.0 2272.0 41.0 2289.0 34.0 2283.0 small-vehicle 0
9.0 2192.0 16.0 2198.0 7.0 2213.0 1.0 2209.0 small-vehicle 0
90.0 1752.0 85.0 1759.0 70.0 1749.0 75.0 1742.0 small-vehicle 1
80.0 1771.0 76.0 1777.0 60.0 1767.0 65.0 1759.0 small-vehicle 1
130.0 1976.0 122.0 1972.0 131.0 1955.0 138.0 1959.0 small-vehicle 1
64.0 1899.0 73.0 1900.0 75.0 1920.0 65.0 1921.0 small-vehicle 1
101.0 1899.0 109.0 1896.0 113.0 1915.0 105.0 1917.0 small-vehicle 1
134.0 1898.0 143.0 1896.0 148.0 1912.0 139.0 1914.0 small-vehicle 1
245.0 1871.0 253.0 1877.0 239.0 1895.0 231.0 1890.0 small-vehicle 1
186.0 1930.0 193.0 1934.0 187.0 1951.0 180.0 1947.0 small-vehicle 1
195.0 1933.0 204.0 1939.0 195.0 1956.0 187.0 1951.0 small-vehicle 1
204.0 1939.0 211.0 1945.0 204.0 1961.0 195.0 1955.0 small-vehicle 1
220.0 1950.0 228.0 1956.0 222.0 1971.0 212.0 1967.0 small-vehicle 1
164.0 1886.0 172.0 1883.0 176.0 1903.0 167.0 1906.0 small-vehicle 1
170.0 1882.0 181.0 1879.0 185.0 1900.0 177.0 1904.0 small-vehicle 1
182.0 1879.0 191.0 1877.0 197.0 1899.0 187.0 1903.0 small-vehicle 1
193.0 1877.0 202.0 1872.0 205.0 1890.0 198.0 1895.0 small-vehicle 1
274.0 1929.0 276.0 1938.0 257.0 1942.0 256.0 1935.0 small-vehicle 1
275.0 1940.0 277.0 1951.0 259.0 1954.0 259.0 1943.0 small-vehicle 1
66.0 1950.0 73.0 1954.0 65.0 1968.0 60.0 1964.0 small-vehicle 1
77.0 1950.0 83.0 1953.0 77.0 1969.0 70.0 1966.0 small-vehicle 1
85.0 1953.0 92.0 1956.0 85.0 1975.0 79.0 1971.0 small-vehicle 1
94.0 1958.0 102.0 1962.0 95.0 1978.0 85.0 1974.0 small-vehicle 1
102.0 1964.0 108.0 1970.0 102.0 1987.0 93.0 1984.0 small-vehicle 1
119.0 1975.0 128.0 1978.0 119.0 1994.0 111.0 1990.0 small-vehicle 1
137.0 1983.0 144.0 1988.0 136.0 2002.0 127.0 1999.0 small-vehicle 1
153.0 1992.0 162.0 1996.0 154.0 2012.0 145.0 2009.0 small-vehicle 1
160.0 1998.0 168.0 2001.0 162.0 2019.0 153.0 2016.0 small-vehicle 1
168.0 2000.0 176.0 2006.0 170.0 2021.0 163.0 2018.0 small-vehicle 1
185.0 2010.0 195.0 2016.0 186.0 2032.0 179.0 2028.0 small-vehicle 1
212.0 2026.0 220.0 2030.0 213.0 2044.0 207.0 2040.0 small-vehicle 1
220.0 2032.0 228.0 2037.0 220.0 2053.0 212.0 2049.0 small-vehicle 1
112.0 1968.0 103.0 1961.0 111.0 1944.0 121.0 1949.0 small-vehicle 1
74.0 1896.0 83.0 1897.0 82.0 1914.0 74.0 1914.0 small-vehicle 1
54.0 1899.0 63.0 1900.0 62.0 1920.0 53.0 1920.0 small-vehicle 1
48.0 1793.0 52.0 1786.0 68.0 1797.0 65.0 1803.0 small-vehicle 1
63.0 1869.0 73.0 1867.0 80.0 1885.0 71.0 1888.0 small-vehicle 1
42.0 1801.0 45.0 1795.0 60.0 1804.0 57.0 1812.0 small-vehicle 1
37.0 1812.0 42.0 1804.0 56.0 1813.0 53.0 1820.0 small-vehicle 1
33.0 1819.0 37.0 1810.0 52.0 1820.0 50.0 1828.0 small-vehicle 1
32.0 1827.0 35.0 1820.0 49.0 1829.0 44.0 1837.0 small-vehicle 1
143.0 1745.0 134.0 1741.0 143.0 1723.0 151.0 1729.0 small-vehicle 1
173.0 1788.0 164.0 1783.0 174.0 1765.0 182.0 1769.0 small-vehicle 1
113.0 1719.0 116.0 1713.0 132.0 1720.0 129.0 1728.0 small-vehicle 1
108.0 1729.0 111.0 1720.0 129.0 1729.0 125.0 1737.0 small-vehicle 1
102.0 1737.0 106.0 1730.0 124.0 1738.0 119.0 1745.0 small-vehicle 1
96.0 1746.0 101.0 1737.0 118.0 1746.0 115.0 1754.0 small-vehicle 1
89.0 1762.0 93.0 1754.0 111.0 1763.0 106.0 1771.0 small-vehicle 1
85.0 1769.0 89.0 1761.0 106.0 1772.0 102.0 1779.0 small-vehicle 1
79.0 1777.0 84.0 1768.0 100.0 1779.0 94.0 1789.0 small-vehicle 1
74.0 1787.0 78.0 1778.0 94.0 1789.0 89.0 1796.0 small-vehicle 1
69.0 1794.0 73.0 1785.0 91.0 1799.0 84.0 1805.0 small-vehicle 1
64.0 1804.0 69.0 1795.0 84.0 1805.0 80.0 1814.0 small-vehicle 1
59.0 1812.0 64.0 1804.0 79.0 1815.0 75.0 1821.0 small-vehicle 1
50.0 1829.0 55.0 1820.0 70.0 1830.0 63.0 1838.0 small-vehicle 1
147.0 1753.0 152.0 1744.0 169.0 1756.0 164.0 1762.0 small-vehicle 1
141.0 1769.0 146.0 1759.0 162.0 1772.0 157.0 1779.0 small-vehicle 1
144.0 1760.0 149.0 1752.0 166.0 1762.0 160.0 1770.0 small-vehicle 1
137.0 1777.0 140.0 1770.0 155.0 1780.0 150.0 1787.0 small-vehicle 1
133.0 1786.0 136.0 1779.0 150.0 1789.0 146.0 1796.0 small-vehicle 1
126.0 1793.0 132.0 1786.0 145.0 1797.0 140.0 1802.0 small-vehicle 1
90.0 1860.0 100.0 1857.0 104.0 1874.0 94.0 1877.0 small-vehicle 1
82.0 1863.0 89.0 1860.0 96.0 1880.0 88.0 1883.0 small-vehicle 1
73.0 1868.0 82.0 1864.0 88.0 1882.0 79.0 1884.0 small-vehicle 1
244.0 35.0 198.0 173.0 56.0 123.0 99.0 4.0 plane 0
