imagesource:GoogleEarth
gsd:0.134577673382
89.0 32.0 99.0 46.0 71.0 64.0 63.0 53.0 small-vehicle 1
236.0 707.0 301.0 653.0 412.0 794.0 345.0 846.0 tennis-court 0
340.0 622.0 405.0 568.0 517.0 707.0 453.0 760.0 tennis-court 0
481.0 509.0 545.0 457.0 657.0 595.0 593.0 649.0 tennis-court 0
587.0 424.0 651.0 370.0 763.0 510.0 698.0 563.0 tennis-court 0
426.0 226.0 490.0 171.0 603.0 312.0 538.0 363.0 tennis-court 0
319.0 311.0 384.0 258.0 497.0 396.0 431.0 449.0 tennis-court 0
180.0 422.0 245.0 368.0 357.0 508.0 293.0 561.0 tennis-court 0
74.0 510.0 140.0 456.0 250.0 594.0 187.0 647.0 tennis-court 0
