imagesource:GoogleEarth
gsd:0.249910024061
989.0 1018.0 1004.0 1029.0 973.0 1075.0 959.0 1068.0 ship 0
935.0 942.0 944.0 928.0 982.0 952.0 974.0 965.0 ship 0
1250.0 711.0 1243.0 722.0 1212.0 702.0 1217.0 691.0 ship 0
1258.0 697.0 1251.0 709.0 1219.0 690.0 1226.0 679.0 ship 0
1266.0 680.0 1259.0 692.0 1230.0 673.0 1235.0 663.0 ship 0
1277.0 660.0 1270.0 674.0 1233.0 653.0 1242.0 639.0 ship 0
1317.0 649.0 1308.0 664.0 1262.0 636.0 1270.0 621.0 ship 0
977.0 967.0 968.0 982.0 930.0 962.0 938.0 945.0 ship 0
945.0 927.0 953.0 913.0 990.0 937.0 983.0 949.0 ship 0
1233.0 741.0 1226.0 751.0 1198.0 734.0 1204.0 722.0 ship 0
954.0 910.0 961.0 898.0 1000.0 920.0 992.0 933.0 ship 0
963.0 895.0 970.0 883.0 1010.0 905.0 1004.0 917.0 ship 0
973.0 878.0 979.0 864.0 1018.0 888.0 1011.0 900.0 ship 0
983.0 864.0 990.0 851.0 1031.0 873.0 1024.0 886.0 ship 0
991.0 846.0 998.0 834.0 1037.0 856.0 1030.0 868.0 ship 0
1001.0 829.0 1007.0 818.0 1048.0 841.0 1042.0 854.0 ship 0
1241.0 726.0 1234.0 737.0 1204.0 717.0 1211.0 706.0 ship 0
1224.0 755.0 1217.0 767.0 1185.0 747.0 1191.0 735.0 ship 0
1101.0 772.0 1091.0 788.0 1042.0 760.0 1054.0 741.0 ship 0
1140.0 895.0 1134.0 907.0 1106.0 891.0 1113.0 879.0 ship 0
1303.0 718.0 1311.0 705.0 1348.0 729.0 1341.0 742.0 ship 0
1321.0 701.0 1328.0 689.0 1362.0 710.0 1356.0 723.0 ship 0
1100.0 964.0 1093.0 975.0 1067.0 958.0 1074.0 948.0 ship 0
1109.0 950.0 1102.0 963.0 1074.0 946.0 1082.0 933.0 ship 0
1124.0 925.0 1117.0 936.0 1091.0 919.0 1097.0 908.0 ship 0
1133.0 910.0 1125.0 922.0 1098.0 905.0 1105.0 893.0 ship 0
1148.0 883.0 1143.0 893.0 1115.0 876.0 1122.0 866.0 ship 0
1215.0 770.0 1210.0 783.0 1180.0 764.0 1188.0 751.0 ship 0
1166.0 855.0 1160.0 867.0 1131.0 849.0 1137.0 838.0 ship 0
1172.0 843.0 1166.0 852.0 1140.0 837.0 1146.0 826.0 ship 0
1183.0 829.0 1177.0 840.0 1147.0 824.0 1154.0 812.0 ship 0
1191.0 815.0 1186.0 826.0 1153.0 807.0 1160.0 796.0 ship 0
1199.0 800.0 1193.0 813.0 1162.0 794.0 1168.0 782.0 ship 0
1208.0 786.0 1201.0 798.0 1170.0 779.0 1178.0 766.0 ship 0
1018.0 794.0 1027.0 779.0 1072.0 806.0 1064.0 821.0 ship 0
1063.0 718.0 1072.0 704.0 1113.0 728.0 1104.0 743.0 ship 0
1271.0 775.0 1280.0 761.0 1317.0 782.0 1309.0 797.0 ship 0
818.0 748.0 823.0 737.0 850.0 753.0 845.0 764.0 ship 0
758.0 853.0 762.0 843.0 789.0 859.0 784.0 867.0 ship 0
766.0 840.0 771.0 830.0 796.0 846.0 792.0 855.0 ship 0
772.0 825.0 777.0 816.0 804.0 833.0 799.0 842.0 ship 0
781.0 816.0 787.0 805.0 811.0 819.0 805.0 829.0 ship 0
790.0 802.0 795.0 792.0 819.0 806.0 815.0 815.0 ship 0
811.0 762.0 817.0 751.0 842.0 767.0 837.0 776.0 ship 0
827.0 735.0 832.0 725.0 857.0 740.0 852.0 749.0 ship 0
1043.0 611.0 1035.0 623.0 1001.0 602.0 1009.0 588.0 ship 0
835.0 722.0 840.0 713.0 866.0 728.0 861.0 736.0 ship 0
842.0 710.0 847.0 700.0 873.0 715.0 869.0 724.0 ship 0
850.0 696.0 856.0 687.0 880.0 702.0 874.0 711.0 ship 0
857.0 683.0 862.0 673.0 889.0 688.0 883.0 698.0 ship 0
863.0 668.0 870.0 657.0 897.0 674.0 891.0 686.0 ship 0
880.0 642.0 885.0 632.0 911.0 647.0 906.0 657.0 ship 0
1063.0 574.0 1055.0 589.0 1020.0 570.0 1028.0 554.0 ship 0
1031.0 626.0 1025.0 638.0 993.0 618.0 999.0 607.0 ship 0
1077.0 701.0 1085.0 686.0 1125.0 709.0 1117.0 725.0 ship 0
906.0 847.0 897.0 863.0 862.0 842.0 872.0 827.0 ship 0
1087.0 682.0 1096.0 667.0 1137.0 691.0 1129.0 706.0 ship 0
1106.0 645.0 1116.0 627.0 1164.0 655.0 1155.0 672.0 ship 0
1124.0 624.0 1129.0 613.0 1168.0 634.0 1162.0 645.0 ship 0
879.0 897.0 871.0 910.0 837.0 889.0 845.0 876.0 ship 0
887.0 879.0 877.0 893.0 847.0 874.0 855.0 860.0 ship 0
895.0 864.0 887.0 876.0 854.0 855.0 862.0 843.0 ship 0
923.0 817.0 916.0 829.0 884.0 811.0 891.0 796.0 ship 0
1001.0 671.0 994.0 680.0 970.0 666.0 975.0 656.0 ship 0
940.0 784.0 934.0 796.0 902.0 779.0 908.0 766.0 ship 0
950.0 769.0 943.0 781.0 909.0 761.0 917.0 747.0 ship 0
959.0 756.0 952.0 768.0 917.0 745.0 925.0 733.0 ship 0
968.0 737.0 961.0 750.0 927.0 730.0 936.0 717.0 ship 0
987.0 705.0 979.0 718.0 944.0 698.0 953.0 683.0 ship 0
993.0 688.0 984.0 701.0 954.0 683.0 962.0 669.0 ship 0
1327.0 762.0 1320.0 778.0 1283.0 757.0 1290.0 741.0 ship 0
1260.0 794.0 1268.0 779.0 1306.0 800.0 1297.0 815.0 ship 0
55.0 977.0 49.0 963.0 78.0 950.0 83.0 964.0 ship 0
1740.0 1172.0 1750.0 1178.0 1735.0 1207.0 1726.0 1200.0 ship 0
1646.0 1110.0 1635.0 1104.0 1650.0 1078.0 1660.0 1084.0 ship 0
1630.0 1104.0 1621.0 1098.0 1636.0 1070.0 1646.0 1076.0 ship 0
1617.0 1094.0 1608.0 1088.0 1624.0 1063.0 1633.0 1069.0 ship 0
1602.0 1086.0 1594.0 1082.0 1609.0 1055.0 1619.0 1061.0 ship 0
1590.0 1079.0 1583.0 1075.0 1597.0 1048.0 1606.0 1052.0 ship 0
1577.0 1070.0 1565.0 1064.0 1581.0 1038.0 1592.0 1044.0 ship 0
1722.0 1163.0 1735.0 1171.0 1719.0 1202.0 1705.0 1194.0 ship 0
1674.0 1126.0 1665.0 1120.0 1678.0 1095.0 1688.0 1101.0 ship 0
1705.0 1151.0 1717.0 1158.0 1702.0 1186.0 1691.0 1179.0 ship 0
1590.0 1086.0 1600.0 1093.0 1586.0 1118.0 1575.0 1113.0 ship 0
1575.0 1078.0 1587.0 1085.0 1573.0 1111.0 1560.0 1103.0 ship 0
1561.0 1071.0 1572.0 1077.0 1559.0 1103.0 1547.0 1098.0 ship 0
1702.0 1318.0 1684.0 1309.0 1712.0 1254.0 1728.0 1262.0 ship 0
1622.0 1257.0 1634.0 1263.0 1617.0 1297.0 1604.0 1290.0 ship 0
1660.0 1118.0 1650.0 1112.0 1665.0 1087.0 1675.0 1093.0 ship 0
1689.0 1134.0 1677.0 1126.0 1692.0 1099.0 1703.0 1105.0 ship 0
1636.0 1257.0 1625.0 1250.0 1641.0 1224.0 1652.0 1230.0 ship 0
1818.0 1068.0 1807.0 1060.0 1822.0 1034.0 1834.0 1042.0 ship 0
1723.0 885.0 1735.0 893.0 1721.0 921.0 1708.0 914.0 ship 0
1709.0 876.0 1722.0 885.0 1706.0 911.0 1694.0 904.0 ship 0
1783.0 1054.0 1798.0 1061.0 1785.0 1094.0 1771.0 1086.0 ship 0
1733.0 1026.0 1746.0 1036.0 1729.0 1061.0 1717.0 1053.0 ship 0
1678.0 995.0 1692.0 1002.0 1677.0 1031.0 1663.0 1024.0 ship 0
1666.0 988.0 1675.0 994.0 1662.0 1018.0 1653.0 1012.0 ship 0
1761.0 1039.0 1751.0 1033.0 1769.0 1003.0 1779.0 1010.0 ship 0
1703.0 1142.0 1691.0 1135.0 1706.0 1107.0 1718.0 1114.0 ship 0
1750.0 1028.0 1740.0 1022.0 1753.0 997.0 1763.0 1004.0 ship 0
1709.0 1005.0 1698.0 998.0 1714.0 972.0 1724.0 978.0 ship 0
1652.0 974.0 1642.0 966.0 1660.0 937.0 1671.0 945.0 ship 0
1638.0 964.0 1628.0 959.0 1643.0 933.0 1653.0 938.0 ship 0
1756.0 1174.0 1744.0 1167.0 1759.0 1141.0 1771.0 1149.0 ship 0
1740.0 1161.0 1727.0 1154.0 1743.0 1127.0 1756.0 1134.0 ship 0
1606.0 1249.0 1618.0 1256.0 1603.0 1284.0 1590.0 1277.0 ship 0
1592.0 1232.0 1579.0 1224.0 1596.0 1192.0 1611.0 1199.0 ship 0
1249.0 813.0 1258.0 798.0 1299.0 822.0 1290.0 836.0 ship 0
1159.0 966.0 1166.0 952.0 1211.0 976.0 1203.0 989.0 ship 0
1234.0 1277.0 1228.0 1287.0 1200.0 1267.0 1207.0 1257.0 ship 0
1270.0 1224.0 1262.0 1240.0 1223.0 1215.0 1230.0 1200.0 ship 0
1318.0 1151.0 1310.0 1165.0 1260.0 1134.0 1268.0 1121.0 ship 0
1325.0 1131.0 1318.0 1142.0 1278.0 1120.0 1286.0 1107.0 ship 0
1543.0 752.0 1536.0 766.0 1494.0 743.0 1504.0 729.0 ship 0
1149.0 984.0 1156.0 970.0 1200.0 993.0 1193.0 1007.0 ship 0
1171.0 951.0 1179.0 936.0 1219.0 958.0 1211.0 971.0 ship 0
1088.0 1253.0 1075.0 1243.0 1099.0 1204.0 1111.0 1213.0 ship 0
1176.0 934.0 1186.0 918.0 1230.0 942.0 1221.0 957.0 ship 0
1189.0 917.0 1197.0 904.0 1236.0 925.0 1228.0 938.0 ship 0
1246.0 906.0 1238.0 920.0 1201.0 899.0 1208.0 885.0 ship 0
1208.0 881.0 1215.0 869.0 1259.0 892.0 1251.0 905.0 ship 0
1225.0 847.0 1232.0 833.0 1278.0 859.0 1270.0 871.0 ship 0
1239.0 831.0 1247.0 818.0 1288.0 841.0 1280.0 854.0 ship 0
1077.0 1187.0 1092.0 1195.0 1069.0 1234.0 1055.0 1226.0 ship 0
1121.0 1208.0 1137.0 1217.0 1110.0 1260.0 1094.0 1250.0 ship 0
1546.0 1207.0 1535.0 1200.0 1550.0 1170.0 1562.0 1177.0 ship 0
1503.0 1357.0 1514.0 1363.0 1498.0 1395.0 1486.0 1387.0 ship 0
1641.0 1379.0 1654.0 1387.0 1631.0 1431.0 1618.0 1422.0 ship 0
1596.0 1405.0 1587.0 1400.0 1603.0 1369.0 1613.0 1375.0 ship 0
1549.0 1374.0 1537.0 1367.0 1554.0 1338.0 1566.0 1345.0 ship 0
1506.0 1348.0 1493.0 1341.0 1510.0 1311.0 1523.0 1318.0 ship 0
1475.0 1331.0 1464.0 1323.0 1480.0 1298.0 1491.0 1304.0 ship 0
1517.0 1365.0 1530.0 1372.0 1514.0 1404.0 1501.0 1398.0 ship 0
1444.0 1322.0 1455.0 1328.0 1440.0 1358.0 1428.0 1352.0 ship 0
1147.0 1279.0 1134.0 1272.0 1156.0 1235.0 1167.0 1242.0 ship 0
1285.0 1339.0 1291.0 1326.0 1332.0 1347.0 1324.0 1361.0 ship 0
1305.0 1307.0 1314.0 1292.0 1352.0 1314.0 1344.0 1328.0 ship 0
1317.0 1289.0 1324.0 1275.0 1365.0 1297.0 1357.0 1312.0 ship 0
1326.0 1273.0 1334.0 1258.0 1372.0 1281.0 1364.0 1293.0 ship 0
1337.0 1255.0 1343.0 1241.0 1382.0 1264.0 1375.0 1276.0 ship 0
1356.0 1223.0 1365.0 1207.0 1405.0 1231.0 1398.0 1245.0 ship 0
890.0 632.0 895.0 621.0 919.0 635.0 914.0 645.0 ship 0
898.0 617.0 903.0 607.0 926.0 621.0 920.0 630.0 ship 0
905.0 603.0 911.0 594.0 935.0 608.0 930.0 618.0 ship 0
367.0 251.0 372.0 241.0 396.0 254.0 392.0 264.0 ship 0
312.0 344.0 316.0 333.0 346.0 349.0 341.0 360.0 ship 0
317.0 327.0 323.0 317.0 350.0 332.0 345.0 343.0 ship 0
328.0 312.0 333.0 301.0 360.0 315.0 354.0 326.0 ship 0
336.0 296.0 342.0 287.0 367.0 302.0 362.0 310.0 ship 0
345.0 280.0 350.0 270.0 379.0 286.0 374.0 296.0 ship 0
357.0 266.0 362.0 256.0 388.0 271.0 383.0 280.0 ship 0
371.0 233.0 376.0 223.0 404.0 239.0 400.0 249.0 ship 0
289.0 377.0 296.0 365.0 322.0 381.0 317.0 390.0 ship 0
382.0 218.0 388.0 208.0 418.0 225.0 411.0 236.0 ship 0
272.0 393.0 266.0 405.0 243.0 393.0 249.0 382.0 ship 0
279.0 378.0 275.0 389.0 250.0 374.0 255.0 365.0 ship 0
298.0 345.0 292.0 356.0 268.0 342.0 274.0 331.0 ship 0
309.0 331.0 303.0 342.0 277.0 327.0 282.0 315.0 ship 0
325.0 299.0 320.0 308.0 295.0 294.0 300.0 284.0 ship 0
301.0 360.0 307.0 350.0 331.0 364.0 326.0 374.0 ship 0
281.0 393.0 286.0 380.0 314.0 395.0 308.0 407.0 ship 0
355.0 249.0 350.0 258.0 324.0 246.0 329.0 235.0 ship 0
502.0 302.0 508.0 291.0 543.0 311.0 538.0 321.0 ship 0
445.0 397.0 453.0 384.0 488.0 404.0 481.0 417.0 ship 0
455.0 382.0 461.0 370.0 497.0 388.0 490.0 400.0 ship 0
464.0 366.0 471.0 354.0 506.0 372.0 500.0 385.0 ship 0
472.0 348.0 478.0 336.0 516.0 358.0 510.0 368.0 ship 0
485.0 335.0 493.0 322.0 524.0 341.0 517.0 353.0 ship 0
495.0 319.0 501.0 307.0 531.0 324.0 525.0 335.0 ship 0
512.0 287.0 519.0 275.0 555.0 295.0 548.0 307.0 ship 0
307.0 412.0 301.0 422.0 274.0 409.0 280.0 398.0 ship 0
426.0 412.0 420.0 423.0 395.0 408.0 402.0 396.0 ship 0
450.0 382.0 443.0 394.0 408.0 373.0 414.0 361.0 ship 0
467.0 347.0 458.0 363.0 425.0 345.0 434.0 327.0 ship 0
489.0 302.0 482.0 312.0 454.0 295.0 462.0 284.0 ship 0
511.0 271.0 504.0 282.0 472.0 262.0 478.0 251.0 ship 0
264.0 427.0 271.0 414.0 299.0 430.0 293.0 443.0 ship 0
337.0 282.0 331.0 293.0 305.0 278.0 310.0 267.0 ship 0
363.0 236.0 358.0 246.0 333.0 231.0 338.0 221.0 ship 0
921.0 578.0 926.0 568.0 951.0 582.0 946.0 591.0 ship 0
1258.0 632.0 1368.0 700.0 1160.0 1062.0 1042.0 988.0 harbor 0
1479.0 1216.0 1517.0 1150.0 1705.0 1258.0 1669.0 1320.0 harbor 0
1543.0 1094.0 1578.0 1036.0 1771.0 1148.0 1738.0 1208.0 harbor 0
1607.0 985.0 1641.0 929.0 1829.0 1043.0 1798.0 1102.0 harbor 0
1692.0 899.0 1718.0 855.0 1883.0 953.0 1855.0 996.0 harbor 0
1385.0 1154.0 1430.0 1180.0 1304.0 1395.0 1261.0 1365.0 harbor 0
1288.0 1109.0 1332.0 1139.0 1249.0 1279.0 1199.0 1249.0 harbor 0
1029.0 537.0 1177.0 620.0 975.0 974.0 821.0 881.0 harbor 0
1490.0 1465.0 1404.0 1465.0 1374.0 1448.0 1392.0 1411.0 harbor 1
971.0 473.0 1003.0 493.0 781.0 872.0 750.0 853.0 harbor 0
778.0 385.0 916.0 468.0 699.0 836.0 561.0 758.0 harbor 0
621.0 297.0 705.0 352.0 491.0 706.0 403.0 652.0 harbor 0
482.0 243.0 557.0 285.0 394.0 564.0 320.0 522.0 harbor 0
371.0 160.0 433.0 198.0 284.0 457.0 220.0 423.0 harbor 0
303.0 116.0 338.0 138.0 196.0 390.0 159.0 370.0 harbor 0
1422.0 1348.0 1464.0 1283.0 1629.0 1381.0 1592.0 1446.0 harbor 0
1857.0 1147.0 1885.0 1098.0 2270.0 1299.0 2240.0 1350.0 harbor 0
372.0 219.0 368.0 228.0 341.0 214.0 345.0 206.0 ship 0
230.0 259.0 234.0 251.0 265.0 268.0 260.0 277.0 ship 0
380.0 202.0 374.0 213.0 353.0 200.0 360.0 189.0 ship 0
390.0 188.0 384.0 197.0 358.0 180.0 363.0 171.0 ship 0
199.0 317.0 204.0 309.0 230.0 322.0 226.0 331.0 ship 0
207.0 303.0 213.0 293.0 239.0 307.0 233.0 317.0 ship 0
214.0 288.0 219.0 278.0 249.0 295.0 244.0 305.0 ship 0
222.0 273.0 227.0 264.0 253.0 279.0 248.0 287.0 ship 0
238.0 247.0 244.0 236.0 271.0 253.0 266.0 263.0 ship 0
304.0 117.0 308.0 110.0 338.0 126.0 333.0 134.0 ship 0
253.0 218.0 259.0 208.0 285.0 224.0 280.0 233.0 ship 0
261.0 207.0 268.0 196.0 292.0 209.0 286.0 221.0 ship 0
270.0 192.0 275.0 183.0 300.0 196.0 295.0 206.0 ship 0
277.0 178.0 281.0 168.0 310.0 182.0 305.0 192.0 ship 0
284.0 164.0 290.0 153.0 317.0 168.0 311.0 178.0 ship 0
301.0 137.0 306.0 127.0 336.0 144.0 331.0 153.0 ship 0
439.0 413.0 444.0 402.0 482.0 423.0 476.0 434.0 ship 0
427.0 428.0 433.0 415.0 471.0 438.0 465.0 449.0 ship 0
409.0 460.0 417.0 447.0 450.0 467.0 445.0 479.0 ship 0
617.0 746.0 608.0 759.0 575.0 739.0 582.0 725.0 ship 0
821.0 531.0 827.0 520.0 857.0 537.0 849.0 548.0 ship 0
829.0 516.0 835.0 505.0 866.0 523.0 859.0 534.0 ship 0
838.0 501.0 846.0 486.0 889.0 511.0 883.0 524.0 ship 0
852.0 482.0 858.0 471.0 885.0 489.0 880.0 499.0 ship 0
859.0 433.0 865.0 420.0 920.0 452.0 912.0 465.0 ship 0
609.0 762.0 600.0 775.0 564.0 755.0 574.0 740.0 ship 0
628.0 731.0 620.0 745.0 583.0 722.0 592.0 709.0 ship 0
805.0 561.0 811.0 550.0 838.0 566.0 833.0 575.0 ship 0
635.0 713.0 627.0 726.0 585.0 701.0 593.0 689.0 ship 0
653.0 681.0 646.0 694.0 611.0 675.0 618.0 662.0 ship 0
662.0 666.0 627.0 647.0 620.0 659.0 656.0 678.0 ship 0
669.0 647.0 662.0 660.0 630.0 642.0 639.0 629.0 ship 0
681.0 634.0 671.0 648.0 638.0 627.0 646.0 614.0 ship 0
688.0 620.0 680.0 632.0 646.0 612.0 654.0 598.0 ship 0
812.0 545.0 818.0 535.0 847.0 552.0 842.0 563.0 ship 0
795.0 576.0 801.0 564.0 830.0 582.0 825.0 592.0 ship 0
393.0 492.0 399.0 481.0 436.0 501.0 429.0 512.0 ship 0
790.0 758.0 799.0 765.0 780.0 796.0 770.0 789.0 ship 0
927.0 564.0 934.0 553.0 959.0 568.0 953.0 579.0 ship 0
936.0 551.0 941.0 541.0 965.0 555.0 960.0 564.0 ship 0
945.0 538.0 950.0 529.0 976.0 545.0 971.0 554.0 ship 0
951.0 524.0 956.0 514.0 982.0 530.0 976.0 539.0 ship 0
969.0 501.0 974.0 489.0 997.0 503.0 992.0 513.0 ship 0
807.0 737.0 813.0 742.0 803.0 758.0 796.0 753.0 ship 0
719.0 708.0 724.0 698.0 754.0 714.0 748.0 724.0 ship 0
787.0 590.0 792.0 580.0 823.0 596.0 818.0 607.0 ship 0
727.0 694.0 732.0 683.0 762.0 700.0 757.0 710.0 ship 0
737.0 680.0 743.0 669.0 768.0 683.0 762.0 693.0 ship 0
746.0 665.0 752.0 654.0 782.0 670.0 776.0 682.0 ship 0
752.0 648.0 758.0 637.0 788.0 655.0 782.0 665.0 ship 0
763.0 635.0 768.0 624.0 797.0 641.0 791.0 652.0 ship 0
778.0 606.0 784.0 595.0 813.0 611.0 807.0 621.0 ship 0
699.0 604.0 688.0 617.0 657.0 594.0 665.0 578.0 ship 0
707.0 586.0 698.0 600.0 666.0 579.0 674.0 566.0 ship 0
718.0 572.0 709.0 583.0 676.0 564.0 682.0 552.0 ship 0
650.0 351.0 658.0 338.0 700.0 361.0 692.0 376.0 ship 0
560.0 505.0 566.0 491.0 606.0 515.0 598.0 527.0 ship 0
569.0 489.0 576.0 476.0 616.0 499.0 609.0 512.0 ship 0
579.0 473.0 587.0 460.0 623.0 482.0 615.0 495.0 ship 0
598.0 440.0 606.0 426.0 647.0 450.0 639.0 462.0 ship 0
607.0 423.0 614.0 410.0 658.0 434.0 650.0 446.0 ship 0
618.0 404.0 626.0 390.0 670.0 418.0 662.0 430.0 ship 0
541.0 522.0 533.0 535.0 494.0 513.0 503.0 498.0 ship 0
727.0 555.0 719.0 568.0 685.0 547.0 692.0 534.0 ship 0
569.0 470.0 562.0 483.0 529.0 466.0 537.0 451.0 ship 0
578.0 454.0 571.0 468.0 537.0 449.0 545.0 434.0 ship 0
370.0 557.0 374.0 551.0 392.0 562.0 388.0 568.0 ship 0
374.0 542.0 381.0 531.0 404.0 545.0 397.0 556.0 ship 0
378.0 525.0 385.0 513.0 410.0 529.0 404.0 540.0 ship 0
386.0 507.0 393.0 496.0 421.0 514.0 414.0 524.0 ship 0
549.0 525.0 557.0 510.0 597.0 532.0 589.0 547.0 ship 0
664.0 327.0 674.0 311.0 714.0 335.0 704.0 351.0 ship 0
532.0 555.0 538.0 544.0 573.0 563.0 566.0 574.0 ship 0
523.0 572.0 529.0 560.0 567.0 581.0 560.0 593.0 ship 0
512.0 588.0 519.0 576.0 552.0 595.0 545.0 608.0 ship 0
503.0 604.0 510.0 592.0 543.0 611.0 536.0 623.0 ship 0
492.0 621.0 500.0 608.0 533.0 627.0 526.0 639.0 ship 0
484.0 636.0 491.0 624.0 521.0 643.0 514.0 654.0 ship 0
474.0 652.0 481.0 640.0 518.0 660.0 511.0 671.0 ship 0
465.0 666.0 471.0 654.0 504.0 674.0 498.0 685.0 ship 0
458.0 680.0 463.0 671.0 499.0 691.0 493.0 701.0 ship 0
775.0 382.0 785.0 366.0 850.0 405.0 839.0 421.0 ship 0
801.0 429.0 794.0 441.0 758.0 420.0 766.0 408.0 ship 0
789.0 443.0 782.0 455.0 749.0 437.0 758.0 425.0 ship 0
753.0 508.0 746.0 521.0 711.0 500.0 718.0 487.0 ship 0
745.0 523.0 736.0 537.0 703.0 515.0 712.0 502.0 ship 0
734.0 540.0 726.0 551.0 696.0 531.0 701.0 519.0 ship 0
1733.0 928.0 1721.0 920.0 1736.0 892.0 1750.0 901.0 ship 0
1792.0 925.0 1804.0 933.0 1789.0 959.0 1778.0 953.0 ship 0
1804.0 932.0 1817.0 941.0 1801.0 971.0 1786.0 964.0 ship 0
213.0 1330.0 219.0 1319.0 248.0 1334.0 242.0 1346.0 large-vehicle 0
114.0 1381.0 123.0 1388.0 113.0 1407.0 104.0 1403.0 small-vehicle 0
331.0 1442.0 326.0 1452.0 305.0 1437.0 309.0 1427.0 small-vehicle 0
287.0 1371.0 295.0 1358.0 318.0 1373.0 310.0 1385.0 small-vehicle 0
385.0 1457.0 381.0 1464.0 361.0 1453.0 365.0 1445.0 small-vehicle 1
126.0 1316.0 132.0 1308.0 148.0 1319.0 143.0 1328.0 small-vehicle 1
31.0 1261.0 37.0 1251.0 55.0 1264.0 49.0 1273.0 small-vehicle 1
297.0 1184.0 284.0 1178.0 297.0 1153.0 310.0 1159.0 large-vehicle 0
61.0 1425.0 53.0 1421.0 65.0 1397.0 71.0 1404.0 small-vehicle 0
246.0 1157.0 245.0 1169.0 214.0 1168.0 216.0 1155.0 ship 0
133.0 1116.0 144.0 1116.0 145.0 1139.0 132.0 1139.0 small-vehicle 0
74.0 1074.0 84.0 1076.0 82.0 1101.0 71.0 1100.0 small-vehicle 0
54.0 1062.0 66.0 1065.0 62.0 1087.0 51.0 1087.0 small-vehicle 0
35.0 1052.0 43.0 1053.0 42.0 1077.0 31.0 1075.0 small-vehicle 0
31.0 894.0 37.0 904.0 12.0 921.0 6.0 910.0 ship 0
89.0 1422.0 99.0 1428.0 87.0 1449.0 79.0 1444.0 small-vehicle 0
480.0 1256.0 472.0 1261.0 457.0 1240.0 465.0 1233.0 small-vehicle 0
40.0 719.0 41.0 733.0 4.0 735.0 4.0 723.0 large-vehicle 0
548.0 1157.0 540.0 1165.0 518.0 1140.0 532.0 1134.0 large-vehicle 0
624.0 995.0 631.0 990.0 643.0 1008.0 634.0 1013.0 small-vehicle 0
618.0 1006.0 625.0 1001.0 636.0 1018.0 628.0 1023.0 small-vehicle 0
613.0 1018.0 621.0 1013.0 631.0 1029.0 621.0 1033.0 small-vehicle 0
595.0 1011.0 601.0 1006.0 613.0 1024.0 604.0 1027.0 small-vehicle 0
606.0 1029.0 615.0 1023.0 625.0 1040.0 618.0 1045.0 small-vehicle 0
567.0 1131.0 559.0 1138.0 535.0 1109.0 546.0 1102.0 large-vehicle 0
546.0 1178.0 539.0 1182.0 522.0 1162.0 530.0 1157.0 small-vehicle 0
471.0 1263.0 465.0 1269.0 455.0 1252.0 461.0 1247.0 small-vehicle 1
502.0 1165.0 508.0 1159.0 518.0 1174.0 511.0 1179.0 small-vehicle 0
541.0 1188.0 534.0 1194.0 521.0 1177.0 529.0 1171.0 small-vehicle 0
514.0 1187.0 523.0 1182.0 536.0 1201.0 528.0 1207.0 small-vehicle 0
516.0 1192.0 506.0 1199.0 495.0 1177.0 502.0 1170.0 small-vehicle 1
490.0 1231.0 484.0 1238.0 471.0 1221.0 477.0 1214.0 small-vehicle 1
497.0 1259.0 491.0 1266.0 482.0 1250.0 488.0 1243.0 small-vehicle 1
98.0 907.0 89.0 908.0 87.0 886.0 98.0 885.0 small-vehicle 0
450.0 905.0 444.0 915.0 428.0 903.0 433.0 895.0 small-vehicle 0
586.0 1176.0 592.0 1164.0 622.0 1183.0 616.0 1193.0 ship 1
104.0 228.0 95.0 222.0 104.0 203.0 114.0 208.0 small-vehicle 0
82.0 219.0 90.0 226.0 79.0 246.0 70.0 240.0 small-vehicle 0
94.0 225.0 100.0 230.0 89.0 247.0 83.0 242.0 small-vehicle 0
126.0 248.0 136.0 253.0 126.0 269.0 118.0 264.0 small-vehicle 0
141.0 227.0 149.0 234.0 138.0 248.0 131.0 243.0 small-vehicle 0
128.0 218.0 136.0 224.0 124.0 239.0 119.0 235.0 small-vehicle 0
115.0 235.0 105.0 229.0 118.0 208.0 126.0 213.0 small-vehicle 0
56.0 230.0 48.0 225.0 58.0 205.0 66.0 211.0 small-vehicle 0
65.0 302.0 72.0 307.0 62.0 325.0 53.0 321.0 small-vehicle 0
91.0 224.0 83.0 219.0 94.0 198.0 103.0 205.0 small-vehicle 0
160.0 165.0 168.0 172.0 159.0 189.0 151.0 184.0 small-vehicle 0
150.0 162.0 157.0 165.0 149.0 183.0 139.0 177.0 small-vehicle 0
136.0 157.0 146.0 161.0 137.0 177.0 129.0 173.0 small-vehicle 0
130.0 153.0 137.0 157.0 129.0 171.0 122.0 167.0 small-vehicle 0
854.0 903.0 849.0 912.0 829.0 900.0 835.0 891.0 ship 1
51.0 270.0 62.0 269.0 63.0 290.0 53.0 290.0 small-vehicle 0
77.0 304.0 85.0 309.0 75.0 330.0 67.0 327.0 small-vehicle 0
459.0 879.0 455.0 886.0 437.0 876.0 441.0 867.0 small-vehicle 0
329.0 786.0 321.0 777.0 342.0 763.0 347.0 773.0 small-vehicle 0
98.0 865.0 108.0 867.0 106.0 886.0 96.0 885.0 small-vehicle 0
402.0 830.0 408.0 837.0 389.0 851.0 382.0 844.0 small-vehicle 0
341.0 825.0 346.0 814.0 370.0 824.0 369.0 833.0 small-vehicle 0
369.0 814.0 362.0 805.0 378.0 793.0 383.0 800.0 small-vehicle 0
360.0 805.0 352.0 798.0 367.0 786.0 372.0 792.0 small-vehicle 0
352.0 799.0 343.0 790.0 362.0 778.0 368.0 786.0 small-vehicle 0
257.0 566.0 259.0 575.0 237.0 574.0 238.0 564.0 small-vehicle 0
74.0 365.0 63.0 360.0 73.0 340.0 83.0 345.0 small-vehicle 0
230.0 535.0 230.0 546.0 202.0 544.0 202.0 533.0 small-vehicle 0
116.0 416.0 121.0 407.0 137.0 417.0 133.0 427.0 small-vehicle 0
48.0 373.0 42.0 380.0 25.0 366.0 32.0 358.0 small-vehicle 0
17.0 303.0 24.0 309.0 15.0 325.0 7.0 321.0 small-vehicle 0
29.0 301.0 20.0 297.0 30.0 279.0 38.0 285.0 small-vehicle 0
41.0 286.0 49.0 292.0 39.0 310.0 30.0 305.0 small-vehicle 0
630.0 989.0 639.0 980.0 649.0 998.0 640.0 1003.0 small-vehicle 0
637.0 977.0 646.0 969.0 657.0 989.0 649.0 994.0 small-vehicle 0
644.0 967.0 651.0 960.0 661.0 975.0 654.0 980.0 small-vehicle 0
2110.0 1398.0 2109.0 1408.0 2086.0 1404.0 2088.0 1394.0 small-vehicle 1
2140.0 1321.0 2146.0 1324.0 2138.0 1341.0 2132.0 1337.0 small-vehicle 1
2101.0 1302.0 2108.0 1308.0 2100.0 1324.0 2092.0 1321.0 small-vehicle 1
2090.0 1297.0 2098.0 1302.0 2091.0 1320.0 2083.0 1316.0 small-vehicle 1
2082.0 1295.0 2088.0 1300.0 2081.0 1316.0 2073.0 1312.0 small-vehicle 1
2071.0 1289.0 2077.0 1294.0 2070.0 1311.0 2063.0 1308.0 small-vehicle 1
2153.0 1399.0 2160.0 1391.0 2178.0 1407.0 2172.0 1416.0 small-vehicle 1
1965.0 1414.0 1971.0 1406.0 1990.0 1420.0 1985.0 1427.0 small-vehicle 1
2160.0 1327.0 2168.0 1333.0 2158.0 1349.0 2151.0 1344.0 small-vehicle 1
2019.0 1374.0 2024.0 1367.0 2040.0 1379.0 2037.0 1385.0 small-vehicle 1
2008.0 1345.0 2012.0 1336.0 2028.0 1347.0 2025.0 1354.0 small-vehicle 1
1999.0 1352.0 2006.0 1343.0 2024.0 1357.0 2020.0 1365.0 small-vehicle 1
1933.0 1280.0 1939.0 1272.0 1953.0 1284.0 1949.0 1290.0 small-vehicle 1
193.0 1160.0 191.0 1151.0 212.0 1146.0 215.0 1155.0 small-vehicle 1
476.0 847.0 472.0 856.0 455.0 846.0 459.0 837.0 small-vehicle 1
2150.0 1322.0 2156.0 1326.0 2147.0 1345.0 2140.0 1342.0 small-vehicle 1
2169.0 1333.0 2177.0 1340.0 2166.0 1355.0 2159.0 1351.0 small-vehicle 1
647.0 956.0 656.0 948.0 669.0 967.0 660.0 972.0 small-vehicle 0
2135.0 1440.0 2132.0 1453.0 2093.0 1446.0 2096.0 1433.0 ship 0
119.0 898.0 108.0 897.0 110.0 868.0 122.0 870.0 ship 0
237.0 528.0 239.0 520.0 259.0 523.0 257.0 531.0 small-vehicle 0
3.0 532.0 7.0 526.0 26.0 535.0 22.0 542.0 small-vehicle 0
1854.0 1273.0 1864.0 1281.0 1850.0 1304.0 1840.0 1297.0 large-vehicle 0
1852.0 1204.0 1862.0 1209.0 1848.0 1246.0 1834.0 1239.0 ship 0
2109.0 1423.0 2114.0 1410.0 2150.0 1419.0 2147.0 1432.0 ship 0
2131.0 1452.0 2131.0 1464.0 2086.0 1459.0 2090.0 1446.0 ship 0
2180.0 1340.0 2186.0 1345.0 2176.0 1360.0 2170.0 1355.0 small-vehicle 1
2055.0 1448.0 2058.0 1438.0 2089.0 1447.0 2087.0 1457.0 ship 0
2060.0 1438.0 2063.0 1427.0 2095.0 1434.0 2093.0 1446.0 ship 0
2071.0 1427.0 2074.0 1418.0 2100.0 1422.0 2099.0 1433.0 ship 0
2072.0 1417.0 2076.0 1404.0 2111.0 1410.0 2108.0 1423.0 ship 0
1962.0 1436.0 1968.0 1426.0 1987.0 1436.0 1983.0 1446.0 small-vehicle 1
2198.0 1352.0 2205.0 1357.0 2197.0 1372.0 2189.0 1369.0 small-vehicle 1
266.0 673.0 279.0 673.0 279.0 701.0 265.0 700.0 large-vehicle 0
317.0 756.0 320.0 765.0 306.0 773.0 301.0 767.0 small-vehicle 0
633.0 1363.0 634.0 1352.0 652.0 1353.0 651.0 1363.0 small-vehicle 0
619.0 1010.0 612.0 1015.0 597.0 996.0 607.0 990.0 small-vehicle 1
782.0 1105.0 790.0 1099.0 804.0 1118.0 795.0 1123.0 small-vehicle 0
788.0 1095.0 796.0 1088.0 811.0 1111.0 803.0 1116.0 small-vehicle 0
795.0 1083.0 800.0 1075.0 815.0 1092.0 809.0 1100.0 small-vehicle 0
801.0 1073.0 809.0 1065.0 820.0 1084.0 813.0 1089.0 small-vehicle 0
806.0 1063.0 814.0 1056.0 827.0 1073.0 819.0 1079.0 small-vehicle 0
816.0 1051.0 826.0 1043.0 835.0 1065.0 827.0 1070.0 small-vehicle 0
624.0 1000.0 616.0 1005.0 604.0 985.0 613.0 979.0 small-vehicle 0
1054.0 1443.0 1061.0 1440.0 1068.0 1458.0 1059.0 1460.0 small-vehicle 0
629.0 987.0 623.0 995.0 609.0 973.0 616.0 969.0 small-vehicle 0
648.0 958.0 643.0 965.0 629.0 945.0 637.0 940.0 small-vehicle 0
655.0 946.0 646.0 953.0 635.0 934.0 643.0 929.0 small-vehicle 0
662.0 937.0 655.0 945.0 641.0 925.0 651.0 917.0 small-vehicle 0
662.0 938.0 669.0 930.0 679.0 946.0 674.0 951.0 small-vehicle 0
655.0 946.0 665.0 939.0 678.0 957.0 669.0 963.0 small-vehicle 0
777.0 1115.0 785.0 1109.0 797.0 1126.0 789.0 1130.0 small-vehicle 1
772.0 1128.0 779.0 1122.0 792.0 1140.0 784.0 1145.0 small-vehicle 1
764.0 1138.0 772.0 1131.0 785.0 1150.0 777.0 1157.0 small-vehicle 0
685.0 1276.0 694.0 1270.0 705.0 1288.0 697.0 1294.0 small-vehicle 0
952.0 1174.0 963.0 1179.0 954.0 1200.0 945.0 1197.0 small-vehicle 0
964.0 1181.0 972.0 1187.0 964.0 1203.0 957.0 1199.0 small-vehicle 0
1008.0 1196.0 1017.0 1202.0 1006.0 1223.0 997.0 1219.0 small-vehicle 0
1083.0 1328.0 1090.0 1319.0 1111.0 1333.0 1104.0 1344.0 ship 0
1168.0 1342.0 1178.0 1348.0 1165.0 1370.0 1156.0 1364.0 small-vehicle 0
1181.0 1348.0 1189.0 1352.0 1177.0 1370.0 1169.0 1365.0 small-vehicle 0
1192.0 1350.0 1201.0 1356.0 1191.0 1376.0 1181.0 1372.0 small-vehicle 0
1185.0 1442.0 1173.0 1438.0 1174.0 1414.0 1184.0 1414.0 small-vehicle 0
1149.0 1427.0 1148.0 1439.0 1127.0 1437.0 1129.0 1425.0 small-vehicle 0
1084.0 1390.0 1095.0 1386.0 1102.0 1405.0 1093.0 1410.0 small-vehicle 0
1079.0 1402.0 1088.0 1398.0 1095.0 1416.0 1087.0 1419.0 small-vehicle 0
1072.0 1413.0 1079.0 1409.0 1089.0 1429.0 1080.0 1432.0 small-vehicle 0
1060.0 1435.0 1070.0 1431.0 1077.0 1450.0 1070.0 1453.0 small-vehicle 0
750.0 866.0 753.0 857.0 775.0 868.0 769.0 878.0 ship 1
703.0 977.0 708.0 964.0 736.0 981.0 729.0 992.0 ship 1
1828.0 931.0 1842.0 940.0 1826.0 973.0 1811.0 965.0 ship 0
152.0 800.0 146.0 791.0 178.0 774.0 183.0 784.0 ship 0
279.0 875.0 274.0 867.0 296.0 852.0 304.0 860.0 ship 0
231.0 851.0 226.0 840.0 251.0 825.0 257.0 835.0 ship 0
215.0 845.0 207.0 832.0 244.0 813.0 249.0 824.0 ship 0
197.0 831.0 192.0 819.0 220.0 804.0 226.0 816.0 ship 0
185.0 823.0 180.0 812.0 211.0 793.0 216.0 804.0 ship 0
160.0 810.0 155.0 799.0 186.0 783.0 192.0 792.0 ship 0
119.0 778.0 114.0 769.0 142.0 754.0 146.0 765.0 ship 0
52.0 796.0 65.0 796.0 62.0 828.0 49.0 828.0 ship 0
161.0 718.0 153.0 706.0 186.0 684.0 193.0 696.0 ship 0
94.0 765.0 89.0 755.0 117.0 739.0 123.0 749.0 ship 0
81.0 759.0 76.0 749.0 108.0 732.0 113.0 741.0 ship 0
135.0 706.0 129.0 694.0 164.0 672.0 172.0 684.0 ship 0
117.0 693.0 108.0 680.0 135.0 662.0 144.0 675.0 ship 0
91.0 671.0 85.0 658.0 108.0 644.0 115.0 657.0 ship 0
39.0 790.0 50.0 791.0 49.0 822.0 37.0 822.0 ship 0
63.0 802.0 76.0 802.0 73.0 837.0 62.0 838.0 ship 0
220.0 643.0 231.0 645.0 229.0 678.0 217.0 678.0 ship 0
190.0 877.0 201.0 877.0 200.0 911.0 190.0 911.0 ship 0
214.0 951.0 202.0 951.0 202.0 924.0 213.0 924.0 ship 0
202.0 945.0 192.0 945.0 189.0 917.0 202.0 917.0 ship 0
190.0 941.0 179.0 941.0 179.0 907.0 191.0 907.0 ship 0
177.0 935.0 166.0 935.0 166.0 900.0 177.0 900.0 ship 0
166.0 928.0 155.0 927.0 153.0 894.0 166.0 894.0 ship 0
201.0 888.0 213.0 889.0 212.0 914.0 203.0 914.0 ship 0
181.0 871.0 192.0 872.0 189.0 902.0 178.0 902.0 ship 0
76.0 811.0 85.0 811.0 84.0 840.0 74.0 841.0 ship 0
167.0 867.0 181.0 867.0 179.0 899.0 167.0 899.0 ship 0
153.0 859.0 169.0 859.0 167.0 894.0 152.0 894.0 ship 0
119.0 837.0 134.0 837.0 132.0 873.0 119.0 872.0 ship 0
107.0 832.0 119.0 831.0 120.0 864.0 107.0 866.0 ship 0
99.0 824.0 110.0 824.0 109.0 854.0 99.0 853.0 ship 0
85.0 821.0 98.0 821.0 97.0 851.0 86.0 851.0 ship 0
249.0 659.0 264.0 659.0 262.0 698.0 246.0 697.0 ship 0
207.0 630.0 221.0 632.0 217.0 670.0 205.0 669.0 ship 0
670.0 1034.0 678.0 1023.0 700.0 1039.0 693.0 1049.0 ship 1
1974.0 1149.0 1987.0 1156.0 1968.0 1193.0 1956.0 1186.0 ship 0
2220.0 1321.0 2205.0 1313.0 2225.0 1273.0 2240.0 1280.0 ship 0
2182.0 1254.0 2196.0 1261.0 2176.0 1302.0 2161.0 1295.0 ship 0
2132.0 1283.0 2116.0 1275.0 2139.0 1232.0 2154.0 1240.0 ship 0
2100.0 1211.0 2114.0 1218.0 2096.0 1257.0 2080.0 1250.0 ship 0
2010.0 1215.0 1996.0 1209.0 2014.0 1167.0 2028.0 1174.0 ship 0
1995.0 1156.0 2009.0 1163.0 1988.0 1203.0 1975.0 1196.0 ship 0
1953.0 1134.0 1969.0 1143.0 1948.0 1182.0 1933.0 1174.0 ship 0
1899.0 1191.0 1917.0 1200.0 1893.0 1244.0 1874.0 1234.0 ship 0
1934.0 1124.0 1950.0 1132.0 1930.0 1172.0 1915.0 1163.0 ship 0
1896.0 1093.0 1913.0 1101.0 1888.0 1150.0 1873.0 1143.0 ship 0
1891.0 963.0 1906.0 972.0 1877.0 1029.0 1860.0 1019.0 ship 0
1828.0 916.0 1835.0 904.0 1888.0 935.0 1880.0 947.0 ship 0
1765.0 899.0 1773.0 885.0 1823.0 916.0 1815.0 930.0 ship 0
1865.0 950.0 1879.0 958.0 1854.0 1010.0 1837.0 1001.0 ship 0
2239.0 1331.0 2225.0 1322.0 2245.0 1284.0 2260.0 1292.0 ship 0
1916.0 1249.0 1904.0 1242.0 1923.0 1208.0 1935.0 1217.0 ship 0
175.0 612.0 190.0 614.0 186.0 649.0 172.0 648.0 ship 0
913.0 1276.0 903.0 1291.0 872.0 1271.0 880.0 1255.0 ship 0
143.0 584.0 158.0 586.0 155.0 638.0 138.0 637.0 ship 0
958.0 1373.0 965.0 1360.0 995.0 1380.0 988.0 1389.0 ship 0
966.0 1350.0 972.0 1338.0 1006.0 1359.0 1000.0 1371.0 ship 0
875.0 1357.0 868.0 1370.0 830.0 1347.0 838.0 1334.0 ship 0
884.0 1338.0 875.0 1351.0 842.0 1327.0 852.0 1315.0 ship 0
897.0 1315.0 887.0 1334.0 848.0 1308.0 859.0 1290.0 ship 0
784.0 1234.0 779.0 1211.0 845.0 1201.0 849.0 1224.0 ship 0
1931.0 1270.0 1915.0 1260.0 1940.0 1221.0 1955.0 1229.0 ship 0
763.0 1267.0 759.0 1242.0 824.0 1232.0 828.0 1254.0 ship 0
808.0 1263.0 811.0 1281.0 756.0 1289.0 753.0 1269.0 ship 0
796.0 1287.0 800.0 1305.0 744.0 1316.0 740.0 1296.0 ship 0
782.0 1313.0 787.0 1330.0 730.0 1344.0 725.0 1325.0 ship 0
2008.0 1236.0 2027.0 1246.0 2005.0 1293.0 1984.0 1283.0 ship 0
1977.0 1228.0 1992.0 1239.0 1965.0 1285.0 1949.0 1275.0 ship 0
250.0 974.0 235.0 975.0 236.0 938.0 250.0 938.0 ship 0
73.0 993.0 66.0 980.0 95.0 967.0 100.0 979.0 ship 0
132.0 955.0 139.0 968.0 112.0 985.0 104.0 973.0 ship 0
520.0 1068.0 512.0 1081.0 484.0 1064.0 492.0 1050.0 ship 0
861.0 621.0 879.0 632.0 866.0 657.0 847.0 648.0 ship 0
886.0 622.0 866.0 612.0 883.0 583.0 903.0 594.0 ship 0
30.0 9.0 39.0 16.0 25.0 40.0 16.0 34.0 ship 0
403.0 1272.0 399.0 1281.0 370.0 1267.0 376.0 1257.0 ship 0
405.0 1260.0 400.0 1269.0 377.0 1257.0 383.0 1247.0 ship 0
507.0 1087.0 500.0 1099.0 475.0 1085.0 481.0 1072.0 ship 0
536.0 1040.0 529.0 1052.0 502.0 1036.0 510.0 1024.0 ship 0
1923.0 1313.0 1931.0 1318.0 1918.0 1341.0 1909.0 1336.0 ship 0
544.0 1023.0 537.0 1031.0 514.0 1017.0 521.0 1007.0 ship 0
559.0 1005.0 554.0 1015.0 524.0 999.0 531.0 988.0 ship 0
564.0 983.0 559.0 994.0 534.0 982.0 540.0 971.0 ship 0
312.0 1030.0 311.0 1041.0 283.0 1041.0 283.0 1029.0 ship 0
317.0 1019.0 317.0 1030.0 289.0 1029.0 291.0 1017.0 ship 0
333.0 1007.0 332.0 1019.0 301.0 1017.0 302.0 1005.0 ship 0
1840.0 1251.0 1852.0 1259.0 1833.0 1294.0 1821.0 1287.0 ship 0
1941.0 1323.0 1951.0 1329.0 1937.0 1352.0 1927.0 1346.0 ship 0
158.0 969.0 165.0 980.0 141.0 995.0 134.0 983.0 ship 0
40.0 853.0 27.0 855.0 24.0 826.0 36.0 824.0 ship 0
645.0 1083.0 651.0 1072.0 674.0 1087.0 669.0 1095.0 ship 1
624.0 1109.0 629.0 1100.0 655.0 1113.0 650.0 1124.0 ship 1
607.0 1139.0 615.0 1126.0 645.0 1145.0 638.0 1157.0 ship 1
413.0 1239.0 410.0 1246.0 392.0 1237.0 395.0 1228.0 ship 0
454.0 1186.0 448.0 1195.0 423.0 1180.0 429.0 1169.0 ship 0
95.0 507.0 88.0 512.0 76.0 498.0 83.0 492.0 ship 0
71.0 925.0 79.0 934.0 58.0 948.0 51.0 937.0 ship 0
2170.0 1419.0 2177.0 1408.0 2213.0 1430.0 2206.0 1442.0 ship 0
87.0 929.0 96.0 937.0 70.0 955.0 63.0 946.0 ship 0
249.0 915.0 264.0 915.0 263.0 946.0 248.0 947.0 ship 0
95.0 879.0 86.0 879.0 85.0 856.0 98.0 856.0 ship 0
350.0 970.0 350.0 982.0 324.0 981.0 323.0 969.0 ship 0
353.0 960.0 352.0 970.0 326.0 969.0 328.0 959.0 ship 0
1043.0 1456.0 1025.0 1460.0 1013.0 1421.0 1030.0 1416.0 ship 0
340.0 994.0 339.0 1006.0 307.0 1005.0 309.0 992.0 ship 0
195.0 1136.0 197.0 1123.0 229.0 1123.0 229.0 1135.0 ship 0
229.0 1075.0 228.0 1062.0 260.0 1062.0 258.0 1075.0 ship 0
57.0 1034.0 71.0 1034.0 72.0 1062.0 59.0 1062.0 ship 0
273.0 994.0 272.0 982.0 307.0 982.0 307.0 995.0 ship 0
154.0 1090.0 166.0 1092.0 163.0 1119.0 151.0 1117.0 ship 0
141.0 1083.0 151.0 1083.0 153.0 1111.0 141.0 1111.0 ship 0
116.0 1065.0 127.0 1065.0 129.0 1097.0 116.0 1097.0 ship 0
105.0 1061.0 117.0 1062.0 117.0 1084.0 105.0 1085.0 ship 0
91.0 1049.0 105.0 1050.0 105.0 1079.0 91.0 1079.0 ship 0
46.0 1027.0 59.0 1027.0 60.0 1054.0 47.0 1054.0 ship 0
288.0 983.0 288.0 970.0 318.0 971.0 317.0 983.0 ship 0
24.0 1015.0 38.0 1015.0 37.0 1043.0 25.0 1043.0 ship 0
160.0 1037.0 153.0 1024.0 179.0 1009.0 187.0 1022.0 ship 0
215.0 1006.0 221.0 1019.0 193.0 1032.0 187.0 1021.0 ship 0
208.0 994.0 213.0 1005.0 187.0 1021.0 181.0 1009.0 ship 0
127.0 1029.0 122.0 1018.0 154.0 997.0 161.0 1008.0 ship 0
111.0 1014.0 102.0 1001.0 130.0 984.0 137.0 998.0 ship 0
265.0 1007.0 265.0 994.0 304.0 996.0 303.0 1006.0 ship 0
259.0 1018.0 259.0 1008.0 296.0 1007.0 296.0 1018.0 ship 0
251.0 1029.0 251.0 1017.0 287.0 1019.0 287.0 1028.0 ship 0
245.0 1040.0 246.0 1029.0 282.0 1030.0 282.0 1040.0 ship 0
245.0 1051.0 245.0 1043.0 278.0 1041.0 277.0 1052.0 ship 0
219.0 1087.0 220.0 1075.0 256.0 1075.0 255.0 1087.0 ship 0
211.0 1099.0 212.0 1087.0 250.0 1087.0 250.0 1097.0 ship 0
200.0 1122.0 200.0 1109.0 234.0 1111.0 233.0 1122.0 ship 0
290.0 1076.0 290.0 1085.0 256.0 1086.0 256.0 1075.0 ship 0
285.0 1086.0 285.0 1097.0 250.0 1097.0 250.0 1086.0 ship 0
266.0 1122.0 265.0 1135.0 229.0 1134.0 229.0 1122.0 ship 0
311.0 923.0 311.0 910.0 348.0 913.0 348.0 924.0 ship 0
304.0 935.0 303.0 923.0 346.0 925.0 347.0 937.0 ship 0
387.0 914.0 388.0 925.0 351.0 925.0 350.0 913.0 ship 0
379.0 925.0 379.0 939.0 349.0 937.0 347.0 924.0 ship 0
302.0 948.0 303.0 936.0 330.0 938.0 329.0 948.0 ship 0
303.0 960.0 303.0 949.0 330.0 949.0 329.0 960.0 ship 0
148.0 15.0 192.0 44.0 128.0 155.0 83.0 127.0 harbor 0
