imagesource:GoogleEarth
gsd:0.13341356526
1817.0 2271.0 1837.0 2269.0 1840.0 2317.0 1822.0 2320.0 small-vehicle 0
735.0 1434.0 712.0 1421.0 763.0 1347.0 784.0 1362.0 ship 0
708.0 1272.0 691.0 1253.0 751.0 1189.0 772.0 1210.0 ship 0
642.0 1354.0 621.0 1335.0 674.0 1272.0 698.0 1293.0 ship 0
739.0 1299.0 715.0 1279.0 780.0 1204.0 804.0 1225.0 ship 0
771.0 1325.0 749.0 1310.0 812.0 1230.0 834.0 1248.0 ship 0
713.0 1293.0 732.0 1309.0 675.0 1370.0 656.0 1350.0 ship 0
742.0 1319.0 760.0 1336.0 700.0 1399.0 681.0 1380.0 ship 0
801.0 1369.0 816.0 1386.0 773.0 1432.0 755.0 1415.0 ship 0
970.0 1497.0 952.0 1483.0 995.0 1431.0 1013.0 1447.0 ship 0
788.0 1494.0 762.0 1473.0 817.0 1402.0 842.0 1419.0 ship 0
875.0 1282.0 897.0 1301.0 825.0 1374.0 807.0 1353.0 ship 0
858.0 1401.0 836.0 1385.0 882.0 1325.0 906.0 1343.0 ship 0
886.0 1429.0 865.0 1408.0 931.0 1337.0 951.0 1356.0 ship 0
895.0 1444.0 912.0 1459.0 875.0 1506.0 856.0 1490.0 ship 0
919.0 1451.0 904.0 1441.0 943.0 1388.0 961.0 1400.0 ship 0
650.0 1242.0 669.0 1258.0 616.0 1323.0 598.0 1309.0 ship 0
568.0 1315.0 548.0 1292.0 619.0 1218.0 640.0 1237.0 ship 0
707.0 1177.0 726.0 1192.0 675.0 1246.0 657.0 1228.0 ship 0
649.0 1222.0 631.0 1206.0 692.0 1134.0 713.0 1152.0 ship 0
560.0 1261.0 531.0 1233.0 625.0 1121.0 658.0 1155.0 ship 0
635.0 1676.0 662.0 1692.0 600.0 1794.0 575.0 1774.0 ship 0
595.0 1651.0 620.0 1662.0 576.0 1760.0 548.0 1745.0 ship 0
564.0 1630.0 590.0 1652.0 515.0 1756.0 487.0 1732.0 ship 0
594.0 1635.0 566.0 1618.0 625.0 1518.0 657.0 1536.0 ship 0
633.0 1662.0 607.0 1647.0 659.0 1544.0 692.0 1560.0 ship 0
667.0 1682.0 643.0 1667.0 695.0 1574.0 723.0 1591.0 ship 0
708.0 1704.0 684.0 1691.0 729.0 1608.0 755.0 1623.0 ship 0
675.0 1698.0 699.0 1713.0 645.0 1800.0 620.0 1783.0 ship 0
705.0 1720.0 730.0 1731.0 694.0 1812.0 667.0 1798.0 ship 0
777.0 1760.0 801.0 1770.0 760.0 1851.0 735.0 1835.0 ship 0
811.0 1780.0 831.0 1792.0 792.0 1859.0 772.0 1846.0 ship 0
775.0 1741.0 753.0 1730.0 792.0 1656.0 816.0 1668.0 ship 0
941.0 1473.0 925.0 1461.0 960.0 1416.0 977.0 1430.0 ship 0
1028.0 1448.0 1045.0 1462.0 1002.0 1510.0 984.0 1492.0 ship 0
250.0 2291.0 237.0 2280.0 256.0 2254.0 269.0 2264.0 ship 0
1184.0 1278.0 1169.0 1258.0 1218.0 1221.0 1232.0 1243.0 ship 0
1152.0 1273.0 1167.0 1294.0 1107.0 1348.0 1091.0 1329.0 ship 0
1174.0 1296.0 1190.0 1311.0 1144.0 1363.0 1128.0 1348.0 ship 0
1203.0 1329.0 1219.0 1347.0 1169.0 1393.0 1152.0 1372.0 ship 0
1224.0 1353.0 1237.0 1370.0 1198.0 1406.0 1185.0 1392.0 ship 0
1234.0 1335.0 1221.0 1320.0 1265.0 1283.0 1276.0 1298.0 ship 0
1202.0 1304.0 1188.0 1289.0 1233.0 1249.0 1248.0 1264.0 ship 0
1150.0 1245.0 1139.0 1229.0 1191.0 1190.0 1203.0 1207.0 ship 0
943.0 1492.0 961.0 1505.0 924.0 1555.0 907.0 1542.0 ship 0
1180.0 1146.0 1200.0 1171.0 1138.0 1223.0 1119.0 1199.0 ship 0
1151.0 1121.0 1166.0 1139.0 1111.0 1190.0 1096.0 1169.0 ship 0
1079.0 1169.0 1063.0 1150.0 1116.0 1106.0 1132.0 1128.0 ship 0
1056.0 1137.0 1040.0 1115.0 1101.0 1060.0 1118.0 1082.0 ship 0
1032.0 1110.0 1013.0 1088.0 1075.0 1030.0 1095.0 1053.0 ship 0
1057.0 1003.0 1075.0 1023.0 1004.0 1080.0 988.0 1055.0 ship 0
1142.0 1258.0 1153.0 1268.0 1131.0 1295.0 1118.0 1284.0 ship 0
1126.0 1244.0 1139.0 1257.0 1091.0 1307.0 1076.0 1292.0 ship 0
1114.0 1226.0 1124.0 1244.0 1073.0 1275.0 1061.0 1255.0 ship 0
1076.0 1186.0 1093.0 1204.0 1034.0 1262.0 1017.0 1242.0 ship 0
1024.0 1128.0 1040.0 1147.0 974.0 1207.0 956.0 1188.0 ship 0
1003.0 1099.0 1019.0 1117.0 959.0 1172.0 943.0 1152.0 ship 0
922.0 1150.0 904.0 1130.0 969.0 1070.0 989.0 1091.0 ship 0
898.0 1119.0 880.0 1099.0 948.0 1041.0 968.0 1064.0 ship 0
978.0 1049.0 961.0 1026.0 1035.0 971.0 1051.0 995.0 ship 0
922.0 1011.0 940.0 1031.0 878.0 1084.0 862.0 1063.0 ship 0
1013.0 944.0 1031.0 962.0 954.0 1024.0 936.0 1001.0 ship 0
840.0 1070.0 823.0 1051.0 893.0 988.0 909.0 1011.0 ship 0
874.0 952.0 895.0 974.0 808.0 1055.0 787.0 1029.0 ship 0
902.0 966.0 884.0 947.0 946.0 883.0 965.0 903.0 ship 0
1057.0 1472.0 1073.0 1485.0 1030.0 1532.0 1013.0 1518.0 ship 0
998.0 1536.0 1015.0 1550.0 974.0 1601.0 957.0 1584.0 ship 0
964.0 1513.0 981.0 1524.0 952.0 1568.0 933.0 1555.0 ship 0
808.0 1761.0 785.0 1749.0 830.0 1666.0 856.0 1680.0 ship 0
843.0 1782.0 820.0 1769.0 856.0 1705.0 882.0 1721.0 ship 0
874.0 1805.0 855.0 1795.0 893.0 1720.0 918.0 1731.0 ship 0
879.0 2622.0 856.0 2611.0 905.0 2513.0 929.0 2526.0 ship 0
659.0 2500.0 632.0 2484.0 679.0 2385.0 711.0 2403.0 ship 0
696.0 2517.0 671.0 2504.0 723.0 2411.0 750.0 2429.0 ship 0
750.0 2438.0 777.0 2452.0 734.0 2538.0 707.0 2524.0 ship 0
802.0 2435.0 833.0 2452.0 775.0 2557.0 746.0 2536.0 ship 0
805.0 2580.0 777.0 2564.0 832.0 2458.0 861.0 2474.0 ship 0
834.0 2597.0 814.0 2586.0 846.0 2521.0 867.0 2533.0 ship 0
907.0 2638.0 884.0 2619.0 952.0 2526.0 974.0 2548.0 ship 0
845.0 1803.0 868.0 1814.0 826.0 1887.0 804.0 1875.0 ship 0
938.0 2246.0 959.0 2258.0 920.0 2323.0 899.0 2307.0 ship 0
903.0 2224.0 926.0 2237.0 885.0 2303.0 860.0 2287.0 ship 0
873.0 2206.0 894.0 2217.0 856.0 2281.0 834.0 2266.0 ship 0
834.0 2183.0 852.0 2192.0 822.0 2246.0 803.0 2233.0 ship 0
769.0 2269.0 745.0 2253.0 798.0 2166.0 823.0 2180.0 ship 0
744.0 2232.0 724.0 2220.0 761.0 2150.0 783.0 2163.0 ship 0
587.0 2459.0 565.0 2446.0 609.0 2367.0 635.0 2383.0 ship 0
558.0 2443.0 529.0 2426.0 585.0 2311.0 619.0 2331.0 ship 0
546.0 2307.0 571.0 2321.0 520.0 2414.0 493.0 2398.0 ship 0
441.0 2376.0 417.0 2363.0 473.0 2262.0 498.0 2278.0 ship 0
410.0 2360.0 383.0 2346.0 430.0 2257.0 458.0 2272.0 ship 0
365.0 2338.0 340.0 2322.0 402.0 2213.0 433.0 2231.0 ship 0
337.0 2311.0 314.0 2295.0 366.0 2200.0 395.0 2216.0 ship 0
1630.0 193.0 1683.0 177.0 1787.0 459.0 1730.0 483.0 harbor 0
1309.0 422.0 1285.0 379.0 1530.0 243.0 1554.0 289.0 harbor 0
762.0 147.0 724.0 179.0 644.0 97.0 678.0 65.0 harbor 0
1515.0 479.0 1625.0 417.0 1983.0 937.0 1874.0 1006.0 harbor 0
1317.0 631.0 1414.0 558.0 1784.0 1075.0 1693.0 1143.0 harbor 0
1082.0 787.0 1199.0 701.0 1552.0 1176.0 1436.0 1246.0 harbor 0
796.0 999.0 927.0 891.0 1316.0 1332.0 1196.0 1440.0 harbor 0
568.0 1253.0 664.0 1149.0 1129.0 1566.0 1043.0 1665.0 harbor 0
504.0 1692.0 611.0 1521.0 1093.0 1804.0 991.0 1965.0 harbor 0
163.0 1896.0 269.0 1737.0 1020.0 2164.0 933.0 2341.0 harbor 0
711.0 2220.0 687.0 2206.0 728.0 2129.0 754.0 2147.0 ship 0
680.0 2195.0 660.0 2181.0 698.0 2111.0 722.0 2125.0 ship 0
652.0 2166.0 635.0 2155.0 666.0 2099.0 684.0 2112.0 ship 0
664.0 2066.0 641.0 2054.0 681.0 1980.0 708.0 1994.0 ship 0
877.0 1821.0 894.0 1830.0 863.0 1885.0 844.0 1872.0 ship 0
919.0 1840.0 937.0 1851.0 893.0 1917.0 875.0 1904.0 ship 0
935.0 1832.0 921.0 1821.0 951.0 1781.0 967.0 1791.0 ship 0
958.0 1848.0 943.0 1834.0 976.0 1793.0 992.0 1806.0 ship 0
938.0 1861.0 958.0 1869.0 926.0 1943.0 904.0 1931.0 ship 0
967.0 2246.0 951.0 2236.0 973.0 2195.0 990.0 2204.0 ship 0
926.0 2216.0 909.0 2206.0 941.0 2153.0 958.0 2163.0 ship 0
919.0 2128.0 940.0 2139.0 905.0 2197.0 886.0 2186.0 ship 0
884.0 2105.0 906.0 2119.0 869.0 2177.0 846.0 2160.0 ship 0
838.0 2162.0 810.0 2147.0 858.0 2058.0 882.0 2070.0 ship 0
802.0 2140.0 781.0 2127.0 827.0 2043.0 853.0 2058.0 ship 0
768.0 2126.0 746.0 2113.0 789.0 2027.0 813.0 2041.0 ship 0
759.0 2011.0 779.0 2023.0 733.0 2107.0 712.0 2094.0 ship 0
703.0 2086.0 678.0 2074.0 720.0 1993.0 744.0 2007.0 ship 0
631.0 2045.0 604.0 2029.0 656.0 1939.0 689.0 1959.0 ship 0
606.0 2167.0 581.0 2150.0 631.0 2066.0 657.0 2079.0 ship 0
595.0 2027.0 575.0 2014.0 614.0 1947.0 636.0 1961.0 ship 0
586.0 1913.0 611.0 1927.0 571.0 2005.0 544.0 1991.0 ship 0
524.0 1982.0 507.0 1974.0 534.0 1920.0 553.0 1930.0 ship 0
500.0 1970.0 474.0 1954.0 507.0 1887.0 536.0 1904.0 ship 0
464.0 1949.0 439.0 1935.0 488.0 1847.0 517.0 1864.0 ship 0
231.0 1811.0 206.0 1794.0 258.0 1705.0 283.0 1721.0 ship 0
263.0 1826.0 239.0 1813.0 283.0 1733.0 309.0 1750.0 ship 0
300.0 1850.0 279.0 1839.0 306.0 1782.0 329.0 1795.0 ship 0
401.0 1904.0 375.0 1889.0 413.0 1825.0 438.0 1840.0 ship 0
235.0 1883.0 257.0 1843.0 381.0 1919.0 355.0 1960.0 ship 0
401.0 1929.0 422.0 1941.0 389.0 2001.0 366.0 1988.0 ship 0
497.0 1988.0 514.0 1999.0 484.0 2052.0 463.0 2038.0 ship 0
534.0 2007.0 553.0 2019.0 508.0 2106.0 484.0 2091.0 ship 0
598.0 2045.0 623.0 2056.0 579.0 2137.0 557.0 2123.0 ship 0
1083.0 789.0 1058.0 750.0 1168.0 671.0 1193.0 708.0 ship 0
1200.0 793.0 1189.0 776.0 1240.0 741.0 1252.0 760.0 ship 0
1222.0 820.0 1208.0 801.0 1258.0 764.0 1273.0 784.0 ship 0
319.0 2022.0 289.0 2081.0 119.0 1985.0 155.0 1928.0 ship 0
1610.0 514.0 1626.0 532.0 1567.0 584.0 1551.0 564.0 ship 0
1658.0 555.0 1646.0 542.0 1684.0 510.0 1696.0 526.0 ship 0
1635.0 546.0 1645.0 563.0 1591.0 605.0 1579.0 588.0 ship 0
1670.0 582.0 1658.0 567.0 1700.0 536.0 1711.0 554.0 ship 0
1639.0 571.0 1654.0 582.0 1614.0 627.0 1599.0 613.0 ship 0
733.0 206.0 717.0 187.0 766.0 140.0 783.0 159.0 ship 0
127.0 2609.0 135.0 2625.0 94.0 2646.0 85.0 2628.0 small-vehicle 0
1398.0 320.0 1416.0 311.0 1440.0 352.0 1422.0 362.0 ship 0
378.0 2512.0 395.0 2520.0 378.0 2550.0 363.0 2542.0 small-vehicle 0
305.0 2541.0 321.0 2551.0 302.0 2581.0 286.0 2572.0 small-vehicle 0
11.0 2716.0 25.0 2708.0 44.0 2742.0 30.0 2749.0 small-vehicle 0
222.0 2664.0 232.0 2679.0 202.0 2699.0 193.0 2684.0 small-vehicle 0
292.0 2704.0 300.0 2719.0 270.0 2737.0 263.0 2722.0 small-vehicle 0
316.0 2715.0 321.0 2729.0 292.0 2748.0 285.0 2734.0 small-vehicle 0
1591.0 489.0 1604.0 508.0 1547.0 549.0 1534.0 529.0 ship 0
1631.0 526.0 1620.0 510.0 1667.0 475.0 1679.0 493.0 ship 0
1614.0 500.0 1604.0 484.0 1643.0 456.0 1655.0 475.0 ship 0
1573.0 458.0 1588.0 478.0 1534.0 520.0 1518.0 497.0 ship 0
1593.0 469.0 1582.0 452.0 1624.0 423.0 1635.0 440.0 ship 0
1519.0 483.0 1500.0 455.0 1587.0 396.0 1604.0 423.0 ship 0
1826.0 464.0 1832.0 486.0 1781.0 501.0 1774.0 480.0 ship 0
1732.0 414.0 1750.0 408.0 1770.0 460.0 1752.0 467.0 ship 0
1750.0 388.0 1754.0 402.0 1721.0 413.0 1716.0 398.0 ship 0
1740.0 355.0 1745.0 371.0 1704.0 382.0 1698.0 366.0 ship 0
1727.0 322.0 1731.0 341.0 1689.0 352.0 1683.0 331.0 ship 0
1705.0 256.0 1713.0 273.0 1667.0 293.0 1657.0 276.0 ship 0
1685.0 222.0 1691.0 238.0 1649.0 258.0 1641.0 241.0 ship 0
1680.0 192.0 1686.0 210.0 1640.0 228.0 1632.0 211.0 ship 0
1525.0 257.0 1542.0 249.0 1563.0 295.0 1546.0 303.0 ship 0
1498.0 267.0 1516.0 259.0 1536.0 300.0 1519.0 308.0 ship 0
1442.0 294.0 1462.0 286.0 1486.0 333.0 1468.0 344.0 ship 0
334.0 2727.0 342.0 2743.0 302.0 2764.0 294.0 2749.0 small-vehicle 0
1104.0 2559.0 1088.0 2552.0 1098.0 2522.0 1115.0 2526.0 small-vehicle 0
1123.0 2489.0 1103.0 2486.0 1109.0 2454.0 1127.0 2456.0 small-vehicle 0
1494.0 1284.0 1487.0 1271.0 1516.0 1253.0 1523.0 1265.0 small-vehicle 0
1043.0 1554.0 1025.0 1542.0 1053.0 1508.0 1073.0 1522.0 ship 0
829.0 585.0 839.0 600.0 809.0 622.0 798.0 610.0 ship 0
1901.0 204.0 1886.0 196.0 1901.0 167.0 1915.0 176.0 small-vehicle 0
1867.0 386.0 1849.0 389.0 1836.0 345.0 1855.0 340.0 small-vehicle 0
2075.0 782.0 2062.0 789.0 2037.0 755.0 2052.0 745.0 small-vehicle 0
2048.0 1090.0 2059.0 1077.0 2089.0 1103.0 2080.0 1114.0 small-vehicle 0
1990.0 1271.0 1986.0 1251.0 2035.0 1245.0 2037.0 1265.0 small-vehicle 0
1939.0 1269.0 1937.0 1253.0 1979.0 1249.0 1980.0 1268.0 small-vehicle 0
1852.0 1129.0 1837.0 1117.0 1866.0 1095.0 1875.0 1109.0 small-vehicle 0
1809.0 1160.0 1798.0 1145.0 1825.0 1125.0 1836.0 1139.0 small-vehicle 0
1699.0 1200.0 1696.0 1179.0 1748.0 1172.0 1751.0 1193.0 small-vehicle 0
1644.0 1212.0 1639.0 1198.0 1676.0 1188.0 1681.0 1201.0 small-vehicle 0
1592.0 1228.0 1586.0 1211.0 1626.0 1200.0 1632.0 1216.0 small-vehicle 0
1554.0 1248.0 1545.0 1234.0 1579.0 1215.0 1585.0 1231.0 small-vehicle 0
1459.0 1311.0 1447.0 1296.0 1480.0 1274.0 1489.0 1289.0 small-vehicle 0
1121.0 2424.0 1105.0 2423.0 1105.0 2389.0 1119.0 2389.0 small-vehicle 0
1409.0 1347.0 1398.0 1332.0 1425.0 1311.0 1436.0 1324.0 small-vehicle 0
1357.0 1401.0 1344.0 1386.0 1374.0 1361.0 1386.0 1372.0 small-vehicle 0
1222.0 1522.0 1209.0 1509.0 1237.0 1482.0 1248.0 1494.0 small-vehicle 0
1210.0 1745.0 1215.0 1726.0 1243.0 1734.0 1240.0 1750.0 small-vehicle 0
1221.0 1698.0 1226.0 1683.0 1263.0 1699.0 1255.0 1714.0 small-vehicle 0
1247.0 1662.0 1252.0 1645.0 1293.0 1653.0 1290.0 1669.0 small-vehicle 0
1103.0 1682.0 1085.0 1675.0 1098.0 1638.0 1114.0 1644.0 small-vehicle 0
1200.0 1765.0 1205.0 1746.0 1240.0 1751.0 1236.0 1768.0 small-vehicle 0
1093.0 1900.0 1074.0 1901.0 1072.0 1856.0 1090.0 1855.0 small-vehicle 0
1093.0 1986.0 1075.0 1987.0 1074.0 1956.0 1090.0 1954.0 small-vehicle 0
1103.0 2134.0 1083.0 2133.0 1081.0 2088.0 1101.0 2086.0 small-vehicle 0
1106.0 2189.0 1088.0 2191.0 1086.0 2145.0 1102.0 2144.0 small-vehicle 0
1111.0 2246.0 1092.0 2248.0 1088.0 2201.0 1105.0 2198.0 small-vehicle 0
1124.0 2368.0 1106.0 2368.0 1105.0 2335.0 1122.0 2334.0 small-vehicle 0
1424.0 309.0 1440.0 301.0 1466.0 345.0 1448.0 354.0 ship 0
1353.0 355.0 1364.0 376.0 1307.0 410.0 1295.0 387.0 ship 0
1247.0 853.0 1235.0 839.0 1283.0 801.0 1295.0 817.0 ship 0
1314.0 669.0 1303.0 653.0 1352.0 615.0 1363.0 632.0 ship 0
1413.0 1104.0 1427.0 1127.0 1363.0 1175.0 1348.0 1153.0 ship 0
1429.0 1137.0 1445.0 1160.0 1386.0 1203.0 1369.0 1181.0 ship 0
1446.0 1167.0 1458.0 1182.0 1422.0 1210.0 1412.0 1196.0 ship 0
1465.0 1144.0 1454.0 1128.0 1505.0 1092.0 1515.0 1111.0 ship 0
1476.0 1169.0 1466.0 1152.0 1514.0 1125.0 1523.0 1144.0 ship 0
1323.0 625.0 1307.0 598.0 1390.0 542.0 1406.0 567.0 ship 0
1390.0 620.0 1377.0 602.0 1428.0 562.0 1440.0 581.0 ship 0
1670.0 599.0 1683.0 613.0 1628.0 664.0 1614.0 649.0 ship 0
1410.0 646.0 1400.0 631.0 1452.0 597.0 1462.0 614.0 ship 0
1383.0 646.0 1394.0 662.0 1344.0 697.0 1331.0 678.0 ship 0
1398.0 667.0 1411.0 683.0 1362.0 723.0 1348.0 704.0 ship 0
1429.0 677.0 1414.0 656.0 1468.0 622.0 1482.0 647.0 ship 0
1492.0 648.0 1505.0 665.0 1456.0 702.0 1443.0 684.0 ship 0
1467.0 737.0 1452.0 719.0 1502.0 680.0 1516.0 700.0 ship 0
1434.0 1116.0 1420.0 1102.0 1458.0 1070.0 1471.0 1088.0 ship 0
1412.0 1087.0 1401.0 1072.0 1463.0 1029.0 1474.0 1046.0 ship 0
1365.0 1046.0 1383.0 1071.0 1331.0 1110.0 1314.0 1087.0 ship 0
1391.0 1057.0 1378.0 1043.0 1423.0 1006.0 1436.0 1021.0 ship 0
1363.0 1031.0 1354.0 1011.0 1409.0 983.0 1419.0 1002.0 ship 0
1272.0 1059.0 1258.0 1041.0 1325.0 989.0 1339.0 1006.0 ship 0
1308.0 963.0 1320.0 979.0 1266.0 1021.0 1254.0 1002.0 ship 0
1349.0 994.0 1337.0 977.0 1386.0 943.0 1398.0 961.0 ship 0
1333.0 969.0 1318.0 953.0 1369.0 914.0 1383.0 933.0 ship 0
1277.0 930.0 1289.0 946.0 1242.0 984.0 1226.0 967.0 ship 0
1305.0 944.0 1290.0 925.0 1344.0 883.0 1361.0 902.0 ship 0
1259.0 899.0 1275.0 918.0 1220.0 961.0 1206.0 942.0 ship 0
1288.0 914.0 1277.0 898.0 1328.0 860.0 1338.0 877.0 ship 0
1267.0 878.0 1254.0 860.0 1304.0 823.0 1317.0 843.0 ship 0
1224.0 843.0 1234.0 860.0 1176.0 901.0 1164.0 881.0 ship 0
1174.0 779.0 1188.0 798.0 1128.0 847.0 1113.0 827.0 ship 0
1155.0 752.0 1171.0 774.0 1106.0 823.0 1089.0 801.0 ship 0
1391.0 790.0 1375.0 766.0 1435.0 727.0 1451.0 750.0 ship 0
1465.0 751.0 1478.0 765.0 1434.0 804.0 1421.0 789.0 ship 0
1486.0 761.0 1475.0 745.0 1515.0 717.0 1527.0 732.0 ship 0
1835.0 989.0 1822.0 999.0 1791.0 960.0 1807.0 949.0 ship 0
1691.0 610.0 1681.0 594.0 1733.0 559.0 1745.0 578.0 ship 0
1717.0 662.0 1726.0 678.0 1682.0 705.0 1672.0 690.0 ship 0
1721.0 684.0 1736.0 699.0 1701.0 734.0 1686.0 721.0 ship 0
1730.0 668.0 1721.0 650.0 1763.0 628.0 1771.0 645.0 ship 0
1754.0 717.0 1766.0 733.0 1707.0 771.0 1696.0 754.0 ship 0
1770.0 721.0 1762.0 703.0 1808.0 681.0 1817.0 698.0 ship 0
1774.0 742.0 1785.0 760.0 1725.0 799.0 1713.0 777.0 ship 0
1789.0 771.0 1800.0 788.0 1754.0 824.0 1742.0 806.0 ship 0
1808.0 794.0 1819.0 811.0 1769.0 849.0 1757.0 832.0 ship 0
1814.0 777.0 1806.0 762.0 1849.0 734.0 1860.0 750.0 ship 0
1867.0 859.0 1857.0 844.0 1894.0 820.0 1904.0 837.0 ship 0
1830.0 824.0 1843.0 843.0 1793.0 882.0 1779.0 862.0 ship 0
1874.0 931.0 1883.0 946.0 1850.0 970.0 1840.0 955.0 ship 0
1865.0 887.0 1877.0 905.0 1824.0 944.0 1811.0 925.0 ship 0
1819.0 1007.0 1805.0 1020.0 1758.0 974.0 1772.0 959.0 ship 0
1507.0 784.0 1494.0 767.0 1545.0 732.0 1558.0 749.0 ship 0
1702.0 1062.0 1693.0 1044.0 1738.0 1019.0 1748.0 1038.0 ship 0
1670.0 1033.0 1679.0 1050.0 1635.0 1081.0 1624.0 1065.0 ship 0
1668.0 1001.0 1659.0 983.0 1716.0 955.0 1723.0 976.0 ship 0
1651.0 984.0 1640.0 963.0 1685.0 935.0 1697.0 954.0 ship 0
1625.0 950.0 1614.0 933.0 1661.0 902.0 1672.0 921.0 ship 0
1609.0 947.0 1620.0 966.0 1562.0 1002.0 1550.0 982.0 ship 0
1610.0 926.0 1599.0 907.0 1638.0 883.0 1649.0 901.0 ship 0
1584.0 894.0 1575.0 876.0 1621.0 853.0 1631.0 874.0 ship 0
1569.0 874.0 1556.0 856.0 1601.0 825.0 1612.0 843.0 ship 0
1526.0 832.0 1540.0 852.0 1480.0 896.0 1466.0 874.0 ship 0
1546.0 844.0 1532.0 824.0 1600.0 781.0 1613.0 804.0 ship 0
1507.0 806.0 1518.0 823.0 1472.0 859.0 1459.0 841.0 ship 0
1526.0 817.0 1514.0 799.0 1561.0 768.0 1572.0 787.0 ship 0
1480.0 780.0 1491.0 797.0 1436.0 842.0 1422.0 824.0 ship 0
254.0 2286.0 311.0 2182.0 958.0 2536.0 894.0 2647.0 harbor 0
