imagesource:GoogleEarth
gsd:0.113543846842
768.0 657.0 900.0 657.0 900.0 788.0 768.0 788.0 roundabout 0
378.0 18.0 399.0 16.0 398.0 65.0 378.0 63.0 small-vehicle 1
508.0 347.0 607.0 352.0 597.0 562.0 499.0 558.0 tennis-court 0
388.0 340.0 489.0 346.0 478.0 559.0 376.0 552.0 tennis-court 0
260.0 334.0 360.0 340.0 350.0 551.0 251.0 544.0 tennis-court 0
145.0 330.0 243.0 336.0 235.0 545.0 134.0 541.0 tennis-court 0
740.0 871.0 740.0 887.0 700.0 887.0 700.0 871.0 small-vehicle 0
740.0 897.0 740.0 913.0 701.0 912.0 701.0 895.0 small-vehicle 0
689.0 939.0 690.0 918.0 738.0 920.0 738.0 940.0 small-vehicle 0
212.0 164.0 195.0 163.0 197.0 123.0 213.0 123.0 small-vehicle 0
456.0 62.0 457.0 42.0 494.0 45.0 493.0 64.0 small-vehicle 1
824.0 555.0 802.0 550.0 809.0 510.0 831.0 515.0 small-vehicle 1
498.0 116.0 497.0 135.0 454.0 134.0 454.0 114.0 small-vehicle 1
737.0 821.0 736.0 843.0 701.0 841.0 701.0 821.0 small-vehicle 1
456.0 89.0 456.0 69.0 494.0 71.0 494.0 89.0 small-vehicle 1
458.0 39.0 457.0 22.0 498.0 23.0 498.0 41.0 small-vehicle 1
452.0 112.0 453.0 92.0 499.0 95.0 498.0 114.0 small-vehicle 1
862.0 219.0 839.0 217.0 844.0 175.0 867.0 177.0 small-vehicle 1
828.0 377.0 808.0 377.0 812.0 334.0 832.0 335.0 small-vehicle 1
841.0 454.0 821.0 452.0 826.0 408.0 847.0 411.0 small-vehicle 1
627.0 354.0 729.0 358.0 716.0 568.0 619.0 564.0 tennis-court 0
