imagesource:GoogleEarth
gsd:0.452869124434
1093.0 589.0 1089.0 585.0 1098.0 576.0 1102.0 580.0 small-vehicle 1
437.0 706.0 437.0 698.0 455.0 697.0 455.0 706.0 ship 0
557.0 330.0 577.0 321.0 603.0 377.0 585.0 386.0 ship 0
575.0 366.0 566.0 372.0 550.0 341.0 561.0 333.0 ship 0
558.0 301.0 568.0 298.0 578.0 321.0 567.0 325.0 ship 0
558.0 206.0 562.0 216.0 547.0 223.0 542.0 215.0 ship 0
549.0 256.0 543.0 261.0 528.0 231.0 537.0 228.0 ship 0
482.0 149.0 492.0 150.0 488.0 178.0 476.0 176.0 ship 0
246.0 142.0 235.0 141.0 236.0 111.0 246.0 112.0 ship 0
150.0 316.0 141.0 313.0 146.0 295.0 157.0 299.0 ship 0
1803.0 1245.0 1834.0 1245.0 1833.0 1278.0 1805.0 1278.0 harbor 0
1650.0 852.0 1615.0 971.0 1373.0 898.0 1404.0 776.0 harbor 0
1456.0 726.0 1447.0 743.0 1370.0 699.0 1381.0 682.0 harbor 0
1671.0 800.0 1639.0 838.0 1442.0 674.0 1481.0 637.0 harbor 0
1613.0 692.0 1605.0 697.0 1571.0 647.0 1579.0 641.0 harbor 0
1675.0 743.0 1631.0 706.0 1653.0 680.0 1699.0 712.0 harbor 0
1936.0 819.0 1808.0 919.0 1690.0 761.0 1814.0 666.0 harbor 0
437.0 464.0 431.0 465.0 430.0 448.0 439.0 447.0 ship 0
810.0 543.0 814.0 556.0 759.0 569.0 752.0 556.0 ship 0
778.0 643.0 782.0 652.0 756.0 660.0 754.0 652.0 ship 0
814.0 563.0 816.0 573.0 785.0 580.0 783.0 570.0 ship 0
731.0 642.0 729.0 632.0 751.0 624.0 753.0 637.0 ship 0
831.0 578.0 824.0 581.0 821.0 570.0 827.0 567.0 ship 1
827.0 581.0 833.0 580.0 836.0 593.0 829.0 596.0 ship 1
821.0 593.0 824.0 601.0 803.0 606.0 801.0 597.0 ship 0
799.0 597.0 801.0 607.0 773.0 614.0 772.0 605.0 ship 0
770.0 605.0 772.0 615.0 753.0 619.0 751.0 610.0 ship 0
748.0 612.0 752.0 620.0 728.0 625.0 727.0 616.0 ship 0
704.0 622.0 706.0 632.0 681.0 637.0 679.0 627.0 ship 0
693.0 579.0 694.0 586.0 669.0 595.0 666.0 586.0 ship 0
723.0 580.0 722.0 572.0 748.0 566.0 750.0 574.0 ship 0
718.0 573.0 720.0 582.0 697.0 588.0 696.0 578.0 ship 0
695.0 592.0 697.0 600.0 672.0 609.0 671.0 599.0 ship 0
703.0 604.0 699.0 595.0 724.0 584.0 727.0 594.0 ship 0
731.0 593.0 728.0 584.0 753.0 578.0 756.0 587.0 ship 0
780.0 572.0 782.0 577.0 763.0 584.0 761.0 576.0 ship 0
2054.0 861.0 1973.0 812.0 2001.0 761.0 2079.0 808.0 harbor 0
213.0 1865.0 237.0 1839.0 264.0 1869.0 241.0 1894.0 harbor 0
1871.0 1551.0 1835.0 1563.0 1803.0 1459.0 1838.0 1449.0 harbor 0
1566.0 1609.0 1545.0 1607.0 1547.0 1533.0 1570.0 1534.0 harbor 0
506.0 1269.0 477.0 1235.0 518.0 1195.0 550.0 1226.0 harbor 0
433.0 1202.0 419.0 1182.0 470.0 1151.0 482.0 1168.0 harbor 0
407.0 1138.0 392.0 1117.0 430.0 1090.0 443.0 1110.0 harbor 0
368.0 1016.0 392.0 966.0 429.0 983.0 404.0 1032.0 harbor 0
513.0 852.0 470.0 866.0 446.0 779.0 492.0 765.0 harbor 0
448.0 891.0 394.0 908.0 366.0 800.0 419.0 786.0 harbor 0
718.0 768.0 710.0 739.0 823.0 706.0 832.0 737.0 harbor 0
690.0 686.0 670.0 593.0 838.0 551.0 865.0 641.0 harbor 0
618.0 370.0 584.0 386.0 518.0 234.0 548.0 223.0 harbor 0
514.0 218.0 506.0 212.0 560.0 135.0 567.0 141.0 harbor 0
491.0 205.0 478.0 195.0 528.0 118.0 542.0 127.0 harbor 0
455.0 204.0 429.0 201.0 440.0 103.0 464.0 108.0 harbor 0
417.0 189.0 375.0 180.0 391.0 91.0 433.0 100.0 harbor 0
318.0 183.0 248.0 163.0 274.0 62.0 340.0 81.0 harbor 0
234.0 154.0 207.0 148.0 224.0 52.0 251.0 58.0 harbor 0
617.0 1343.0 583.0 1318.0 624.0 1262.0 659.0 1286.0 harbor 0
675.0 1383.0 647.0 1365.0 687.0 1296.0 717.0 1311.0 harbor 0
735.0 1413.0 717.0 1405.0 739.0 1353.0 757.0 1362.0 harbor 0
1205.0 1782.0 1163.0 1779.0 1168.0 1731.0 1208.0 1735.0 harbor 0
1495.0 1598.0 1480.0 1602.0 1462.0 1548.0 1477.0 1543.0 harbor 0
1457.0 1614.0 1448.0 1618.0 1410.0 1541.0 1419.0 1537.0 harbor 0
1432.0 1635.0 1421.0 1642.0 1356.0 1551.0 1365.0 1544.0 harbor 0
1420.0 1661.0 1409.0 1672.0 1369.0 1635.0 1380.0 1623.0 harbor 0
1420.0 1709.0 1415.0 1718.0 1362.0 1686.0 1368.0 1677.0 harbor 0
1273.0 1789.0 1245.0 1788.0 1247.0 1745.0 1275.0 1746.0 harbor 0
1129.0 1781.0 1088.0 1769.0 1098.0 1731.0 1139.0 1744.0 harbor 0
767.0 1491.0 741.0 1450.0 782.0 1426.0 806.0 1469.0 harbor 0
1049.0 1761.0 1009.0 1763.0 1008.0 1691.0 1046.0 1690.0 harbor 0
967.0 1703.0 934.0 1675.0 958.0 1646.0 990.0 1672.0 harbor 0
913.0 1653.0 888.0 1631.0 918.0 1599.0 943.0 1621.0 harbor 0
887.0 1613.0 867.0 1592.0 896.0 1569.0 915.0 1591.0 harbor 0
852.0 1570.0 838.0 1547.0 868.0 1529.0 883.0 1552.0 harbor 0
811.0 1547.0 799.0 1537.0 838.0 1493.0 850.0 1505.0 harbor 0
685.0 654.0 683.0 641.0 724.0 632.0 726.0 646.0 ship 0
809.0 639.0 808.0 633.0 825.0 626.0 827.0 633.0 ship 0
1250.0 741.0 1253.0 735.0 1262.0 741.0 1259.0 745.0 small-vehicle 1
1811.0 754.0 1813.0 764.0 1769.0 762.0 1768.0 752.0 ship 1
1748.0 830.0 1734.0 838.0 1685.0 780.0 1702.0 771.0 ship 0
1763.0 818.0 1750.0 825.0 1703.0 771.0 1718.0 760.0 ship 0
1480.0 688.0 1475.0 684.0 1486.0 670.0 1490.0 675.0 ship 1
1680.0 728.0 1675.0 735.0 1660.0 722.0 1665.0 716.0 ship 1
1661.0 798.0 1652.0 808.0 1621.0 782.0 1630.0 770.0 ship 1
1582.0 732.0 1576.0 737.0 1558.0 724.0 1562.0 716.0 ship 1
1505.0 707.0 1501.0 714.0 1488.0 704.0 1494.0 699.0 ship 1
1508.0 729.0 1498.0 736.0 1468.0 711.0 1481.0 700.0 ship 1
1625.0 852.0 1621.0 865.0 1594.0 857.0 1599.0 843.0 ship 1
1580.0 836.0 1578.0 845.0 1557.0 839.0 1559.0 829.0 ship 1
1523.0 829.0 1524.0 819.0 1548.0 823.0 1545.0 834.0 ship 1
1546.0 898.0 1533.0 895.0 1546.0 857.0 1557.0 862.0 ship 1
1494.0 963.0 1497.0 956.0 1519.0 970.0 1513.0 979.0 ship 1
1619.0 1074.0 1611.0 1090.0 1573.0 1073.0 1578.0 1058.0 ship 1
1944.0 1088.0 1954.0 1087.0 1954.0 1130.0 1940.0 1128.0 ship 1
1792.0 740.0 1790.0 748.0 1767.0 747.0 1767.0 738.0 ship 1
1779.0 784.0 1789.0 775.0 1811.0 806.0 1800.0 813.0 ship 1
828.0 633.0 829.0 641.0 807.0 646.0 806.0 640.0 ship 0
1839.0 795.0 1828.0 800.0 1807.0 763.0 1821.0 759.0 ship 1
1134.0 665.0 1140.0 666.0 1142.0 679.0 1137.0 680.0 small-vehicle 1
966.0 596.0 967.0 590.0 980.0 593.0 980.0 598.0 small-vehicle 1
876.0 595.0 877.0 600.0 863.0 601.0 863.0 595.0 small-vehicle 1
965.0 740.0 964.0 734.0 976.0 734.0 978.0 738.0 small-vehicle 1
1187.0 1145.0 1191.0 1147.0 1184.0 1157.0 1180.0 1153.0 small-vehicle 1
752.0 986.0 749.0 980.0 760.0 976.0 762.0 981.0 small-vehicle 1
740.0 992.0 737.0 987.0 748.0 982.0 750.0 985.0 small-vehicle 1
579.0 1066.0 579.0 1060.0 592.0 1059.0 592.0 1064.0 small-vehicle 1
1840.0 645.0 1838.0 652.0 1823.0 648.0 1826.0 640.0 ship 1
1927.0 818.0 1921.0 823.0 1908.0 812.0 1915.0 804.0 ship 1
1909.0 800.0 1903.0 806.0 1893.0 792.0 1898.0 786.0 ship 1
1884.0 791.0 1877.0 798.0 1855.0 778.0 1865.0 769.0 ship 1
1892.0 778.0 1885.0 783.0 1868.0 764.0 1874.0 757.0 ship 1
1844.0 744.0 1845.0 753.0 1820.0 753.0 1820.0 743.0 ship 1
1817.0 742.0 1816.0 752.0 1794.0 750.0 1795.0 740.0 ship 1
1741.0 1177.0 1736.0 1188.0 1704.0 1171.0 1708.0 1161.0 ship 1
1838.0 1523.0 1835.0 1516.0 1847.0 1511.0 1850.0 1517.0 ship 1
1835.0 1516.0 1837.0 1522.0 1826.0 1527.0 1823.0 1521.0 ship 1
1509.0 1484.0 1507.0 1490.0 1496.0 1489.0 1498.0 1483.0 small-vehicle 1
484.0 824.0 481.0 817.0 502.0 810.0 505.0 818.0 ship 0
478.0 798.0 474.0 791.0 495.0 781.0 497.0 790.0 ship 0
494.0 771.0 496.0 780.0 474.0 786.0 472.0 777.0 ship 0
560.0 803.0 562.0 810.0 549.0 814.0 546.0 807.0 ship 1
579.0 746.0 582.0 755.0 555.0 766.0 551.0 756.0 ship 0
569.0 790.0 567.0 785.0 581.0 779.0 584.0 785.0 ship 0
611.0 783.0 613.0 791.0 594.0 797.0 591.0 790.0 ship 0
608.0 766.0 611.0 777.0 588.0 785.0 583.0 776.0 ship 0
786.0 731.0 794.0 729.0 801.0 746.0 792.0 750.0 ship 0
765.0 739.0 770.0 737.0 774.0 751.0 766.0 751.0 ship 1
773.0 738.0 778.0 738.0 781.0 749.0 774.0 751.0 ship 1
774.0 711.0 776.0 722.0 751.0 728.0 750.0 716.0 ship 0
823.0 693.0 827.0 704.0 796.0 717.0 792.0 705.0 ship 0
778.0 660.0 781.0 669.0 760.0 676.0 757.0 667.0 ship 0
804.0 654.0 806.0 661.0 789.0 666.0 786.0 659.0 ship 0
504.0 830.0 507.0 836.0 494.0 845.0 488.0 838.0 ship 0
435.0 872.0 441.0 887.0 405.0 899.0 400.0 885.0 ship 0
492.0 1223.0 483.0 1217.0 496.0 1204.0 504.0 1208.0 ship 0
1399.0 82.0 1399.0 75.0 1414.0 77.0 1414.0 83.0 small-vehicle 1
1439.0 1631.0 1433.0 1637.0 1416.0 1622.0 1424.0 1615.0 ship 1
1288.0 442.0 1287.0 438.0 1297.0 436.0 1298.0 440.0 small-vehicle 1
1281.0 431.0 1280.0 436.0 1269.0 435.0 1269.0 431.0 small-vehicle 1
1117.0 422.0 1117.0 428.0 1104.0 427.0 1104.0 422.0 small-vehicle 1
1071.0 389.0 1076.0 388.0 1078.0 402.0 1072.0 403.0 small-vehicle 1
1405.0 475.0 1406.0 465.0 1425.0 467.0 1425.0 475.0 small-vehicle 1
415.0 126.0 426.0 125.0 424.0 152.0 414.0 152.0 ship 0
502.0 1250.0 497.0 1244.0 506.0 1233.0 512.0 1239.0 ship 1
1033.0 1751.0 1033.0 1744.0 1049.0 1745.0 1049.0 1752.0 ship 0
960.0 1694.0 955.0 1700.0 937.0 1688.0 942.0 1679.0 ship 0
739.0 1460.0 748.0 1457.0 762.0 1484.0 754.0 1488.0 ship 0
778.0 1478.0 771.0 1484.0 757.0 1468.0 765.0 1459.0 ship 0
772.0 1437.0 775.0 1446.0 759.0 1455.0 754.0 1447.0 ship 0
720.0 1402.0 711.0 1396.0 724.0 1376.0 731.0 1379.0 ship 0
159.0 104.0 145.0 96.0 178.0 39.0 191.0 46.0 harbor 0
