imagesource:GoogleEarth
gsd:0.148484122536
21.0 5899.0 6.0 5896.0 13.0 5857.0 31.0 5861.0 ship 0
192.0 3740.0 201.0 3648.0 322.0 3659.0 313.0 3754.0 harbor 0
377.0 429.0 378.0 331.0 518.0 334.0 510.0 434.0 harbor 0
380.0 619.0 378.0 523.0 519.0 523.0 519.0 620.0 harbor 0
385.0 808.0 381.0 712.0 515.0 708.0 513.0 802.0 harbor 0
370.0 1162.0 385.0 1069.0 516.0 1089.0 502.0 1182.0 harbor 0
359.0 1538.0 361.0 1439.0 482.0 1442.0 478.0 1542.0 harbor 0
352.0 1724.0 353.0 1625.0 480.0 1627.0 482.0 1726.0 harbor 0
327.0 2085.0 334.0 1989.0 438.0 1993.0 432.0 2090.0 harbor 0
316.0 2273.0 323.0 2175.0 430.0 2181.0 426.0 2279.0 harbor 0
309.0 2447.0 317.0 2355.0 434.0 2365.0 424.0 2456.0 harbor 0
295.0 2635.0 302.0 2550.0 429.0 2561.0 420.0 2643.0 harbor 0
265.0 2996.0 280.0 2902.0 377.0 2913.0 362.0 3010.0 harbor 0
249.0 3183.0 260.0 3088.0 370.0 3098.0 362.0 3194.0 harbor 0
230.0 3368.0 241.0 3274.0 350.0 3282.0 341.0 3378.0 harbor 0
208.0 3550.0 222.0 3455.0 341.0 3465.0 334.0 3563.0 harbor 0
132.0 4103.0 141.0 4010.0 256.0 4017.0 249.0 4113.0 harbor 0
87.0 1254.0 110.0 1253.0 108.0 1303.0 87.0 1301.0 ship 0
122.0 4300.0 124.0 4196.0 232.0 4195.0 228.0 4302.0 harbor 0
103.0 4485.0 111.0 4382.0 236.0 4382.0 230.0 4489.0 harbor 0
89.0 5046.0 94.0 4952.0 214.0 4954.0 206.0 5050.0 harbor 0
44.0 5405.0 53.0 5308.0 233.0 5322.0 226.0 5418.0 harbor 0
14.0 5582.0 18.0 5486.0 131.0 5489.0 127.0 5586.0 harbor 0
11.0 5764.0 19.0 5668.0 131.0 5672.0 123.0 5772.0 harbor 0
432.0 184.0 414.0 181.0 420.0 145.0 437.0 148.0 ship 0
376.0 375.0 358.0 375.0 359.0 326.0 377.0 326.0 ship 0
415.0 372.0 398.0 372.0 397.0 330.0 416.0 330.0 ship 0
344.0 1424.0 363.0 1424.0 362.0 1472.0 342.0 1472.0 ship 0
396.0 1672.0 374.0 1673.0 375.0 1623.0 395.0 1624.0 ship 0
93.0 4347.0 118.0 4352.0 111.0 4419.0 86.0 4419.0 ship 0
217.0 3489.0 198.0 3488.0 204.0 3444.0 224.0 3446.0 ship 0
272.0 2946.0 249.0 2941.0 256.0 2889.0 279.0 2893.0 ship 0
384.0 228.0 397.0 131.0 521.0 146.0 508.0 247.0 harbor 0
