imagesource:GoogleEarth
gsd:0.250671011541
1745.0 1099.0 1735.0 1097.0 1739.0 1075.0 1749.0 1077.0 small-vehicle 1
1600.0 456.0 1601.0 441.0 1635.0 444.0 1633.0 461.0 ship 0
567.0 329.0 570.0 318.0 596.0 325.0 592.0 336.0 ship 0
994.0 334.0 992.0 346.0 964.0 341.0 966.0 330.0 ship 0
1009.0 306.0 1011.0 294.0 1037.0 297.0 1036.0 309.0 ship 0
1220.0 344.0 1208.0 344.0 1211.0 316.0 1223.0 317.0 ship 0
1202.0 372.0 1219.0 374.0 1215.0 412.0 1198.0 410.0 ship 0
1299.0 419.0 1286.0 418.0 1290.0 381.0 1302.0 382.0 ship 0
1795.0 396.0 1782.0 399.0 1777.0 372.0 1790.0 370.0 ship 0
1792.0 1017.0 1803.0 1018.0 1801.0 1037.0 1789.0 1037.0 small-vehicle 1
2353.0 744.0 2356.0 729.0 2385.0 734.0 2383.0 748.0 ship 0
2833.0 912.0 2822.0 905.0 2834.0 882.0 2846.0 889.0 ship 0
2794.0 906.0 2807.0 908.0 2803.0 941.0 2791.0 939.0 ship 0
2993.0 949.0 2993.0 964.0 2965.0 960.0 2967.0 946.0 ship 0
2997.0 929.0 2996.0 944.0 2969.0 941.0 2971.0 927.0 ship 0
1457.0 413.0 1468.0 412.0 1467.0 435.0 1456.0 435.0 ship 1
578.0 313.0 580.0 301.0 615.0 304.0 613.0 317.0 ship 0
3005.0 979.0 2964.0 973.0 2990.0 766.0 3029.0 774.0 harbor 0
2826.0 941.0 2783.0 933.0 2815.0 713.0 2854.0 720.0 harbor 0
2631.0 847.0 2588.0 839.0 2613.0 689.0 2653.0 694.0 harbor 0
2484.0 824.0 2428.0 814.0 2455.0 669.0 2511.0 682.0 harbor 0
2373.0 768.0 2328.0 760.0 2352.0 530.0 2396.0 532.0 harbor 0
2246.0 725.0 2200.0 718.0 2222.0 515.0 2269.0 520.0 harbor 0
2128.0 606.0 2108.0 601.0 2125.0 428.0 2145.0 430.0 harbor 0
2041.0 601.0 2013.0 597.0 2034.0 412.0 2062.0 418.0 harbor 0
1628.0 471.0 1587.0 469.0 1603.0 261.0 1646.0 263.0 harbor 0
1494.0 452.0 1453.0 447.0 1469.0 265.0 1511.0 268.0 harbor 0
1343.0 436.0 1257.0 426.0 1277.0 236.0 1362.0 248.0 harbor 0
1220.0 413.0 1187.0 409.0 1209.0 215.0 1241.0 217.0 harbor 0
1141.0 383.0 1060.0 366.0 1098.0 178.0 1178.0 195.0 harbor 0
1031.0 368.0 975.0 359.0 1002.0 156.0 1062.0 162.0 harbor 0
839.0 349.0 779.0 336.0 811.0 159.0 864.0 169.0 harbor 0
600.0 341.0 528.0 331.0 544.0 152.0 619.0 162.0 harbor 0
1076.0 24.0 1065.0 22.0 1071.0 2.0 1079.0 5.0 small-vehicle 1
1945.0 69.0 1953.0 69.0 1951.0 90.0 1942.0 90.0 small-vehicle 1
1823.0 196.0 1831.0 193.0 1838.0 212.0 1829.0 215.0 small-vehicle 1
2990.0 274.0 2978.0 274.0 2979.0 249.0 2990.0 250.0 small-vehicle 1
1783.0 985.0 1772.0 984.0 1778.0 963.0 1787.0 966.0 small-vehicle 1
1797.0 918.0 1787.0 916.0 1792.0 895.0 1800.0 897.0 small-vehicle 1
1798.0 822.0 1788.0 822.0 1789.0 803.0 1800.0 804.0 small-vehicle 1
1839.0 729.0 1847.0 732.0 1844.0 750.0 1836.0 747.0 small-vehicle 1
1843.0 691.0 1833.0 688.0 1835.0 668.0 1847.0 669.0 small-vehicle 1
1865.0 649.0 1876.0 651.0 1873.0 671.0 1863.0 668.0 small-vehicle 1
1853.0 628.0 1842.0 627.0 1848.0 607.0 1856.0 608.0 small-vehicle 1
1874.0 551.0 1883.0 552.0 1880.0 574.0 1869.0 572.0 small-vehicle 1
1868.0 525.0 1858.0 523.0 1861.0 503.0 1871.0 505.0 small-vehicle 1
2234.0 663.0 2236.0 653.0 2260.0 656.0 2258.0 667.0 ship 1
2431.0 662.0 2418.0 661.0 2423.0 639.0 2436.0 641.0 ship 1
2615.0 780.0 2613.0 791.0 2587.0 788.0 2588.0 775.0 ship 1
3052.0 606.0 3041.0 605.0 3042.0 586.0 3052.0 587.0 ship 1
2904.0 310.0 2929.0 317.0 2916.0 354.0 2891.0 349.0 swimming-pool 0
3099.0 204.0 3098.0 214.0 3078.0 211.0 3080.0 201.0 small-vehicle 1
2566.0 143.0 2565.0 152.0 2544.0 148.0 2545.0 139.0 small-vehicle 1
3163.0 8.0 3173.0 9.0 3173.0 30.0 3162.0 29.0 small-vehicle 1
3147.0 8.0 3160.0 9.0 3158.0 35.0 3146.0 34.0 small-vehicle 1
2886.0 32.0 2890.0 41.0 2871.0 50.0 2866.0 42.0 small-vehicle 1
2702.0 534.0 2698.0 544.0 2673.0 532.0 2678.0 525.0 ship 1
2736.0 574.0 2737.0 565.0 2757.0 568.0 2758.0 576.0 small-vehicle 1
2623.0 515.0 2625.0 506.0 2644.0 509.0 2642.0 519.0 small-vehicle 1
2650.0 357.0 2659.0 358.0 2660.0 377.0 2651.0 377.0 small-vehicle 1
2638.0 354.0 2647.0 354.0 2647.0 376.0 2638.0 376.0 small-vehicle 1
2459.0 361.0 2447.0 360.0 2450.0 336.0 2461.0 338.0 small-vehicle 1
2421.0 302.0 2425.0 294.0 2441.0 300.0 2439.0 308.0 small-vehicle 1
2427.0 291.0 2427.0 282.0 2442.0 285.0 2441.0 294.0 small-vehicle 1
2404.0 291.0 2407.0 282.0 2425.0 285.0 2425.0 294.0 small-vehicle 1
2416.0 274.0 2417.0 263.0 2439.0 266.0 2440.0 273.0 small-vehicle 1
2727.0 160.0 2725.0 170.0 2705.0 168.0 2705.0 158.0 small-vehicle 1
314.0 325.0 253.0 315.0 290.0 42.0 349.0 48.0 harbor 0
