imagesource:GoogleEarth
gsd:0.267192311941
949.0 520.0 950.0 532.0 921.0 532.0 921.0 519.0 ship 0
929.0 180.0 931.0 168.0 959.0 172.0 959.0 182.0 ship 0
924.0 396.0 923.0 385.0 953.0 385.0 953.0 397.0 ship 0
512.0 162.0 522.0 165.0 519.0 184.0 508.0 182.0 ship 0
123.0 77.0 128.0 69.0 147.0 79.0 142.0 87.0 small-vehicle 0
962.0 272.0 959.0 299.0 719.0 290.0 719.0 258.0 harbor 0
966.0 141.0 962.0 172.0 720.0 163.0 718.0 129.0 harbor 0
958.0 392.0 958.0 424.0 714.0 414.0 713.0 382.0 harbor 0
951.0 530.0 950.0 557.0 694.0 550.0 692.0 520.0 harbor 0
907.0 756.0 893.0 799.0 575.0 635.0 597.0 601.0 harbor 0
714.0 969.0 673.0 1008.0 501.0 775.0 540.0 741.0 harbor 0
333.0 1018.0 307.0 1015.0 334.0 769.0 362.0 771.0 harbor 0
171.0 989.0 139.0 982.0 181.0 653.0 211.0 658.0 harbor 0
71.0 993.0 43.0 991.0 73.0 725.0 99.0 729.0 harbor 0
