imagesource:GoogleEarth
gsd:0.268261300221
1185.0 1190.0 1183.0 1179.0 1208.0 1176.0 1210.0 1187.0 ship 0
747.0 233.0 743.0 271.0 659.0 271.0 661.0 233.0 harbor 0
834.0 716.0 850.0 750.0 736.0 804.0 720.0 770.0 harbor 0
797.0 651.0 812.0 674.0 754.0 710.0 740.0 689.0 harbor 0
761.0 590.0 775.0 619.0 691.0 663.0 677.0 636.0 harbor 0
747.0 558.0 752.0 582.0 662.0 610.0 654.0 583.0 harbor 0
730.0 484.0 730.0 531.0 643.0 532.0 644.0 483.0 harbor 0
736.0 388.0 733.0 419.0 647.0 409.0 649.0 381.0 harbor 0
756.0 324.0 753.0 355.0 686.0 351.0 688.0 320.0 harbor 0
755.0 122.0 745.0 196.0 641.0 193.0 647.0 114.0 harbor 0
1051.0 957.0 1061.0 980.0 942.0 1032.0 932.0 1008.0 harbor 0
40.0 224.0 79.0 228.0 52.0 494.0 9.0 487.0 harbor 0
44.0 574.0 10.0 569.0 21.0 488.0 53.0 493.0 harbor 0
204.0 138.0 208.0 100.0 250.0 104.0 246.0 139.0 harbor 0
189.0 226.0 189.0 211.0 234.0 214.0 232.0 229.0 harbor 0
59.0 55.0 57.0 70.0 17.0 66.0 18.0 50.0 ship 0
242.0 112.0 242.0 125.0 207.0 122.0 208.0 108.0 ship 0
96.0 241.0 90.0 257.0 53.0 244.0 58.0 229.0 ship 0
958.0 855.0 968.0 875.0 869.0 935.0 856.0 916.0 harbor 0
1123.0 1059.0 1130.0 1083.0 1021.0 1112.0 1014.0 1085.0 harbor 0
79.0 490.0 77.0 506.0 29.0 503.0 32.0 486.0 ship 0
192.0 869.0 184.0 861.0 227.0 823.0 235.0 832.0 harbor 0
629.0 1305.0 613.0 1278.0 650.0 1255.0 665.0 1284.0 harbor 0
596.0 1267.0 586.0 1252.0 663.0 1202.0 674.0 1219.0 harbor 0
567.0 1223.0 543.0 1195.0 595.0 1153.0 618.0 1182.0 harbor 0
445.0 1110.0 434.0 1093.0 473.0 1066.0 484.0 1084.0 harbor 0
424.0 1065.0 392.0 1030.0 415.0 1010.0 448.0 1047.0 harbor 0
348.0 1014.0 321.0 988.0 355.0 954.0 381.0 982.0 harbor 0
212.0 892.0 205.0 885.0 246.0 850.0 252.0 856.0 harbor 0
143.0 779.0 132.0 749.0 186.0 733.0 195.0 761.0 harbor 0
1213.0 1174.0 1211.0 1209.0 1091.0 1209.0 1092.0 1173.0 harbor 0
161.0 572.0 202.0 577.0 194.0 638.0 152.0 631.0 harbor 0
160.0 525.0 164.0 486.0 210.0 492.0 204.0 531.0 harbor 0
172.0 438.0 175.0 412.0 213.0 415.0 210.0 443.0 harbor 0
191.0 355.0 193.0 338.0 222.0 339.0 221.0 359.0 harbor 0
184.0 269.0 188.0 255.0 231.0 261.0 229.0 276.0 harbor 0
1299.0 1326.0 1298.0 1348.0 1178.0 1343.0 1179.0 1322.0 harbor 0
1258.0 1253.0 1258.0 1286.0 1136.0 1283.0 1137.0 1247.0 harbor 0
161.0 409.0 163.0 394.0 199.0 397.0 196.0 413.0 ship 0
28.0 518.0 29.0 505.0 65.0 505.0 62.0 518.0 ship 0
1103.0 1067.0 1097.0 1056.0 1123.0 1048.0 1125.0 1059.0 ship 0
830.0 770.0 825.0 761.0 849.0 748.0 856.0 757.0 ship 0
188.0 564.0 188.0 577.0 162.0 575.0 162.0 563.0 ship 0
181.0 585.0 181.0 597.0 155.0 592.0 156.0 583.0 ship 0
13.0 657.0 15.0 645.0 43.0 649.0 40.0 663.0 ship 0
0.0 583.0 2.0 567.0 47.0 572.0 47.0 586.0 ship 0
173.0 698.0 177.0 708.0 155.0 718.0 148.0 707.0 ship 0
216.0 808.0 222.0 816.0 204.0 836.0 198.0 827.0 ship 0
732.0 601.0 725.0 589.0 749.0 579.0 754.0 590.0 ship 0
320.0 937.0 327.0 947.0 307.0 964.0 298.0 956.0 ship 0
213.0 328.0 212.0 339.0 187.0 338.0 188.0 325.0 ship 0
409.0 1013.0 416.0 1022.0 397.0 1040.0 391.0 1032.0 ship 0
631.0 1273.0 633.0 1281.0 617.0 1289.0 611.0 1280.0 ship 0
408.0 747.0 402.0 739.0 418.0 728.0 424.0 734.0 small-vehicle 0
446.0 782.0 441.0 774.0 461.0 763.0 468.0 773.0 small-vehicle 0
440.0 853.0 435.0 844.0 453.0 833.0 458.0 840.0 small-vehicle 0
572.0 933.0 565.0 926.0 585.0 912.0 590.0 920.0 small-vehicle 0
935.0 875.0 927.0 865.0 952.0 848.0 958.0 859.0 ship 0
185.0 530.0 183.0 538.0 160.0 536.0 162.0 525.0 ship 0
698.0 234.0 698.0 223.0 716.0 222.0 717.0 234.0 ship 0
64.0 544.0 60.0 556.0 25.0 546.0 28.0 534.0 ship 0
608.0 1242.0 613.0 1253.0 594.0 1262.0 588.0 1254.0 ship 0
62.0 556.0 60.0 570.0 21.0 566.0 24.0 551.0 ship 0
185.0 613.0 184.0 626.0 148.0 624.0 149.0 612.0 ship 0
191.0 639.0 190.0 656.0 145.0 652.0 148.0 635.0 ship 0
173.0 684.0 176.0 695.0 152.0 703.0 147.0 693.0 ship 0
250.0 857.0 258.0 868.0 238.0 886.0 229.0 877.0 ship 0
575.0 1193.0 584.0 1203.0 565.0 1217.0 556.0 1208.0 ship 0
563.0 1252.0 550.0 1236.0 592.0 1203.0 605.0 1220.0 ship 0
1107.0 1105.0 1104.0 1093.0 1135.0 1083.0 1138.0 1097.0 ship 0
724.0 254.0 724.0 242.0 747.0 241.0 747.0 252.0 ship 0
1041.0 1003.0 1035.0 990.0 1063.0 979.0 1067.0 993.0 ship 0
527.0 86.0 532.0 92.0 520.0 104.0 513.0 98.0 small-vehicle 1
425.0 89.0 435.0 89.0 437.0 113.0 424.0 113.0 small-vehicle 0
454.0 99.0 464.0 99.0 461.0 121.0 453.0 120.0 small-vehicle 0
526.0 215.0 526.0 223.0 507.0 222.0 509.0 213.0 small-vehicle 0
574.0 178.0 574.0 185.0 555.0 185.0 556.0 176.0 small-vehicle 0
493.0 417.0 494.0 405.0 527.0 408.0 526.0 418.0 ship 0
642.0 1333.0 635.0 1319.0 677.0 1297.0 684.0 1310.0 harbor 0
