imagesource:GoogleEarth
gsd:0.24910562376
2017.0 408.0 2026.0 413.0 2017.0 439.0 2006.0 435.0 ship 0
2750.0 749.0 2710.0 736.0 2813.0 271.0 2853.0 280.0 harbor 0
304.0 170.0 284.0 163.0 311.0 70.0 335.0 79.0 harbor 0
389.0 199.0 368.0 194.0 400.0 83.0 422.0 92.0 harbor 0
493.0 219.0 473.0 211.0 514.0 93.0 533.0 101.0 harbor 0
629.0 318.0 596.0 306.0 651.0 125.0 683.0 136.0 harbor 0
945.0 324.0 917.0 315.0 984.0 144.0 1015.0 159.0 harbor 0
1077.0 315.0 1042.0 302.0 1127.0 79.0 1159.0 89.0 harbor 0
1289.0 306.0 1262.0 295.0 1344.0 86.0 1373.0 96.0 harbor 0
1558.0 318.0 1528.0 308.0 1604.0 92.0 1634.0 101.0 harbor 0
1922.0 367.0 1860.0 341.0 1926.0 157.0 1991.0 182.0 harbor 0
2010.0 430.0 1983.0 417.0 2067.0 199.0 2097.0 209.0 harbor 0
2149.0 451.0 2103.0 434.0 2176.0 227.0 2225.0 245.0 harbor 0
2360.0 693.0 2337.0 684.0 2444.0 310.0 2468.0 316.0 harbor 0
2569.0 643.0 2522.0 637.0 2563.0 291.0 2611.0 294.0 harbor 0
2649.0 733.0 2626.0 728.0 2722.0 273.0 2746.0 278.0 harbor 0
2885.0 611.0 2863.0 604.0 2931.0 276.0 2952.0 279.0 harbor 0
1979.0 393.0 1990.0 398.0 1979.0 427.0 1968.0 423.0 ship 0
1039.0 269.0 1048.0 274.0 1039.0 297.0 1029.0 292.0 ship 1
1056.0 290.0 1061.0 280.0 1089.0 291.0 1084.0 301.0 ship 1
1898.0 346.0 1902.0 334.0 1930.0 347.0 1926.0 358.0 ship 1
1907.0 331.0 1912.0 320.0 1935.0 331.0 1931.0 339.0 ship 1
2577.0 72.0 2588.0 79.0 2582.0 102.0 2567.0 99.0 ship 1
2557.0 615.0 2566.0 617.0 2565.0 644.0 2553.0 642.0 ship 1
2621.0 703.0 2633.0 705.0 2626.0 730.0 2614.0 727.0 ship 1
2759.0 90.0 2806.0 93.0 2803.0 118.0 2757.0 114.0 swimming-pool 0
2839.0 98.0 2872.0 66.0 2889.0 83.0 2857.0 116.0 swimming-pool 0
2509.0 268.0 2516.0 271.0 2513.0 289.0 2503.0 288.0 ship 1
2376.0 256.0 2384.0 258.0 2381.0 276.0 2373.0 275.0 ship 1
2075.0 160.0 2078.0 153.0 2095.0 163.0 2092.0 168.0 ship 1
609.0 292.0 612.0 280.0 642.0 286.0 638.0 298.0 ship 0
2153.0 429.0 2167.0 432.0 2160.0 459.0 2145.0 455.0 ship 0
129.0 116.0 99.0 95.0 155.0 2.0 188.0 22.0 harbor 0
