imagesource:GoogleEarth
gsd:0.251420074916
177.0 769.0 188.0 768.0 190.0 801.0 177.0 800.0 ship 0
2624.0 1070.0 2605.0 1061.0 2783.0 613.0 2806.0 623.0 harbor 0
460.0 694.0 433.0 695.0 422.0 330.0 449.0 328.0 harbor 0
570.0 431.0 553.0 428.0 569.0 283.0 588.0 287.0 harbor 0
931.0 367.0 911.0 364.0 928.0 231.0 949.0 234.0 harbor 0
1048.0 303.0 1038.0 302.0 1046.0 213.0 1055.0 214.0 harbor 0
1191.0 435.0 1166.0 428.0 1211.0 213.0 1233.0 217.0 harbor 0
1525.0 644.0 1486.0 632.0 1579.0 291.0 1619.0 299.0 harbor 0
1743.0 698.0 1708.0 681.0 1822.0 344.0 1863.0 360.0 harbor 0
2028.0 746.0 2008.0 736.0 2160.0 427.0 2184.0 437.0 harbor 0
2141.0 772.0 2097.0 748.0 2262.0 425.0 2302.0 445.0 harbor 0
197.0 130.0 186.0 128.0 188.0 103.0 198.0 105.0 small-vehicle 0
462.0 671.0 476.0 670.0 475.0 697.0 462.0 699.0 ship 0
823.0 97.0 848.0 90.0 862.0 142.0 835.0 147.0 swimming-pool 0
961.0 205.0 972.0 203.0 974.0 222.0 963.0 224.0 ship 0
1917.0 177.0 1907.0 174.0 1910.0 151.0 1921.0 153.0 small-vehicle 1
1853.0 93.0 1857.0 84.0 1877.0 91.0 1874.0 99.0 small-vehicle 1
2289.0 322.0 2328.0 334.0 2325.0 363.0 2281.0 352.0 swimming-pool 0
2584.0 249.0 2590.0 253.0 2585.0 272.0 2576.0 269.0 small-vehicle 1
2138.0 739.0 2150.0 746.0 2137.0 774.0 2125.0 770.0 ship 0
1758.0 671.0 1767.0 677.0 1759.0 700.0 1748.0 697.0 ship 0
1515.0 614.0 1526.0 617.0 1519.0 644.0 1505.0 640.0 ship 0
176.0 799.0 149.0 798.0 157.0 329.0 179.0 330.0 harbor 0
