imagesource:GoogleEarth
gsd:0.247450201268
4157.0 446.0 4157.0 454.0 4137.0 455.0 4136.0 447.0 ship 0
6036.0 1030.0 6036.0 1040.0 6015.0 1039.0 6015.0 1031.0 small-vehicle 1
4135.0 457.0 4159.0 458.0 4163.0 580.0 4140.0 579.0 harbor 0
4233.0 410.0 4264.0 408.0 4275.0 554.0 4242.0 556.0 harbor 0
4277.0 458.0 4299.0 456.0 4307.0 555.0 4287.0 559.0 harbor 0
4308.0 424.0 4327.0 423.0 4337.0 544.0 4318.0 545.0 harbor 0
4352.0 454.0 4367.0 453.0 4374.0 529.0 4360.0 531.0 harbor 0
4385.0 388.0 4399.0 385.0 4424.0 539.0 4409.0 542.0 harbor 0
4438.0 451.0 4457.0 448.0 4466.0 540.0 4447.0 543.0 harbor 0
4511.0 441.0 4532.0 437.0 4545.0 523.0 4527.0 526.0 harbor 0
4551.0 399.0 4572.0 397.0 4587.0 511.0 4568.0 514.0 harbor 0
4618.0 398.0 4641.0 392.0 4657.0 474.0 4636.0 480.0 harbor 0
4676.0 332.0 4703.0 328.0 4730.0 481.0 4702.0 487.0 harbor 0
4791.0 353.0 4805.0 349.0 4825.0 467.0 4813.0 469.0 harbor 0
4830.0 303.0 4852.0 299.0 4882.0 452.0 4860.0 455.0 harbor 0
4905.0 298.0 4924.0 297.0 4936.0 431.0 4919.0 432.0 harbor 0
4957.0 298.0 4987.0 296.0 5002.0 418.0 4973.0 424.0 harbor 0
5019.0 280.0 5042.0 277.0 5059.0 410.0 5036.0 413.0 harbor 0
5081.0 310.0 5100.0 309.0 5107.0 431.0 5091.0 434.0 harbor 0
5137.0 310.0 5159.0 312.0 5149.0 443.0 5128.0 442.0 harbor 0
5822.0 277.0 5838.0 276.0 5843.0 392.0 5828.0 394.0 harbor 0
5715.0 295.0 5734.0 293.0 5751.0 407.0 5733.0 410.0 harbor 0
5646.0 362.0 5653.0 360.0 5678.0 435.0 5671.0 437.0 harbor 0
5593.0 351.0 5618.0 349.0 5626.0 456.0 5602.0 458.0 harbor 0
5526.0 346.0 5550.0 343.0 5559.0 461.0 5534.0 463.0 harbor 0
5407.0 366.0 5433.0 365.0 5442.0 452.0 5415.0 454.0 harbor 0
2449.0 844.0 2456.0 838.0 2470.0 857.0 2463.0 862.0 ship 0
4027.0 433.0 4051.0 433.0 4059.0 573.0 4035.0 575.0 harbor 0
3837.0 485.0 3858.0 479.0 3902.0 657.0 3881.0 663.0 harbor 0
3753.0 507.0 3778.0 499.0 3833.0 720.0 3808.0 729.0 harbor 0
1817.0 910.0 1839.0 909.0 1843.0 1074.0 1824.0 1076.0 harbor 0
409.0 692.0 429.0 686.0 468.0 872.0 447.0 877.0 harbor 0
492.0 718.0 518.0 714.0 569.0 1002.0 547.0 1008.0 harbor 0
597.0 727.0 625.0 725.0 634.0 905.0 609.0 909.0 harbor 0
694.0 737.0 718.0 734.0 778.0 1068.0 755.0 1072.0 harbor 0
777.0 693.0 805.0 689.0 873.0 1068.0 844.0 1075.0 harbor 0
867.0 705.0 891.0 699.0 960.0 1068.0 936.0 1075.0 harbor 0
939.0 697.0 972.0 691.0 1008.0 892.0 978.0 900.0 harbor 0
1391.0 828.0 1414.0 825.0 1435.0 976.0 1414.0 980.0 harbor 0
1496.0 953.0 1511.0 950.0 1532.0 1054.0 1519.0 1056.0 harbor 0
1620.0 864.0 1642.0 864.0 1649.0 1059.0 1627.0 1060.0 harbor 0
1695.0 844.0 1716.0 842.0 1730.0 1036.0 1710.0 1039.0 harbor 0
1911.0 889.0 1932.0 887.0 1964.0 1088.0 1942.0 1092.0 harbor 0
3656.0 521.0 3682.0 514.0 3739.0 732.0 3711.0 739.0 harbor 0
1984.0 896.0 2010.0 891.0 2043.0 1067.0 2018.0 1074.0 harbor 0
2306.0 848.0 2332.0 846.0 2339.0 1010.0 2311.0 1011.0 harbor 0
2371.0 855.0 2391.0 852.0 2411.0 1015.0 2388.0 1019.0 harbor 0
2461.0 817.0 2495.0 814.0 2523.0 1017.0 2488.0 1023.0 harbor 0
2550.0 803.0 2590.0 797.0 2630.0 1028.0 2590.0 1036.0 harbor 0
2667.0 803.0 2690.0 800.0 2736.0 1067.0 2715.0 1071.0 harbor 0
2734.0 706.0 2758.0 704.0 2820.0 1056.0 2799.0 1060.0 harbor 0
2842.0 674.0 2857.0 671.0 2889.0 879.0 2872.0 883.0 harbor 0
2988.0 610.0 3026.0 603.0 3080.0 877.0 3044.0 886.0 harbor 0
3257.0 647.0 3275.0 645.0 3284.0 735.0 3265.0 737.0 harbor 0
3391.0 546.0 3421.0 542.0 3457.0 761.0 3423.0 767.0 harbor 0
2589.0 823.0 2578.0 825.0 2572.0 802.0 2585.0 801.0 ship 0
2446.0 1038.0 2458.0 1036.0 2462.0 1060.0 2451.0 1062.0 ship 0
4777.0 347.0 4788.0 343.0 4796.0 368.0 4784.0 371.0 ship 0
5061.0 1028.0 5065.0 1038.0 5041.0 1042.0 5037.0 1033.0 small-vehicle 1
4800.0 720.0 4791.0 711.0 4809.0 692.0 4817.0 698.0 small-vehicle 0
4749.0 835.0 4751.0 826.0 4771.0 827.0 4772.0 836.0 small-vehicle 1
4850.0 917.0 4838.0 914.0 4851.0 889.0 4859.0 893.0 small-vehicle 0
4924.0 971.0 4931.0 961.0 4948.0 972.0 4944.0 981.0 ship 0
4960.0 643.0 4951.0 644.0 4949.0 625.0 4958.0 624.0 small-vehicle 1
5030.0 611.0 5033.0 601.0 5054.0 610.0 5050.0 617.0 small-vehicle 1
5054.0 615.0 5063.0 614.0 5065.0 633.0 5056.0 634.0 small-vehicle 1
4687.0 700.0 4679.0 702.0 4671.0 682.0 4681.0 679.0 small-vehicle 1
5043.0 861.0 5043.0 852.0 5067.0 852.0 5068.0 860.0 small-vehicle 0
5033.0 996.0 5031.0 987.0 5056.0 985.0 5057.0 993.0 small-vehicle 1
5055.0 983.0 5054.0 975.0 5074.0 974.0 5074.0 983.0 small-vehicle 1
5055.0 1100.0 5053.0 1090.0 5074.0 1088.0 5076.0 1096.0 small-vehicle 1
4597.0 1000.0 4588.0 997.0 4596.0 979.0 4603.0 980.0 small-vehicle 1
5172.0 1091.0 5170.0 1083.0 5188.0 1080.0 5190.0 1087.0 small-vehicle 1
5313.0 960.0 5308.0 969.0 5285.0 953.0 5292.0 944.0 small-vehicle 1
5169.0 595.0 5177.0 595.0 5179.0 618.0 5169.0 619.0 ship 0
5236.0 637.0 5237.0 626.0 5258.0 624.0 5257.0 634.0 small-vehicle 1
5297.0 653.0 5300.0 646.0 5320.0 655.0 5315.0 663.0 small-vehicle 1
5308.0 672.0 5317.0 671.0 5322.0 690.0 5312.0 691.0 small-vehicle 1
6022.0 917.0 6019.0 907.0 6044.0 905.0 6045.0 914.0 small-vehicle 1
5945.0 708.0 5956.0 705.0 5961.0 727.0 5952.0 730.0 small-vehicle 1
5805.0 661.0 5816.0 662.0 5817.0 685.0 5808.0 685.0 small-vehicle 1
5790.0 599.0 5798.0 597.0 5804.0 620.0 5796.0 621.0 small-vehicle 1
5825.0 608.0 5812.0 611.0 5807.0 585.0 5820.0 583.0 ship 0
4648.0 819.0 4646.0 809.0 4669.0 806.0 4671.0 816.0 ship 0
4562.0 996.0 4551.0 991.0 4565.0 971.0 4572.0 975.0 small-vehicle 1
4820.0 356.0 4809.0 360.0 4803.0 332.0 4816.0 331.0 ship 0
3828.0 912.0 3878.0 904.0 3885.0 922.0 3834.0 935.0 swimming-pool 0
4912.0 329.0 4898.0 332.0 4894.0 298.0 4906.0 296.0 ship 0
5702.0 299.0 5715.0 297.0 5717.0 323.0 5705.0 325.0 ship 0
5438.0 550.0 5474.0 544.0 5479.0 562.0 5443.0 570.0 swimming-pool 0
5189.0 536.0 5177.0 537.0 5175.0 508.0 5187.0 508.0 ship 0
4975.0 733.0 4979.0 744.0 4959.0 753.0 4952.0 742.0 ship 0
3204.0 1080.0 3228.0 1063.0 3241.0 1074.0 3218.0 1091.0 swimming-pool 0
3386.0 1067.0 3394.0 1065.0 3396.0 1083.0 3387.0 1083.0 small-vehicle 1
3424.0 1055.0 3435.0 1052.0 3439.0 1072.0 3430.0 1075.0 small-vehicle 1
3777.0 1043.0 3786.0 1042.0 3789.0 1064.0 3780.0 1064.0 small-vehicle 1
3788.0 1016.0 3797.0 1013.0 3802.0 1033.0 3794.0 1034.0 small-vehicle 1
3889.0 1014.0 3899.0 1012.0 3902.0 1037.0 3891.0 1038.0 small-vehicle 1
4033.0 1071.0 4030.0 1061.0 4051.0 1055.0 4053.0 1063.0 small-vehicle 1
4551.0 984.0 4543.0 980.0 4556.0 962.0 4563.0 966.0 small-vehicle 1
4119.0 894.0 4117.0 885.0 4140.0 881.0 4140.0 892.0 ship 0
4025.0 797.0 4012.0 796.0 4017.0 770.0 4029.0 772.0 ship 0
4257.0 1026.0 4246.0 1026.0 4245.0 1004.0 4256.0 1004.0 small-vehicle 1
4281.0 1014.0 4271.0 1016.0 4266.0 994.0 4276.0 991.0 small-vehicle 1
4253.0 638.0 4243.0 636.0 4244.0 616.0 4255.0 615.0 ship 0
4250.0 667.0 4244.0 667.0 4244.0 656.0 4250.0 654.0 ship 1
4326.0 675.0 4334.0 670.0 4343.0 687.0 4334.0 690.0 small-vehicle 1
4447.0 660.0 4456.0 659.0 4461.0 678.0 4454.0 680.0 small-vehicle 1
4469.0 604.0 4461.0 606.0 4455.0 590.0 4463.0 586.0 ship 0
4472.0 1009.0 4477.0 1021.0 4450.0 1031.0 4445.0 1021.0 ship 0
4533.0 971.0 4526.0 964.0 4546.0 950.0 4550.0 959.0 small-vehicle 1
326.0 701.0 353.0 699.0 358.0 918.0 335.0 920.0 harbor 0
