imagesource:GoogleEarth
gsd:0.125266546447
2408.0 485.0 2425.0 481.0 2495.0 705.0 2481.0 712.0 harbor 0
2200.0 370.0 2225.0 341.0 2416.0 471.0 2397.0 499.0 harbor 0
2111.0 335.0 2159.0 325.0 2252.0 797.0 2208.0 807.0 harbor 0
1972.0 351.0 2020.0 348.0 2060.0 795.0 2012.0 799.0 harbor 0
1861.0 360.0 1909.0 357.0 1926.0 760.0 1879.0 764.0 harbor 0
1439.0 511.0 1496.0 501.0 1545.0 787.0 1486.0 797.0 harbor 0
1052.0 510.0 1094.0 513.0 1087.0 722.0 1046.0 721.0 harbor 0
874.0 533.0 934.0 543.0 906.0 736.0 845.0 728.0 harbor 0
699.0 306.0 806.0 319.0 764.0 740.0 664.0 727.0 harbor 0
543.0 395.0 587.0 400.0 572.0 576.0 527.0 569.0 harbor 0
294.0 370.0 352.0 375.0 314.0 767.0 253.0 759.0 harbor 0
122.0 376.0 160.0 387.0 67.0 762.0 27.0 754.0 harbor 0
