imagesource:GoogleEarth
gsd:0.125083119972
1050.0 389.0 1024.0 393.0 1020.0 339.0 1045.0 337.0 ship 0
2189.0 146.0 2253.0 136.0 2348.0 829.0 2293.0 836.0 harbor 0
835.0 463.0 905.0 456.0 962.0 996.0 900.0 1005.0 harbor 0
1020.0 338.0 1100.0 329.0 1206.0 1017.0 1119.0 1029.0 harbor 0
1478.0 1089.0 1469.0 1057.0 1540.0 1040.0 1548.0 1074.0 swimming-pool 0
1356.0 346.0 1412.0 340.0 1469.0 786.0 1418.0 792.0 harbor 0
1558.0 173.0 1622.0 164.0 1705.0 768.0 1653.0 777.0 harbor 0
1736.0 135.0 1810.0 130.0 1889.0 835.0 1824.0 842.0 harbor 0
2012.0 1047.0 2002.0 998.0 2081.0 985.0 2090.0 1035.0 swimming-pool 0
2466.0 96.0 2584.0 82.0 2649.0 604.0 2548.0 618.0 harbor 0
3115.0 1070.0 3131.0 1060.0 3150.0 1096.0 3134.0 1105.0 small-vehicle 0
2695.0 160.0 2769.0 150.0 2837.0 651.0 2762.0 661.0 harbor 0
2926.0 146.0 2987.0 140.0 3049.0 630.0 2989.0 636.0 harbor 0
3105.0 125.0 3165.0 118.0 3206.0 590.0 3155.0 595.0 harbor 0
3249.0 97.0 3299.0 91.0 3350.0 564.0 3300.0 568.0 harbor 0
925.0 1140.0 904.0 1143.0 902.0 1094.0 925.0 1093.0 ship 0
3181.0 1062.0 3202.0 1061.0 3204.0 1111.0 3184.0 1112.0 small-vehicle 0
3149.0 960.0 3166.0 957.0 3172.0 996.0 3156.0 1000.0 small-vehicle 0
329.0 604.0 372.0 597.0 427.0 937.0 387.0 944.0 harbor 0
