imagesource:GoogleEarth
gsd:0.12713173457
66.0 320.0 66.0 301.0 110.0 302.0 110.0 320.0 small-vehicle 0
110.0 370.0 127.0 368.0 128.0 408.0 106.0 409.0 small-vehicle 0
78.0 550.0 57.0 549.0 57.0 509.0 78.0 509.0 small-vehicle 0
77.0 510.0 58.0 509.0 58.0 465.0 76.0 465.0 small-vehicle 0
57.0 549.0 36.0 549.0 35.0 505.0 57.0 505.0 small-vehicle 0
34.0 554.0 15.0 554.0 15.0 510.0 33.0 508.0 small-vehicle 0
277.0 408.0 257.0 408.0 260.0 366.0 279.0 366.0 small-vehicle 0
258.0 408.0 237.0 408.0 239.0 367.0 258.0 367.0 small-vehicle 0
219.0 415.0 192.0 415.0 193.0 368.0 218.0 368.0 small-vehicle 0
171.0 414.0 150.0 413.0 149.0 369.0 173.0 370.0 small-vehicle 0
88.0 373.0 108.0 373.0 107.0 414.0 85.0 412.0 small-vehicle 0
126.0 548.0 104.0 548.0 104.0 511.0 127.0 512.0 small-vehicle 0
61.0 419.0 38.0 420.0 37.0 364.0 59.0 361.0 small-vehicle 0
252.0 280.0 232.0 280.0 235.0 217.0 254.0 215.0 large-vehicle 0
133.0 270.0 108.0 270.0 108.0 205.0 134.0 206.0 large-vehicle 0
174.0 272.0 153.0 272.0 153.0 213.0 170.0 214.0 large-vehicle 0
203.0 273.0 181.0 273.0 183.0 208.0 205.0 212.0 large-vehicle 0
227.0 280.0 208.0 278.0 212.0 213.0 233.0 213.0 large-vehicle 0
305.0 281.0 284.0 282.0 281.0 219.0 302.0 216.0 large-vehicle 0
368.0 300.0 347.0 298.0 347.0 214.0 370.0 212.0 large-vehicle 0
127.0 506.0 106.0 506.0 107.0 470.0 126.0 471.0 small-vehicle 0
150.0 554.0 130.0 553.0 129.0 511.0 150.0 511.0 small-vehicle 0
278.0 280.0 255.0 280.0 256.0 211.0 278.0 213.0 large-vehicle 0
194.0 516.0 214.0 516.0 213.0 554.0 194.0 553.0 small-vehicle 0
410.0 580.0 412.0 596.0 372.0 598.0 370.0 584.0 small-vehicle 0
409.0 559.0 409.0 575.0 369.0 576.0 370.0 559.0 small-vehicle 0
371.0 552.0 371.0 536.0 411.0 538.0 410.0 554.0 small-vehicle 0
411.0 517.0 410.0 535.0 374.0 533.0 375.0 516.0 small-vehicle 0
411.0 494.0 411.0 509.0 374.0 508.0 372.0 492.0 small-vehicle 0
408.0 468.0 407.0 484.0 374.0 483.0 374.0 469.0 small-vehicle 0
174.0 553.0 154.0 553.0 153.0 514.0 171.0 514.0 small-vehicle 0
193.0 550.0 174.0 552.0 171.0 515.0 190.0 515.0 small-vehicle 0
235.0 553.0 219.0 555.0 216.0 519.0 234.0 518.0 small-vehicle 0
148.0 507.0 132.0 508.0 132.0 470.0 148.0 469.0 small-vehicle 0
255.0 548.0 237.0 549.0 238.0 514.0 257.0 514.0 small-vehicle 0
279.0 553.0 262.0 552.0 260.0 513.0 277.0 513.0 small-vehicle 0
279.0 509.0 261.0 511.0 259.0 475.0 276.0 475.0 small-vehicle 0
238.0 472.0 255.0 471.0 258.0 511.0 238.0 512.0 small-vehicle 0
218.0 468.0 235.0 469.0 234.0 511.0 218.0 510.0 small-vehicle 0
194.0 471.0 211.0 470.0 212.0 509.0 195.0 509.0 small-vehicle 0
191.0 510.0 175.0 510.0 173.0 470.0 191.0 470.0 small-vehicle 0
170.0 509.0 152.0 510.0 151.0 469.0 168.0 469.0 small-vehicle 0
407.0 359.0 382.0 357.0 381.0 259.0 409.0 258.0 large-vehicle 0
