imagesource:GoogleEarth
gsd:0.125779850308
2002.0 811.0 2020.0 806.0 2027.0 845.0 2012.0 849.0 small-vehicle 1
219.0 811.0 201.0 813.0 195.0 774.0 212.0 772.0 small-vehicle 1
240.0 810.0 223.0 813.0 215.0 774.0 232.0 772.0 small-vehicle 1
1886.0 310.0 1942.0 302.0 1984.0 559.0 1927.0 566.0 harbor 0
1549.0 326.0 1596.0 319.0 1631.0 543.0 1584.0 550.0 harbor 0
1341.0 292.0 1377.0 284.0 1424.0 536.0 1387.0 545.0 harbor 0
1129.0 232.0 1180.0 225.0 1221.0 519.0 1174.0 524.0 harbor 0
991.0 390.0 1045.0 381.0 1079.0 579.0 1027.0 589.0 harbor 0
787.0 288.0 864.0 276.0 911.0 610.0 837.0 624.0 harbor 0
621.0 268.0 666.0 261.0 726.0 599.0 679.0 605.0 harbor 0
346.0 167.0 419.0 152.0 494.0 583.0 419.0 597.0 harbor 0
134.0 210.0 178.0 202.0 231.0 547.0 186.0 555.0 harbor 0
