imagesource:GoogleEarth
gsd:0.134959552261
648.0 1593.0 638.0 1579.0 675.0 1555.0 688.0 1573.0 ship 0
528.0 1838.0 513.0 1831.0 535.0 1797.0 554.0 1807.0 ship 0
356.0 67.0 389.0 122.0 175.0 270.0 136.0 217.0 harbor 0
412.0 235.0 477.0 294.0 319.0 461.0 257.0 394.0 harbor 0
540.0 577.0 563.0 615.0 468.0 673.0 445.0 638.0 harbor 0
808.0 836.0 848.0 893.0 664.0 1019.0 627.0 962.0 harbor 0
892.0 1128.0 915.0 1170.0 767.0 1278.0 735.0 1234.0 harbor 0
1041.0 1202.0 1075.0 1247.0 868.0 1394.0 834.0 1344.0 harbor 0
1111.0 1322.0 1151.0 1371.0 940.0 1531.0 904.0 1478.0 harbor 0
1221.0 1499.0 1252.0 1534.0 1100.0 1669.0 1066.0 1629.0 harbor 0
1394.0 1535.0 1430.0 1578.0 1251.0 1721.0 1217.0 1677.0 harbor 0
1470.0 1658.0 1492.0 1688.0 1348.0 1811.0 1321.0 1779.0 harbor 0
1595.0 1741.0 1614.0 1768.0 1424.0 1920.0 1404.0 1892.0 harbor 0
1672.0 1845.0 1703.0 1888.0 1525.0 2029.0 1492.0 1989.0 harbor 0
1796.0 1923.0 1830.0 1959.0 1681.0 2108.0 1648.0 2071.0 harbor 0
135.0 855.0 116.0 868.0 89.0 833.0 109.0 818.0 ship 0
54.0 1054.0 64.0 1069.0 33.0 1096.0 22.0 1084.0 small-vehicle 0
106.0 1281.0 95.0 1265.0 144.0 1231.0 156.0 1247.0 ship 0
135.0 1366.0 117.0 1338.0 196.0 1282.0 213.0 1308.0 ship 0
455.0 1621.0 433.0 1631.0 413.0 1583.0 436.0 1574.0 ship 0
632.0 1956.0 614.0 1971.0 591.0 1939.0 609.0 1927.0 small-vehicle 0
907.0 1879.0 897.0 1863.0 932.0 1842.0 941.0 1856.0 small-vehicle 0
943.0 1857.0 952.0 1874.0 912.0 1899.0 901.0 1881.0 small-vehicle 0
1760.0 1961.0 1744.0 1942.0 1786.0 1900.0 1799.0 1917.0 ship 0
1359.0 1564.0 1348.0 1548.0 1384.0 1521.0 1395.0 1535.0 ship 0
1222.0 1503.0 1236.0 1488.0 1275.0 1531.0 1262.0 1545.0 ship 0
432.0 280.0 424.0 291.0 391.0 258.0 405.0 247.0 ship 0
51.0 1.0 83.0 14.0 45.0 114.0 10.0 98.0 harbor 0
