imagesource:GoogleEarth
gsd:0.126775766629
877.0 20.0 897.0 15.0 900.0 61.0 882.0 63.0 ship 0
327.0 415.0 338.0 414.0 337.0 439.0 326.0 439.0 ship 1
1472.0 295.0 1484.0 306.0 1447.0 331.0 1436.0 318.0 ship 0
1216.0 418.0 1194.0 423.0 1186.0 375.0 1209.0 372.0 ship 0
2266.0 662.0 2172.0 655.0 2196.0 69.0 2281.0 71.0 harbor 0
1700.0 1042.0 1646.0 1045.0 1582.0 385.0 1629.0 380.0 harbor 0
1512.0 1051.0 1429.0 1064.0 1358.0 446.0 1433.0 437.0 harbor 0
830.0 715.0 784.0 702.0 827.0 525.0 870.0 536.0 harbor 0
573.0 760.0 522.0 742.0 604.0 490.0 651.0 505.0 harbor 0
416.0 785.0 369.0 779.0 424.0 494.0 465.0 500.0 harbor 0
205.0 761.0 160.0 751.0 201.0 486.0 246.0 489.0 harbor 0
