imagesource:GoogleEarth
gsd:0.124444394291
3078.0 1070.0 3082.0 1092.0 3021.0 1098.0 3019.0 1076.0 ship 0
2230.0 332.0 2280.0 324.0 2344.0 735.0 2295.0 744.0 harbor 0
447.0 367.0 498.0 356.0 557.0 710.0 508.0 721.0 harbor 0
612.0 363.0 665.0 354.0 722.0 704.0 678.0 710.0 harbor 0
732.0 395.0 777.0 388.0 829.0 707.0 786.0 714.0 harbor 0
895.0 435.0 943.0 425.0 992.0 740.0 943.0 749.0 harbor 0
1102.0 425.0 1145.0 420.0 1202.0 774.0 1159.0 781.0 harbor 0
1213.0 378.0 1256.0 375.0 1299.0 726.0 1255.0 732.0 harbor 0
1423.0 361.0 1477.0 357.0 1501.0 742.0 1450.0 744.0 harbor 0
1641.0 351.0 1684.0 346.0 1735.0 737.0 1697.0 744.0 harbor 0
1760.0 285.0 1795.0 280.0 1852.0 714.0 1815.0 719.0 harbor 0
1979.0 629.0 2024.0 624.0 2036.0 754.0 1994.0 760.0 harbor 0
2464.0 355.0 2516.0 345.0 2577.0 707.0 2520.0 717.0 harbor 0
1171.0 972.0 1223.0 973.0 1223.0 992.0 1172.0 995.0 swimming-pool 0
2708.0 496.0 2751.0 491.0 2796.0 799.0 2751.0 805.0 harbor 0
2818.0 500.0 2870.0 491.0 2920.0 769.0 2867.0 776.0 harbor 0
3068.0 206.0 3111.0 201.0 3177.0 641.0 3138.0 649.0 harbor 0
3562.0 379.0 3614.0 369.0 3680.0 700.0 3631.0 712.0 harbor 0
3860.0 324.0 3914.0 315.0 3972.0 664.0 3923.0 671.0 harbor 0
3675.0 1111.0 3665.0 1127.0 3634.0 1100.0 3647.0 1084.0 small-vehicle 1
724.0 1013.0 729.0 1039.0 674.0 1053.0 668.0 1026.0 ship 0
733.0 1069.0 741.0 1090.0 693.0 1112.0 686.0 1090.0 ship 0
150.0 896.0 131.0 901.0 121.0 855.0 143.0 851.0 ship 0
1712.0 267.0 1746.0 261.0 1766.0 347.0 1721.0 354.0 ship 0
266.0 397.0 306.0 390.0 354.0 691.0 305.0 698.0 harbor 0
