imagesource:GoogleEarth
gsd:0.277647582591
749.0 1617.0 741.0 1621.0 730.0 1603.0 736.0 1600.0 small-vehicle 1
531.0 1247.0 537.0 1241.0 550.0 1257.0 544.0 1262.0 small-vehicle 1
276.0 280.0 273.0 298.0 105.0 274.0 109.0 254.0 harbor 0
255.0 413.0 252.0 447.0 77.0 433.0 80.0 402.0 harbor 0
274.0 493.0 274.0 523.0 67.0 519.0 69.0 485.0 harbor 0
291.0 579.0 292.0 604.0 70.0 610.0 69.0 584.0 harbor 0
33.0 602.0 53.0 604.0 50.0 644.0 32.0 642.0 swimming-pool 0
264.0 628.0 269.0 648.0 93.0 698.0 86.0 675.0 harbor 0
346.0 638.0 358.0 653.0 131.0 836.0 118.0 818.0 harbor 0
391.0 671.0 399.0 677.0 339.0 763.0 331.0 759.0 harbor 0
419.0 694.0 451.0 716.0 382.0 817.0 349.0 797.0 harbor 0
595.0 756.0 618.0 788.0 514.0 869.0 492.0 837.0 harbor 0
437.0 903.0 448.0 895.0 470.0 925.0 459.0 933.0 swimming-pool 0
666.0 851.0 683.0 870.0 589.0 959.0 571.0 936.0 harbor 0
783.0 1021.0 808.0 1059.0 716.0 1127.0 688.0 1085.0 harbor 0
922.0 1265.0 936.0 1290.0 839.0 1348.0 822.0 1326.0 harbor 0
777.0 1464.0 796.0 1457.0 814.0 1493.0 796.0 1501.0 swimming-pool 0
989.0 1383.0 998.0 1405.0 865.0 1463.0 854.0 1442.0 harbor 0
1028.0 1455.0 1046.0 1488.0 929.0 1552.0 909.0 1518.0 harbor 0
323.0 657.0 316.0 647.0 343.0 628.0 349.0 637.0 ship 0
393.0 704.0 384.0 699.0 396.0 680.0 405.0 686.0 ship 0
607.0 811.0 601.0 803.0 620.0 785.0 628.0 794.0 ship 0
900.0 1286.0 909.0 1281.0 922.0 1304.0 913.0 1309.0 ship 0
966.0 1403.0 977.0 1398.0 987.0 1423.0 976.0 1428.0 ship 0
305.0 690.0 312.0 684.0 326.0 700.0 315.0 706.0 ship 0
385.0 751.0 375.0 745.0 388.0 727.0 395.0 732.0 ship 0
653.0 864.0 645.0 859.0 659.0 844.0 667.0 851.0 ship 0
244.0 1041.0 248.0 1049.0 237.0 1061.0 231.0 1055.0 small-vehicle 1
255.0 1054.0 260.0 1059.0 248.0 1072.0 242.0 1066.0 small-vehicle 1
410.0 1048.0 418.0 1043.0 429.0 1058.0 424.0 1063.0 small-vehicle 1
46.0 1270.0 52.0 1265.0 65.0 1280.0 57.0 1285.0 small-vehicle 1
543.0 20.0 526.0 40.0 477.0 1.0 516.0 1.0 harbor 1
