imagesource:GoogleEarth
gsd:0.125369556685
1255.0 937.0 1257.0 913.0 1309.0 918.0 1305.0 943.0 ship 0
4575.0 1223.0 4529.0 1216.0 4571.0 918.0 4621.0 923.0 harbor 0
4193.0 1137.0 4149.0 1139.0 4147.0 797.0 4194.0 796.0 harbor 0
3989.0 1112.0 3890.0 1100.0 3934.0 696.0 4030.0 701.0 harbor 0
3390.0 991.0 3343.0 980.0 3397.0 695.0 3443.0 702.0 harbor 0
3266.0 975.0 3189.0 962.0 3229.0 676.0 3310.0 686.0 harbor 0
3093.0 946.0 3047.0 938.0 3086.0 676.0 3125.0 680.0 harbor 0
2732.0 907.0 2690.0 904.0 2705.0 650.0 2746.0 650.0 harbor 0
2571.0 879.0 2525.0 867.0 2569.0 631.0 2614.0 637.0 harbor 0
2352.0 855.0 2239.0 845.0 2277.0 600.0 2386.0 611.0 harbor 0
1937.0 796.0 1839.0 783.0 1873.0 567.0 1969.0 580.0 harbor 0
1737.0 765.0 1683.0 757.0 1735.0 514.0 1785.0 524.0 harbor 0
1615.0 726.0 1540.0 712.0 1588.0 497.0 1658.0 507.0 harbor 0
1150.0 614.0 1037.0 579.0 1102.0 375.0 1204.0 407.0 harbor 0
1387.0 669.0 1270.0 642.0 1315.0 428.0 1421.0 455.0 harbor 0
944.0 556.0 864.0 531.0 916.0 341.0 1002.0 360.0 harbor 0
800.0 518.0 701.0 498.0 741.0 305.0 837.0 326.0 harbor 0
4388.0 1156.0 4326.0 1146.0 4365.0 886.0 4430.0 896.0 harbor 0
4777.0 1263.0 4733.0 1259.0 4764.0 944.0 4806.0 946.0 harbor 0
1205.0 1027.0 1201.0 1049.0 1150.0 1038.0 1154.0 1017.0 ship 0
4929.0 1299.0 4865.0 1296.0 4880.0 958.0 4937.0 957.0 harbor 0
1064.0 536.0 1085.0 540.0 1074.0 591.0 1053.0 586.0 ship 1
962.0 504.0 976.0 508.0 963.0 561.0 946.0 556.0 ship 0
4194.0 469.0 4175.0 466.0 4180.0 424.0 4199.0 424.0 small-vehicle 0
4082.0 442.0 4068.0 456.0 4029.0 423.0 4045.0 407.0 small-vehicle 0
4646.0 405.0 4646.0 427.0 4602.0 426.0 4603.0 401.0 ship 0
4966.0 1245.0 4984.0 1244.0 4987.0 1290.0 4965.0 1290.0 ship 0
3180.0 904.0 3196.0 904.0 3193.0 956.0 3170.0 955.0 ship 0
3417.0 394.0 3436.0 397.0 3429.0 444.0 3408.0 441.0 ship 0
3263.0 328.0 3279.0 330.0 3270.0 373.0 3254.0 370.0 small-vehicle 0
3505.0 175.0 3520.0 177.0 3517.0 214.0 3501.0 211.0 small-vehicle 0
1549.0 100.0 1552.0 80.0 1603.0 92.0 1599.0 110.0 small-vehicle 0
1400.0 14.0 1416.0 18.0 1410.0 59.0 1392.0 57.0 small-vehicle 0
5477.0 1336.0 5324.0 1334.0 5313.0 980.0 5450.0 970.0 harbor 1
5214.0 1331.0 5095.0 1321.0 5122.0 989.0 5230.0 993.0 harbor 0
5064.0 1318.0 4980.0 1316.0 4979.0 980.0 5071.0 976.0 harbor 0
353.0 353.0 300.0 335.0 372.0 94.0 421.0 112.0 harbor 0
