imagesource:GoogleEarth
gsd:0.267348185488
1254.0 1570.0 1261.0 1561.0 1280.0 1577.0 1273.0 1586.0 ship 0
494.0 746.0 488.0 753.0 465.0 741.0 473.0 731.0 ship 0
1736.0 1545.0 1704.0 1573.0 1623.0 1478.0 1659.0 1451.0 harbor 0
1633.0 1681.0 1588.0 1715.0 1511.0 1615.0 1556.0 1582.0 harbor 0
1528.0 1796.0 1502.0 1822.0 1436.0 1728.0 1461.0 1709.0 harbor 0
1456.0 1855.0 1436.0 1868.0 1366.0 1758.0 1384.0 1748.0 harbor 0
1370.0 1936.0 1346.0 1954.0 1259.0 1824.0 1280.0 1810.0 harbor 0
1273.0 2037.0 1245.0 2061.0 1187.0 1987.0 1215.0 1961.0 harbor 0
1178.0 2116.0 1160.0 2127.0 1115.0 2047.0 1133.0 2036.0 harbor 0
721.0 504.0 722.0 494.0 739.0 496.0 740.0 505.0 small-vehicle 1
536.0 602.0 534.0 612.0 511.0 607.0 511.0 596.0 ship 0
452.0 825.0 445.0 833.0 427.0 824.0 431.0 814.0 ship 0
1984.0 1050.0 1975.0 1091.0 1880.0 1070.0 1889.0 1027.0 harbor 0
371.0 1001.0 368.0 1012.0 346.0 1006.0 350.0 996.0 ship 0
128.0 1198.0 116.0 1198.0 116.0 1175.0 128.0 1173.0 ship 0
48.0 1444.0 38.0 1451.0 26.0 1431.0 34.0 1425.0 ship 0
536.0 1580.0 542.0 1592.0 518.0 1606.0 510.0 1594.0 ship 1
551.0 2059.0 562.0 2053.0 571.0 2073.0 561.0 2078.0 ship 1
1139.0 2108.0 1146.0 2103.0 1156.0 2120.0 1148.0 2124.0 ship 1
1259.0 2023.0 1267.0 2014.0 1281.0 2030.0 1274.0 2037.0 ship 1
1353.0 1918.0 1359.0 1910.0 1379.0 1931.0 1372.0 1937.0 ship 1
896.0 1814.0 909.0 1809.0 914.0 1834.0 903.0 1835.0 ship 1
1896.0 1295.0 1882.0 1326.0 1791.0 1282.0 1806.0 1255.0 harbor 0
2055.0 832.0 2043.0 868.0 1964.0 842.0 1974.0 806.0 harbor 0
1470.0 1207.0 1477.0 1212.0 1466.0 1229.0 1459.0 1222.0 small-vehicle 1
204.0 1162.0 232.0 1156.0 247.0 1213.0 222.0 1219.0 harbor 0
319.0 109.0 309.0 139.0 169.0 89.0 180.0 61.0 harbor 0
587.0 304.0 596.0 280.0 639.0 291.0 633.0 317.0 harbor 0
511.0 632.0 516.0 608.0 572.0 617.0 569.0 641.0 harbor 0
466.0 743.0 483.0 718.0 534.0 747.0 521.0 775.0 harbor 0
438.0 818.0 447.0 800.0 504.0 829.0 494.0 846.0 harbor 0
381.0 928.0 391.0 896.0 460.0 917.0 450.0 948.0 harbor 0
340.0 1034.0 349.0 1006.0 396.0 1021.0 387.0 1049.0 harbor 0
297.0 1085.0 318.0 1061.0 372.0 1105.0 352.0 1131.0 harbor 0
263.0 1110.0 279.0 1101.0 317.0 1156.0 303.0 1166.0 harbor 0
99.0 1174.0 116.0 1173.0 124.0 1236.0 105.0 1239.0 harbor 0
1912.0 643.0 1926.0 654.0 1911.0 676.0 1898.0 666.0 harbor 0
947.0 1184.0 962.0 1182.0 968.0 1221.0 952.0 1222.0 swimming-pool 0
1283.0 591.0 1291.0 559.0 1339.0 572.0 1331.0 604.0 swimming-pool 0
991.0 287.0 1028.0 314.0 996.0 366.0 960.0 343.0 harbor 0
1084.0 348.0 1124.0 374.0 1094.0 428.0 1054.0 404.0 harbor 0
1161.0 396.0 1182.0 409.0 1158.0 458.0 1137.0 446.0 harbor 0
1211.0 423.0 1259.0 433.0 1249.0 508.0 1199.0 499.0 harbor 0
1288.0 442.0 1304.0 445.0 1289.0 521.0 1271.0 517.0 harbor 0
1439.0 481.0 1471.0 488.0 1463.0 564.0 1431.0 558.0 harbor 0
1686.0 526.0 1710.0 539.0 1679.0 614.0 1651.0 601.0 harbor 0
1437.0 1833.0 1445.0 1826.0 1467.0 1851.0 1456.0 1857.0 ship 1
1525.0 1792.0 1533.0 1800.0 1510.0 1821.0 1502.0 1812.0 ship 1
1709.0 1518.0 1717.0 1510.0 1738.0 1530.0 1728.0 1539.0 ship 1
478.0 1658.0 473.0 1650.0 491.0 1639.0 498.0 1648.0 small-vehicle 1
977.0 1718.0 984.0 1714.0 993.0 1731.0 988.0 1736.0 small-vehicle 1
990.0 1741.0 996.0 1736.0 1007.0 1751.0 999.0 1755.0 small-vehicle 1
840.0 1890.0 832.0 1895.0 819.0 1875.0 826.0 1871.0 small-vehicle 1
387.0 1364.0 393.0 1358.0 407.0 1374.0 400.0 1378.0 small-vehicle 0
309.0 1361.0 319.0 1358.0 324.0 1378.0 315.0 1381.0 small-vehicle 0
103.0 1477.0 110.0 1474.0 120.0 1489.0 113.0 1493.0 small-vehicle 0
88.0 1476.0 97.0 1472.0 104.0 1488.0 97.0 1492.0 small-vehicle 0
79.0 1520.0 80.0 1512.0 102.0 1511.0 101.0 1520.0 small-vehicle 1
230.0 1827.0 222.0 1833.0 211.0 1814.0 220.0 1809.0 small-vehicle 1
327.0 2027.0 321.0 2033.0 309.0 2016.0 316.0 2012.0 small-vehicle 0
1418.0 1495.0 1409.0 1501.0 1391.0 1481.0 1399.0 1474.0 ship 1
719.0 2120.0 708.0 2119.0 710.0 2095.0 720.0 2096.0 small-vehicle 0
519.0 2014.0 522.0 2021.0 507.0 2031.0 501.0 2022.0 small-vehicle 1
622.0 2008.0 615.0 2000.0 631.0 1987.0 636.0 1996.0 small-vehicle 1
613.0 2024.0 621.0 2034.0 603.0 2049.0 596.0 2041.0 small-vehicle 1
523.0 2126.0 530.0 2117.0 548.0 2145.0 537.0 2151.0 ship 0
466.0 2169.0 482.0 2162.0 500.0 2193.0 483.0 2200.0 swimming-pool 0
409.0 2094.0 416.0 2093.0 421.0 2110.0 413.0 2113.0 small-vehicle 0
640.0 1432.0 652.0 1418.0 687.0 1444.0 673.0 1457.0 swimming-pool 0
1357.0 1140.0 1380.0 1126.0 1410.0 1165.0 1387.0 1179.0 swimming-pool 0
1300.0 1516.0 1293.0 1509.0 1306.0 1497.0 1313.0 1503.0 small-vehicle 1
910.0 1548.0 908.0 1556.0 887.0 1554.0 889.0 1547.0 small-vehicle 1
1233.0 1243.0 1239.0 1249.0 1226.0 1263.0 1219.0 1257.0 small-vehicle 1
601.0 1330.0 606.0 1340.0 588.0 1346.0 584.0 1338.0 small-vehicle 1
1676.0 544.0 1665.0 540.0 1677.0 520.0 1688.0 524.0 ship 1
1311.0 467.0 1299.0 466.0 1302.0 441.0 1315.0 444.0 ship 1
1183.0 432.0 1171.0 427.0 1180.0 409.0 1191.0 412.0 ship 1
891.0 401.0 899.0 407.0 891.0 422.0 881.0 419.0 small-vehicle 1
719.0 331.0 729.0 332.0 726.0 353.0 715.0 352.0 small-vehicle 1
971.0 533.0 977.0 539.0 967.0 555.0 959.0 549.0 small-vehicle 0
1005.0 697.0 1014.0 698.0 1009.0 717.0 999.0 715.0 small-vehicle 0
1152.0 744.0 1161.0 739.0 1169.0 760.0 1160.0 762.0 small-vehicle 1
1172.0 836.0 1169.0 845.0 1150.0 842.0 1151.0 832.0 small-vehicle 1
1013.0 865.0 1013.0 872.0 996.0 873.0 996.0 864.0 small-vehicle 1
959.0 852.0 955.0 860.0 937.0 853.0 941.0 844.0 small-vehicle 1
904.0 921.0 913.0 911.0 930.0 931.0 920.0 938.0 ship 0
691.0 1079.0 696.0 1072.0 710.0 1082.0 704.0 1088.0 small-vehicle 1
567.0 1097.0 575.0 1094.0 582.0 1110.0 575.0 1114.0 small-vehicle 1
585.0 1110.0 593.0 1106.0 600.0 1123.0 592.0 1128.0 small-vehicle 1
907.0 1108.0 902.0 1114.0 884.0 1103.0 889.0 1097.0 small-vehicle 1
573.0 1245.0 580.0 1239.0 593.0 1253.0 585.0 1257.0 small-vehicle 1
572.0 1276.0 578.0 1282.0 566.0 1296.0 559.0 1291.0 small-vehicle 1
621.0 1319.0 625.0 1328.0 610.0 1339.0 605.0 1331.0 small-vehicle 1
41.0 43.0 57.0 47.0 46.0 80.0 32.0 76.0 swimming-pool 0
