imagesource:GoogleEarth
gsd:0.253130280749
3090.0 363.0 3088.0 354.0 3109.0 350.0 3111.0 358.0 small-vehicle 1
2756.0 54.0 2736.0 53.0 2737.0 23.0 2756.0 24.0 harbor 0
2902.0 80.0 2872.0 78.0 2872.0 22.0 2905.0 23.0 harbor 0
2958.0 72.0 2933.0 72.0 2934.0 18.0 2962.0 19.0 harbor 0
3013.0 72.0 2992.0 72.0 2994.0 17.0 3013.0 18.0 harbor 0
3079.0 71.0 3053.0 72.0 3051.0 19.0 3079.0 19.0 harbor 0
3148.0 71.0 3118.0 71.0 3118.0 20.0 3148.0 20.0 harbor 0
3197.0 67.0 3168.0 68.0 3169.0 18.0 3200.0 19.0 harbor 0
3259.0 71.0 3236.0 70.0 3238.0 13.0 3261.0 15.0 harbor 0
3319.0 75.0 3294.0 76.0 3295.0 6.0 3319.0 6.0 harbor 0
3379.0 74.0 3354.0 75.0 3353.0 20.0 3378.0 21.0 harbor 0
2896.0 148.0 2917.0 133.0 2944.0 172.0 2923.0 187.0 harbor 0
3162.0 139.0 3179.0 139.0 3180.0 175.0 3165.0 175.0 harbor 0
3249.0 226.0 3251.0 247.0 3223.0 250.0 3221.0 230.0 harbor 0
3300.0 260.0 3298.0 216.0 3339.0 215.0 3341.0 261.0 harbor 0
3254.0 296.0 3254.0 317.0 3208.0 318.0 3206.0 298.0 harbor 0
3314.0 364.0 3312.0 336.0 3346.0 334.0 3348.0 361.0 harbor 0
3258.0 361.0 3259.0 382.0 3213.0 385.0 3213.0 363.0 harbor 0
3314.0 431.0 3312.0 395.0 3349.0 393.0 3351.0 429.0 harbor 0
3260.0 418.0 3260.0 444.0 3217.0 447.0 3216.0 419.0 harbor 0
3321.0 489.0 3319.0 462.0 3358.0 459.0 3359.0 485.0 harbor 0
3262.0 477.0 3262.0 504.0 3216.0 504.0 3214.0 477.0 harbor 0
3265.0 534.0 3266.0 559.0 3221.0 560.0 3218.0 535.0 harbor 0
3318.0 560.0 3317.0 522.0 3376.0 521.0 3380.0 559.0 harbor 0
3266.0 583.0 3269.0 614.0 3223.0 617.0 3221.0 585.0 harbor 0
3321.0 606.0 3319.0 581.0 3361.0 578.0 3362.0 605.0 harbor 0
3279.0 651.0 3280.0 681.0 3227.0 684.0 3225.0 656.0 harbor 0
2842.0 74.0 2814.0 78.0 2810.0 24.0 2839.0 22.0 harbor 0
2718.0 73.0 2690.0 72.0 2691.0 21.0 2718.0 21.0 harbor 0
3271.0 717.0 3271.0 737.0 3229.0 739.0 3227.0 720.0 harbor 0
2653.0 67.0 2624.0 68.0 2623.0 21.0 2656.0 21.0 harbor 0
2005.0 451.0 2006.0 520.0 1949.0 521.0 1949.0 452.0 harbor 0
2062.0 512.0 2061.0 480.0 2096.0 479.0 2096.0 513.0 harbor 0
2063.0 595.0 2062.0 559.0 2098.0 557.0 2099.0 594.0 harbor 0
2008.0 564.0 2009.0 591.0 1963.0 593.0 1961.0 568.0 harbor 0
2067.0 640.0 2064.0 614.0 2097.0 612.0 2098.0 638.0 harbor 0
2009.0 625.0 2009.0 650.0 1968.0 651.0 1967.0 628.0 harbor 0
2064.0 702.0 2064.0 665.0 2091.0 665.0 2091.0 702.0 harbor 0
2012.0 688.0 2013.0 713.0 1973.0 712.0 1973.0 688.0 harbor 0
2012.0 751.0 2013.0 775.0 1973.0 776.0 1973.0 752.0 harbor 0
2069.0 766.0 2068.0 733.0 2099.0 731.0 2100.0 767.0 harbor 0
2072.0 816.0 2071.0 795.0 2107.0 793.0 2108.0 816.0 harbor 0
2014.0 817.0 2014.0 839.0 1974.0 837.0 1974.0 817.0 harbor 0
2077.0 885.0 2074.0 853.0 2106.0 852.0 2106.0 885.0 harbor 0
2013.0 862.0 2013.0 887.0 1975.0 887.0 1975.0 863.0 harbor 0
2076.0 937.0 2075.0 918.0 2112.0 916.0 2113.0 935.0 harbor 0
2014.0 929.0 2016.0 970.0 1980.0 972.0 1976.0 931.0 harbor 0
2022.0 977.0 2022.0 1004.0 1969.0 1005.0 1967.0 978.0 harbor 0
2021.0 1041.0 2041.0 1041.0 2041.0 1084.0 2022.0 1085.0 harbor 0
2051.0 1039.0 2072.0 1040.0 2071.0 1066.0 2052.0 1066.0 harbor 0
2228.0 81.0 2203.0 81.0 2203.0 31.0 2229.0 31.0 harbor 0
2277.0 74.0 2250.0 74.0 2251.0 30.0 2278.0 30.0 harbor 0
2356.0 70.0 2317.0 69.0 2316.0 29.0 2354.0 28.0 harbor 0
2415.0 69.0 2388.0 70.0 2387.0 16.0 2417.0 16.0 harbor 0
2472.0 71.0 2451.0 72.0 2449.0 18.0 2468.0 17.0 harbor 0
2579.0 66.0 2519.0 67.0 2517.0 23.0 2582.0 23.0 harbor 0
3322.0 669.0 3321.0 646.0 3362.0 644.0 3364.0 668.0 harbor 0
3326.0 719.0 3324.0 698.0 3363.0 696.0 3364.0 716.0 harbor 0
770.0 285.0 770.0 269.0 801.0 269.0 801.0 284.0 harbor 0
2888.0 986.0 2912.0 982.0 2917.0 1021.0 2894.0 1024.0 harbor 0
2403.0 216.0 2405.0 261.0 2366.0 265.0 2363.0 220.0 harbor 0
2445.0 298.0 2441.0 279.0 2497.0 266.0 2503.0 287.0 harbor 0
2407.0 293.0 2406.0 323.0 2366.0 323.0 2366.0 295.0 harbor 0
2464.0 359.0 2463.0 338.0 2505.0 335.0 2507.0 356.0 harbor 0
2405.0 357.0 2406.0 379.0 2369.0 379.0 2368.0 360.0 harbor 0
2407.0 412.0 2409.0 434.0 2363.0 438.0 2360.0 414.0 harbor 0
2423.0 481.0 2423.0 502.0 2368.0 505.0 2366.0 486.0 harbor 0
2473.0 548.0 2471.0 523.0 2522.0 521.0 2521.0 546.0 harbor 0
2418.0 537.0 2418.0 559.0 2371.0 561.0 2370.0 539.0 harbor 0
2414.0 596.0 2414.0 614.0 2370.0 615.0 2369.0 598.0 harbor 0
2476.0 638.0 2475.0 607.0 2522.0 606.0 2522.0 639.0 harbor 0
2419.0 659.0 2421.0 682.0 2378.0 684.0 2377.0 661.0 harbor 0
2478.0 725.0 2478.0 704.0 2529.0 701.0 2530.0 723.0 harbor 0
2417.0 724.0 2417.0 746.0 2383.0 749.0 2382.0 725.0 harbor 0
2482.0 788.0 2479.0 753.0 2532.0 751.0 2533.0 786.0 harbor 0
2419.0 787.0 2419.0 808.0 2389.0 809.0 2389.0 790.0 harbor 0
2490.0 852.0 2485.0 818.0 2537.0 813.0 2541.0 847.0 harbor 0
2417.0 837.0 2419.0 864.0 2393.0 867.0 2390.0 838.0 harbor 0
2484.0 907.0 2483.0 886.0 2525.0 884.0 2526.0 906.0 harbor 0
2419.0 908.0 2420.0 925.0 2377.0 928.0 2375.0 910.0 harbor 0
2484.0 941.0 2483.0 925.0 2524.0 923.0 2524.0 939.0 harbor 0
2432.0 993.0 2433.0 1008.0 2403.0 1013.0 2400.0 997.0 harbor 0
2433.0 1036.0 2454.0 1035.0 2455.0 1072.0 2435.0 1073.0 harbor 0
2469.0 1035.0 2491.0 1033.0 2491.0 1077.0 2470.0 1078.0 harbor 0
673.0 153.0 676.0 203.0 636.0 207.0 633.0 154.0 harbor 0
2452.0 203.0 2450.0 183.0 2482.0 181.0 2482.0 203.0 harbor 0
2860.0 972.0 2861.0 993.0 2824.0 994.0 2824.0 974.0 harbor 0
3330.0 777.0 3329.0 756.0 3372.0 754.0 3374.0 777.0 harbor 0
2903.0 935.0 2904.0 913.0 2946.0 915.0 2946.0 936.0 harbor 0
3276.0 775.0 3279.0 804.0 3235.0 808.0 3232.0 778.0 harbor 0
3283.0 839.0 3283.0 861.0 3239.0 861.0 3238.0 840.0 harbor 0
3340.0 896.0 3338.0 881.0 3370.0 880.0 3370.0 896.0 harbor 0
3280.0 891.0 3282.0 914.0 3235.0 915.0 3233.0 894.0 harbor 0
3270.0 932.0 3292.0 933.0 3294.0 989.0 3271.0 988.0 harbor 0
3305.0 923.0 3326.0 925.0 3328.0 986.0 3308.0 987.0 harbor 0
3338.0 938.0 3337.0 925.0 3368.0 924.0 3369.0 939.0 harbor 0
2817.0 217.0 2821.0 258.0 2769.0 261.0 2764.0 220.0 harbor 0
2830.0 393.0 2831.0 424.0 2787.0 426.0 2784.0 396.0 harbor 0
2888.0 395.0 2888.0 359.0 2930.0 361.0 2931.0 395.0 harbor 0
2887.0 451.0 2885.0 431.0 2930.0 432.0 2930.0 452.0 harbor 0
2895.0 528.0 2893.0 493.0 2946.0 490.0 2947.0 525.0 harbor 0
2897.0 573.0 2896.0 553.0 2935.0 552.0 2936.0 572.0 harbor 0
2819.0 574.0 2821.0 592.0 2786.0 593.0 2785.0 575.0 harbor 0
2905.0 639.0 2904.0 617.0 2932.0 616.0 2934.0 638.0 harbor 0
2840.0 624.0 2840.0 654.0 2797.0 656.0 2795.0 627.0 harbor 0
2907.0 708.0 2905.0 682.0 2936.0 680.0 2937.0 707.0 harbor 0
2844.0 690.0 2845.0 712.0 2801.0 714.0 2799.0 692.0 harbor 0
2848.0 733.0 2850.0 767.0 2811.0 768.0 2808.0 735.0 harbor 0
2904.0 766.0 2901.0 740.0 2939.0 738.0 2941.0 763.0 harbor 0
2851.0 810.0 2850.0 836.0 2816.0 836.0 2815.0 811.0 harbor 0
2902.0 817.0 2902.0 795.0 2946.0 795.0 2947.0 820.0 harbor 0
2856.0 872.0 2857.0 895.0 2816.0 896.0 2815.0 874.0 harbor 0
2909.0 875.0 2909.0 856.0 2949.0 854.0 2951.0 876.0 harbor 0
2861.0 933.0 2862.0 953.0 2814.0 955.0 2811.0 934.0 harbor 0
2059.0 458.0 2059.0 440.0 2096.0 437.0 2097.0 457.0 harbor 0
2052.0 391.0 2051.0 372.0 2088.0 369.0 2090.0 388.0 harbor 0
2004.0 378.0 2005.0 407.0 1958.0 409.0 1958.0 380.0 harbor 0
321.0 1123.0 323.0 1106.0 350.0 1108.0 347.0 1127.0 harbor 0
225.0 60.0 225.0 79.0 202.0 78.0 201.0 59.0 harbor 0
243.0 59.0 227.0 59.0 228.0 34.0 244.0 34.0 harbor 0
364.0 66.0 344.0 67.0 342.0 34.0 362.0 33.0 harbor 0
425.0 59.0 407.0 64.0 401.0 38.0 419.0 33.0 harbor 0
487.0 60.0 454.0 61.0 455.0 38.0 487.0 37.0 harbor 0
549.0 65.0 518.0 64.0 519.0 38.0 548.0 38.0 harbor 0
633.0 64.0 613.0 64.0 613.0 38.0 633.0 37.0 harbor 0
711.0 73.0 671.0 73.0 672.0 36.0 711.0 36.0 harbor 0
801.0 53.0 801.0 71.0 744.0 70.0 744.0 53.0 harbor 0
847.0 74.0 821.0 74.0 822.0 36.0 847.0 37.0 harbor 0
908.0 73.0 881.0 73.0 881.0 38.0 907.0 37.0 harbor 0
963.0 66.0 937.0 65.0 937.0 38.0 963.0 38.0 harbor 0
1032.0 63.0 1004.0 64.0 1003.0 34.0 1030.0 34.0 harbor 0
1133.0 67.0 1095.0 68.0 1094.0 35.0 1134.0 34.0 harbor 0
1207.0 68.0 1174.0 68.0 1173.0 22.0 1208.0 21.0 harbor 0
1325.0 66.0 1300.0 67.0 1301.0 35.0 1326.0 36.0 harbor 0
1429.0 73.0 1361.0 71.0 1361.0 27.0 1429.0 26.0 harbor 0
1496.0 68.0 1460.0 70.0 1455.0 20.0 1492.0 18.0 harbor 0
1570.0 64.0 1541.0 64.0 1543.0 20.0 1570.0 19.0 harbor 0
1629.0 68.0 1597.0 66.0 1600.0 21.0 1633.0 22.0 harbor 0
1694.0 63.0 1653.0 64.0 1652.0 22.0 1695.0 23.0 harbor 0
1748.0 69.0 1724.0 68.0 1725.0 26.0 1750.0 25.0 harbor 0
1811.0 75.0 1785.0 73.0 1785.0 26.0 1813.0 26.0 harbor 0
1905.0 72.0 1849.0 74.0 1847.0 36.0 1903.0 35.0 harbor 0
1051.0 128.0 1075.0 127.0 1075.0 159.0 1052.0 159.0 harbor 0
267.0 1113.0 268.0 1133.0 239.0 1137.0 236.0 1116.0 harbor 0
266.0 1073.0 267.0 1095.0 238.0 1097.0 236.0 1076.0 harbor 0
2050.0 351.0 2050.0 309.0 2081.0 308.0 2082.0 350.0 harbor 0
315.0 1021.0 315.0 1001.0 344.0 1000.0 343.0 1019.0 harbor 0
235.0 162.0 236.0 184.0 202.0 187.0 201.0 165.0 harbor 0
291.0 155.0 303.0 155.0 307.0 194.0 295.0 195.0 harbor 0
242.0 284.0 243.0 308.0 208.0 310.0 207.0 285.0 harbor 0
293.0 259.0 290.0 213.0 314.0 211.0 317.0 259.0 harbor 0
287.0 309.0 285.0 275.0 318.0 275.0 319.0 308.0 harbor 0
304.0 369.0 299.0 349.0 319.0 345.0 323.0 366.0 harbor 0
224.0 406.0 235.0 406.0 237.0 442.0 227.0 443.0 harbor 0
300.0 429.0 300.0 414.0 325.0 413.0 325.0 428.0 harbor 0
244.0 473.0 244.0 491.0 221.0 492.0 220.0 474.0 harbor 0
296.0 546.0 296.0 509.0 329.0 509.0 330.0 545.0 harbor 0
245.0 528.0 245.0 548.0 223.0 550.0 222.0 529.0 harbor 0
251.0 575.0 251.0 602.0 220.0 602.0 220.0 577.0 harbor 0
305.0 605.0 303.0 588.0 332.0 588.0 333.0 605.0 harbor 0
252.0 643.0 252.0 665.0 224.0 665.0 223.0 644.0 harbor 0
299.0 672.0 300.0 636.0 332.0 637.0 331.0 674.0 harbor 0
297.0 696.0 321.0 695.0 322.0 752.0 297.0 753.0 harbor 0
309.0 786.0 308.0 760.0 334.0 759.0 334.0 785.0 harbor 0
253.0 775.0 253.0 796.0 229.0 795.0 230.0 775.0 harbor 0
254.0 831.0 255.0 861.0 229.0 863.0 226.0 833.0 harbor 0
315.0 853.0 313.0 833.0 334.0 832.0 335.0 853.0 harbor 0
258.0 887.0 259.0 912.0 230.0 915.0 228.0 889.0 harbor 0
315.0 910.0 314.0 888.0 337.0 887.0 338.0 910.0 harbor 0
258.0 946.0 259.0 971.0 229.0 972.0 228.0 948.0 harbor 0
308.0 940.0 320.0 938.0 325.0 977.0 314.0 979.0 harbor 0
260.0 1007.0 260.0 1033.0 234.0 1035.0 233.0 1009.0 harbor 0
1142.0 198.0 1145.0 235.0 1119.0 237.0 1114.0 202.0 harbor 0
1208.0 262.0 1204.0 203.0 1244.0 201.0 1248.0 259.0 harbor 0
1144.0 252.0 1144.0 273.0 1108.0 276.0 1106.0 255.0 harbor 0
1147.0 309.0 1149.0 335.0 1117.0 339.0 1114.0 313.0 harbor 0
1579.0 538.0 1579.0 562.0 1539.0 560.0 1539.0 538.0 harbor 0
1581.0 597.0 1581.0 625.0 1539.0 623.0 1539.0 597.0 harbor 0
1584.0 709.0 1585.0 732.0 1540.0 733.0 1540.0 709.0 harbor 0
1582.0 775.0 1581.0 797.0 1538.0 799.0 1537.0 776.0 harbor 0
1575.0 834.0 1576.0 859.0 1541.0 860.0 1540.0 834.0 harbor 0
1578.0 894.0 1580.0 914.0 1540.0 916.0 1541.0 898.0 harbor 0
1581.0 967.0 1581.0 987.0 1549.0 990.0 1548.0 970.0 harbor 0
1583.0 1011.0 1584.0 1039.0 1542.0 1041.0 1541.0 1013.0 harbor 0
1590.0 1060.0 1590.0 1081.0 1562.0 1081.0 1560.0 1061.0 harbor 0
1635.0 1072.0 1657.0 1070.0 1659.0 1101.0 1638.0 1102.0 harbor 0
1652.0 1026.0 1651.0 1007.0 1688.0 1005.0 1689.0 1027.0 harbor 0
1649.0 964.0 1647.0 939.0 1686.0 935.0 1688.0 963.0 harbor 0
1648.0 924.0 1642.0 890.0 1687.0 887.0 1690.0 919.0 harbor 0
1644.0 855.0 1642.0 832.0 1677.0 829.0 1679.0 853.0 harbor 0
1637.0 790.0 1634.0 755.0 1672.0 753.0 1675.0 788.0 harbor 0
1646.0 654.0 1645.0 639.0 1679.0 639.0 1680.0 654.0 harbor 0
1628.0 556.0 1630.0 519.0 1672.0 521.0 1672.0 558.0 harbor 0
1619.0 487.0 1620.0 459.0 1674.0 459.0 1674.0 490.0 harbor 0
1636.0 431.0 1635.0 411.0 1675.0 407.0 1676.0 429.0 harbor 0
1624.0 299.0 1622.0 242.0 1667.0 240.0 1669.0 298.0 harbor 0
1678.0 142.0 1719.0 143.0 1718.0 192.0 1676.0 191.0 harbor 0
2053.0 225.0 2053.0 204.0 2088.0 205.0 2087.0 227.0 harbor 0
1989.0 196.0 1993.0 227.0 1958.0 232.0 1952.0 202.0 harbor 0
1993.0 257.0 1993.0 284.0 1957.0 285.0 1957.0 258.0 harbor 0
1993.0 320.0 1994.0 346.0 1954.0 346.0 1954.0 319.0 harbor 0
1577.0 478.0 1578.0 499.0 1534.0 500.0 1534.0 481.0 harbor 0
1583.0 416.0 1583.0 432.0 1529.0 435.0 1528.0 419.0 harbor 0
1580.0 346.0 1580.0 375.0 1526.0 375.0 1526.0 347.0 harbor 0
1167.0 736.0 1168.0 760.0 1117.0 764.0 1117.0 739.0 harbor 0
1206.0 388.0 1208.0 369.0 1242.0 368.0 1243.0 388.0 harbor 0
1150.0 376.0 1150.0 402.0 1118.0 403.0 1118.0 377.0 harbor 0
1209.0 452.0 1209.0 433.0 1243.0 431.0 1243.0 450.0 harbor 0
1150.0 443.0 1150.0 478.0 1100.0 478.0 1101.0 444.0 harbor 0
1149.0 485.0 1150.0 502.0 1103.0 505.0 1102.0 488.0 harbor 0
1151.0 555.0 1153.0 583.0 1113.0 588.0 1111.0 560.0 harbor 0
1212.0 574.0 1212.0 551.0 1244.0 550.0 1244.0 574.0 harbor 0
1155.0 600.0 1155.0 622.0 1116.0 624.0 1115.0 602.0 harbor 0
1211.0 624.0 1211.0 602.0 1248.0 601.0 1249.0 624.0 harbor 0
1155.0 673.0 1157.0 698.0 1115.0 701.0 1114.0 674.0 harbor 0
1216.0 705.0 1215.0 673.0 1257.0 671.0 1259.0 704.0 harbor 0
1218.0 760.0 1216.0 724.0 1259.0 721.0 1263.0 758.0 harbor 0
1537.0 128.0 1537.0 141.0 1477.0 141.0 1477.0 127.0 harbor 0
1148.0 803.0 1149.0 825.0 1118.0 825.0 1117.0 803.0 harbor 0
1220.0 819.0 1220.0 788.0 1257.0 789.0 1256.0 819.0 harbor 0
1222.0 867.0 1222.0 845.0 1269.0 844.0 1268.0 867.0 harbor 0
1161.0 859.0 1161.0 881.0 1117.0 883.0 1116.0 861.0 harbor 0
1160.0 912.0 1160.0 938.0 1117.0 937.0 1117.0 914.0 harbor 0
1160.0 977.0 1160.0 1011.0 1121.0 1013.0 1120.0 979.0 harbor 0
1161.0 1041.0 1162.0 1061.0 1122.0 1061.0 1122.0 1040.0 harbor 0
1226.0 1046.0 1226.0 1028.0 1263.0 1029.0 1264.0 1046.0 harbor 0
1171.0 1086.0 1171.0 1106.0 1138.0 1105.0 1137.0 1085.0 harbor 0
1218.0 1102.0 1218.0 1073.0 1254.0 1073.0 1254.0 1103.0 harbor 0
1216.0 1108.0 1228.0 1107.0 1229.0 1136.0 1218.0 1137.0 harbor 0
766.0 230.0 765.0 218.0 797.0 215.0 798.0 228.0 harbor 0
675.0 253.0 674.0 295.0 643.0 293.0 645.0 252.0 harbor 0
3533.0 541.0 3534.0 533.0 3552.0 532.0 3552.0 542.0 small-vehicle 1
2677.0 694.0 2676.0 685.0 2700.0 686.0 2701.0 696.0 small-vehicle 0
1979.0 724.0 1979.0 712.0 2010.0 714.0 2009.0 727.0 ship 0
2506.0 643.0 2508.0 656.0 2466.0 654.0 2464.0 642.0 ship 0
2467.0 703.0 2467.0 690.0 2495.0 690.0 2496.0 705.0 ship 0
1976.0 902.0 1975.0 890.0 2014.0 887.0 2015.0 900.0 ship 0
1978.0 932.0 1978.0 921.0 2013.0 921.0 2014.0 931.0 ship 0
2095.0 906.0 2093.0 918.0 2068.0 920.0 2068.0 906.0 ship 0
2077.0 887.0 2063.0 886.0 2062.0 857.0 2076.0 856.0 ship 0
2378.0 878.0 2378.0 864.0 2420.0 864.0 2420.0 879.0 ship 0
2375.0 910.0 2375.0 897.0 2420.0 894.0 2421.0 909.0 ship 0
2680.0 911.0 2683.0 897.0 2718.0 904.0 2718.0 917.0 ship 0
1859.0 892.0 1859.0 882.0 1880.0 882.0 1879.0 892.0 small-vehicle 0
1859.0 904.0 1859.0 895.0 1876.0 896.0 1877.0 903.0 small-vehicle 0
2609.0 891.0 2609.0 883.0 2628.0 882.0 2629.0 890.0 small-vehicle 0
3026.0 1331.0 3024.0 1321.0 3053.0 1317.0 3054.0 1328.0 swimming-pool 0
2805.0 1155.0 2793.0 1155.0 2792.0 1131.0 2803.0 1130.0 small-vehicle 0
3100.0 1075.0 3111.0 1076.0 3105.0 1100.0 3097.0 1098.0 small-vehicle 0
3259.0 1087.0 3269.0 1086.0 3269.0 1109.0 3260.0 1109.0 small-vehicle 0
3274.0 1095.0 3282.0 1095.0 3281.0 1119.0 3272.0 1117.0 small-vehicle 0
3458.0 954.0 3457.0 944.0 3475.0 945.0 3477.0 952.0 small-vehicle 0
3056.0 923.0 3056.0 913.0 3074.0 917.0 3073.0 926.0 small-vehicle 0
3039.0 738.0 3039.0 728.0 3061.0 729.0 3063.0 737.0 small-vehicle 0
3046.0 755.0 3046.0 746.0 3065.0 748.0 3064.0 756.0 small-vehicle 0
2735.0 815.0 2736.0 805.0 2770.0 812.0 2767.0 823.0 ship 0
2933.0 903.0 2933.0 914.0 2900.0 914.0 2900.0 900.0 ship 0
2867.0 856.0 2848.0 854.0 2850.0 807.0 2870.0 810.0 ship 0
2707.0 746.0 2715.0 753.0 2694.0 765.0 2690.0 758.0 small-vehicle 0
2704.0 642.0 2706.0 654.0 2679.0 653.0 2679.0 642.0 small-vehicle 0
3271.0 932.0 3269.0 920.0 3297.0 922.0 3295.0 932.0 ship 0
2291.0 785.0 2295.0 793.0 2272.0 802.0 2269.0 792.0 small-vehicle 0
1001.0 71.0 1001.0 61.0 1027.0 64.0 1025.0 73.0 ship 0
1411.0 66.0 1414.0 82.0 1373.0 85.0 1371.0 68.0 ship 0
1414.0 75.0 1416.0 64.0 1440.0 71.0 1435.0 81.0 ship 0
1807.0 36.0 1820.0 37.0 1821.0 69.0 1807.0 70.0 ship 0
1836.0 45.0 1844.0 45.0 1844.0 68.0 1835.0 66.0 ship 0
2224.0 51.0 2237.0 51.0 2237.0 81.0 2223.0 80.0 ship 0
2330.0 79.0 2330.0 66.0 2358.0 68.0 2357.0 80.0 ship 0
2422.0 69.0 2422.0 81.0 2393.0 80.0 2392.0 69.0 ship 0
2580.0 42.0 2593.0 43.0 2592.0 72.0 2577.0 71.0 ship 0
2628.0 77.0 2629.0 66.0 2655.0 65.0 2655.0 76.0 ship 0
1843.0 449.0 1842.0 438.0 1871.0 437.0 1871.0 449.0 ship 0
1860.0 488.0 1860.0 478.0 1884.0 481.0 1884.0 489.0 ship 0
1838.0 609.0 1837.0 597.0 1866.0 597.0 1866.0 608.0 ship 0
2092.0 425.0 2092.0 437.0 2048.0 440.0 2046.0 426.0 ship 0
2276.0 455.0 2279.0 445.0 2310.0 460.0 2304.0 470.0 ship 0
2384.0 626.0 2384.0 614.0 2410.0 615.0 2412.0 625.0 ship 0
2052.0 599.0 2068.0 598.0 2066.0 641.0 2050.0 638.0 ship 0
1973.0 664.0 1973.0 652.0 2007.0 652.0 2008.0 662.0 ship 0
2269.0 278.0 2272.0 268.0 2305.0 270.0 2304.0 281.0 ship 0
2641.0 372.0 2631.0 372.0 2631.0 353.0 2640.0 353.0 small-vehicle 0
2661.0 304.0 2671.0 304.0 2671.0 324.0 2661.0 324.0 small-vehicle 0
2252.0 423.0 2250.0 415.0 2271.0 415.0 2273.0 421.0 small-vehicle 0
2218.0 433.0 2218.0 443.0 2194.0 444.0 2193.0 433.0 small-vehicle 0
1852.0 518.0 1852.0 528.0 1831.0 528.0 1831.0 520.0 small-vehicle 0
1834.0 573.0 1832.0 565.0 1851.0 565.0 1851.0 573.0 small-vehicle 0
2859.0 929.0 2870.0 931.0 2867.0 956.0 2858.0 953.0 ship 0
3463.0 678.0 3463.0 692.0 3428.0 689.0 3428.0 677.0 ship 0
767.0 309.0 782.0 309.0 783.0 364.0 769.0 365.0 harbor 0
3882.0 314.0 3882.0 306.0 3901.0 310.0 3900.0 316.0 small-vehicle 0
3878.0 569.0 3881.0 580.0 3859.0 583.0 3855.0 574.0 small-vehicle 0
3847.0 660.0 3845.0 669.0 3821.0 669.0 3820.0 659.0 small-vehicle 0
3560.0 640.0 3559.0 647.0 3537.0 648.0 3535.0 640.0 small-vehicle 0
3881.0 852.0 3880.0 842.0 3898.0 842.0 3899.0 850.0 small-vehicle 0
3922.0 955.0 3923.0 964.0 3900.0 965.0 3897.0 956.0 small-vehicle 0
3864.0 943.0 3872.0 936.0 3884.0 951.0 3879.0 957.0 small-vehicle 0
3556.0 843.0 3556.0 829.0 3586.0 831.0 3586.0 843.0 ship 0
3698.0 770.0 3687.0 769.0 3685.0 739.0 3697.0 739.0 ship 0
3639.0 1049.0 3627.0 1050.0 3625.0 1023.0 3636.0 1022.0 small-vehicle 0
3101.0 1232.0 3090.0 1231.0 3091.0 1213.0 3100.0 1212.0 small-vehicle 0
3853.0 1119.0 3852.0 1109.0 3874.0 1110.0 3875.0 1119.0 small-vehicle 0
458.0 232.0 459.0 243.0 432.0 242.0 432.0 231.0 small-vehicle 1
410.0 275.0 410.0 266.0 431.0 263.0 432.0 271.0 small-vehicle 1
438.0 280.0 438.0 268.0 465.0 267.0 466.0 280.0 small-vehicle 1
426.0 581.0 425.0 572.0 448.0 570.0 448.0 578.0 small-vehicle 1
103.0 949.0 101.0 940.0 123.0 938.0 122.0 947.0 small-vehicle 1
1041.0 1239.0 1049.0 1240.0 1047.0 1263.0 1039.0 1261.0 small-vehicle 1
1454.0 1016.0 1456.0 1008.0 1476.0 1013.0 1473.0 1021.0 small-vehicle 1
1760.0 372.0 1760.0 364.0 1778.0 364.0 1778.0 373.0 small-vehicle 1
2806.0 1258.0 2810.0 1251.0 2830.0 1260.0 2826.0 1267.0 small-vehicle 1
3472.0 883.0 3471.0 873.0 3494.0 874.0 3494.0 884.0 small-vehicle 1
3472.0 900.0 3471.0 893.0 3493.0 890.0 3492.0 899.0 small-vehicle 1
3068.0 685.0 3080.0 683.0 3080.0 707.0 3069.0 709.0 small-vehicle 1
3048.0 725.0 3048.0 716.0 3067.0 715.0 3068.0 725.0 small-vehicle 1
3446.0 487.0 3446.0 480.0 3469.0 478.0 3469.0 487.0 small-vehicle 1
3868.0 549.0 3867.0 538.0 3890.0 539.0 3890.0 548.0 small-vehicle 0
3878.0 334.0 3879.0 324.0 3899.0 327.0 3897.0 336.0 small-vehicle 0
2853.0 656.0 2841.0 656.0 2835.0 623.0 2851.0 622.0 ship 0
3906.0 388.0 3906.0 398.0 3882.0 398.0 3880.0 388.0 ship 0
3040.0 717.0 3042.0 729.0 3021.0 730.0 3020.0 718.0 ship 0
3047.0 693.0 3054.0 707.0 3026.0 716.0 3020.0 705.0 ship 0
3340.0 631.0 3341.0 644.0 3318.0 648.0 3316.0 632.0 ship 0
3343.0 565.0 3345.0 579.0 3315.0 582.0 3314.0 567.0 ship 0
3463.0 539.0 3465.0 550.0 3443.0 551.0 3443.0 540.0 ship 0
3096.0 622.0 3096.0 610.0 3130.0 610.0 3131.0 625.0 ship 0
3090.0 544.0 3092.0 534.0 3121.0 536.0 3119.0 547.0 ship 0
3038.0 561.0 3037.0 554.0 3056.0 555.0 3056.0 563.0 small-vehicle 0
3035.0 578.0 3034.0 570.0 3054.0 571.0 3054.0 579.0 small-vehicle 0
3118.0 561.0 3118.0 570.0 3097.0 570.0 3096.0 560.0 small-vehicle 0
3116.0 590.0 3117.0 599.0 3093.0 600.0 3094.0 592.0 small-vehicle 0
3493.0 522.0 3493.0 533.0 3469.0 533.0 3467.0 524.0 small-vehicle 0
3469.0 548.0 3469.0 539.0 3489.0 539.0 3491.0 547.0 small-vehicle 0
3457.0 439.0 3457.0 448.0 3434.0 451.0 3434.0 442.0 small-vehicle 0
3455.0 397.0 3455.0 389.0 3477.0 392.0 3477.0 399.0 small-vehicle 0
3452.0 347.0 3453.0 338.0 3474.0 338.0 3473.0 347.0 small-vehicle 0
3007.0 351.0 3014.0 357.0 2996.0 366.0 2991.0 360.0 small-vehicle 0
3088.0 365.0 3098.0 366.0 3096.0 388.0 3085.0 386.0 small-vehicle 0
3121.0 378.0 3121.0 385.0 3103.0 387.0 3102.0 380.0 small-vehicle 0
3552.0 384.0 3552.0 393.0 3529.0 394.0 3528.0 385.0 small-vehicle 0
2868.0 86.0 2870.0 75.0 2911.0 76.0 2909.0 87.0 ship 0
3152.0 156.0 3151.0 144.0 3186.0 144.0 3186.0 156.0 ship 0
3330.0 205.0 3330.0 217.0 3291.0 218.0 3291.0 204.0 ship 0
3650.0 192.0 3637.0 191.0 3637.0 167.0 3651.0 167.0 ship 0
3724.0 403.0 3711.0 404.0 3711.0 369.0 3725.0 368.0 ship 0
1200.0 36.0 1216.0 36.0 1216.0 67.0 1202.0 67.0 ship 0
1728.0 173.0 1714.0 173.0 1717.0 140.0 1731.0 142.0 ship 0
1623.0 285.0 1606.0 282.0 1609.0 239.0 1628.0 240.0 ship 0
3660.0 65.0 3639.0 65.0 3639.0 25.0 3661.0 24.0 harbor 0
3713.0 152.0 3716.0 84.0 3767.0 87.0 3766.0 155.0 harbor 0
3664.0 167.0 3664.0 212.0 3623.0 213.0 3621.0 169.0 harbor 0
3724.0 210.0 3724.0 189.0 3768.0 187.0 3768.0 211.0 harbor 0
3720.0 272.0 3720.0 241.0 3767.0 240.0 3767.0 271.0 harbor 0
3664.0 247.0 3663.0 298.0 3633.0 298.0 3635.0 248.0 harbor 0
3722.0 349.0 3722.0 294.0 3745.0 294.0 3745.0 349.0 harbor 0
3727.0 397.0 3726.0 369.0 3746.0 369.0 3746.0 397.0 harbor 0
3677.0 390.0 3678.0 421.0 3635.0 423.0 3634.0 392.0 harbor 0
3732.0 453.0 3731.0 428.0 3774.0 425.0 3776.0 450.0 harbor 0
3678.0 448.0 3681.0 471.0 3635.0 475.0 3634.0 452.0 harbor 0
3736.0 517.0 3736.0 492.0 3781.0 488.0 3782.0 515.0 harbor 0
3679.0 521.0 3681.0 543.0 3636.0 545.0 3637.0 524.0 harbor 0
3739.0 570.0 3737.0 553.0 3782.0 550.0 3784.0 567.0 harbor 0
3740.0 634.0 3738.0 613.0 3773.0 611.0 3774.0 631.0 harbor 0
3681.0 578.0 3683.0 606.0 3638.0 610.0 3637.0 581.0 harbor 0
3686.0 680.0 3687.0 720.0 3644.0 722.0 3641.0 683.0 harbor 0
3747.0 757.0 3746.0 730.0 3782.0 729.0 3783.0 755.0 harbor 0
3687.0 747.0 3688.0 768.0 3647.0 770.0 3644.0 748.0 harbor 0
3746.0 821.0 3746.0 791.0 3784.0 789.0 3785.0 819.0 harbor 0
3695.0 860.0 3694.0 890.0 3655.0 892.0 3655.0 863.0 harbor 0
3748.0 873.0 3748.0 853.0 3784.0 853.0 3783.0 875.0 harbor 0
3748.0 915.0 3749.0 895.0 3785.0 896.0 3784.0 917.0 harbor 0
3707.0 919.0 3720.0 918.0 3722.0 959.0 3709.0 960.0 harbor 0
3691.0 916.0 3691.0 937.0 3660.0 936.0 3659.0 916.0 harbor 0
85.0 174.0 86.0 182.0 64.0 183.0 62.0 174.0 small-vehicle 0
3685.0 72.0 3678.0 62.0 3717.0 35.0 3725.0 45.0 harbor 0
3619.0 68.0 3595.0 67.0 3595.0 23.0 3620.0 24.0 harbor 0
1033.0 261.0 1031.0 247.0 1072.0 245.0 1073.0 258.0 ship 0
3560.0 73.0 3537.0 73.0 3538.0 20.0 3560.0 22.0 harbor 0
680.0 333.0 679.0 354.0 643.0 354.0 643.0 333.0 harbor 0
770.0 413.0 771.0 386.0 805.0 385.0 805.0 413.0 harbor 0
682.0 436.0 685.0 535.0 651.0 537.0 649.0 439.0 harbor 0
779.0 528.0 778.0 507.0 809.0 505.0 810.0 528.0 harbor 0
780.0 601.0 780.0 551.0 808.0 551.0 808.0 602.0 harbor 0
780.0 659.0 779.0 620.0 811.0 619.0 811.0 660.0 harbor 0
783.0 701.0 782.0 663.0 817.0 659.0 819.0 699.0 harbor 0
687.0 631.0 689.0 656.0 654.0 659.0 653.0 632.0 harbor 0
694.0 672.0 693.0 733.0 654.0 735.0 654.0 675.0 harbor 0
786.0 785.0 786.0 751.0 818.0 749.0 819.0 784.0 harbor 0
694.0 743.0 694.0 772.0 658.0 772.0 658.0 745.0 harbor 0
696.0 814.0 697.0 835.0 657.0 837.0 655.0 815.0 harbor 0
799.0 904.0 786.0 905.0 787.0 824.0 800.0 823.0 harbor 0
701.0 849.0 701.0 896.0 661.0 896.0 662.0 850.0 harbor 0
786.0 954.0 784.0 933.0 821.0 929.0 824.0 952.0 harbor 0
698.0 935.0 700.0 969.0 664.0 972.0 663.0 939.0 harbor 0
785.0 1014.0 784.0 996.0 823.0 995.0 823.0 1014.0 harbor 0
705.0 981.0 704.0 1017.0 665.0 1017.0 667.0 982.0 harbor 0
788.0 1076.0 786.0 1051.0 824.0 1048.0 825.0 1076.0 harbor 0
719.0 1036.0 720.0 1077.0 668.0 1080.0 666.0 1041.0 harbor 0
792.0 1108.0 792.0 1086.0 828.0 1084.0 827.0 1108.0 harbor 0
726.0 1100.0 757.0 1099.0 757.0 1139.0 727.0 1141.0 harbor 0
707.0 1096.0 707.0 1114.0 667.0 1115.0 667.0 1095.0 harbor 0
3443.0 73.0 3420.0 73.0 3420.0 22.0 3440.0 21.0 harbor 0
3500.0 73.0 3474.0 72.0 3475.0 15.0 3500.0 15.0 harbor 0
86.0 253.0 84.0 264.0 66.0 263.0 66.0 253.0 small-vehicle 0
437.0 402.0 439.0 393.0 459.0 396.0 457.0 405.0 small-vehicle 0
900.0 345.0 902.0 338.0 921.0 339.0 922.0 346.0 small-vehicle 0
202.0 106.0 202.0 95.0 236.0 95.0 236.0 103.0 ship 0
1030.0 1003.0 1029.0 1013.0 1011.0 1013.0 1010.0 1005.0 small-vehicle 0
1208.0 1064.0 1221.0 1065.0 1217.0 1092.0 1205.0 1093.0 ship 0
1125.0 898.0 1125.0 885.0 1158.0 882.0 1160.0 898.0 ship 0
1139.0 857.0 1130.0 851.0 1140.0 830.0 1149.0 833.0 ship 0
1365.0 776.0 1367.0 788.0 1346.0 789.0 1344.0 777.0 ship 0
1547.0 830.0 1547.0 822.0 1572.0 821.0 1571.0 831.0 ship 0
1578.0 784.0 1590.0 782.0 1595.0 814.0 1582.0 816.0 ship 0
1624.0 805.0 1624.0 790.0 1658.0 791.0 1659.0 804.0 ship 0
1462.0 685.0 1463.0 673.0 1498.0 674.0 1498.0 685.0 ship 0
1020.0 690.0 1020.0 698.0 1000.0 701.0 998.0 693.0 small-vehicle 0
1366.0 669.0 1366.0 678.0 1342.0 678.0 1340.0 670.0 small-vehicle 0
1340.0 724.0 1339.0 717.0 1359.0 718.0 1358.0 724.0 small-vehicle 0
1350.0 738.0 1349.0 730.0 1367.0 732.0 1367.0 738.0 small-vehicle 0
1766.0 781.0 1765.0 771.0 1793.0 770.0 1794.0 778.0 small-vehicle 0
1793.0 749.0 1795.0 761.0 1762.0 764.0 1760.0 752.0 small-vehicle 0
1421.0 565.0 1421.0 554.0 1444.0 556.0 1443.0 566.0 small-vehicle 0
1787.0 402.0 1790.0 412.0 1766.0 417.0 1763.0 408.0 small-vehicle 0
1116.0 444.0 1116.0 433.0 1145.0 432.0 1144.0 443.0 ship 0
1786.0 645.0 1785.0 657.0 1758.0 659.0 1756.0 647.0 ship 0
1117.0 348.0 1116.0 340.0 1148.0 339.0 1148.0 347.0 ship 0
925.0 530.0 925.0 521.0 946.0 523.0 945.0 532.0 small-vehicle 0
1759.0 362.0 1760.0 351.0 1782.0 353.0 1781.0 362.0 small-vehicle 0
1777.0 244.0 1781.0 237.0 1797.0 240.0 1796.0 248.0 small-vehicle 0
1014.0 311.0 1014.0 317.0 995.0 320.0 994.0 312.0 small-vehicle 0
1018.0 278.0 1018.0 267.0 1062.0 267.0 1059.0 278.0 ship 0
1342.0 1099.0 1341.0 1087.0 1366.0 1089.0 1367.0 1099.0 small-vehicle 0
1472.0 1274.0 1471.0 1267.0 1491.0 1265.0 1494.0 1274.0 small-vehicle 0
1452.0 1215.0 1464.0 1215.0 1463.0 1239.0 1453.0 1240.0 small-vehicle 0
937.0 546.0 937.0 558.0 910.0 556.0 911.0 546.0 ship 0
240.0 37.0 253.0 38.0 253.0 62.0 239.0 64.0 ship 0
629.0 35.0 640.0 35.0 640.0 64.0 630.0 66.0 ship 0
647.0 39.0 660.0 37.0 664.0 76.0 650.0 77.0 ship 0
786.0 70.0 787.0 77.0 752.0 81.0 752.0 71.0 ship 0
237.0 208.0 252.0 206.0 255.0 249.0 240.0 251.0 ship 0
641.0 154.0 639.0 143.0 665.0 140.0 667.0 150.0 ship 0
843.0 43.0 856.0 44.0 858.0 72.0 843.0 74.0 ship 0
822.0 189.0 837.0 187.0 837.0 219.0 822.0 221.0 swimming-pool 0
935.0 208.0 940.0 220.0 910.0 229.0 904.0 216.0 ship 0
774.0 454.0 762.0 457.0 756.0 434.0 767.0 430.0 ship 0
792.0 485.0 779.0 491.0 762.0 458.0 777.0 450.0 ship 0
265.0 737.0 250.0 736.0 248.0 702.0 263.0 702.0 ship 0
1476.0 1247.0 1466.0 1247.0 1467.0 1224.0 1475.0 1224.0 small-vehicle 0
664.0 910.0 662.0 898.0 702.0 897.0 704.0 909.0 ship 0
810.0 812.0 810.0 824.0 776.0 826.0 776.0 815.0 ship 0
809.0 985.0 808.0 995.0 778.0 997.0 777.0 984.0 ship 0
224.0 828.0 225.0 816.0 246.0 819.0 245.0 828.0 ship 0
235.0 1070.0 234.0 1060.0 267.0 1061.0 266.0 1073.0 ship 0
81.0 1070.0 78.0 1064.0 96.0 1056.0 99.0 1064.0 small-vehicle 0
56.0 1115.0 63.0 1110.0 71.0 1127.0 64.0 1132.0 small-vehicle 0
444.0 1158.0 443.0 1148.0 464.0 1148.0 464.0 1156.0 small-vehicle 0
1363.0 1286.0 1363.0 1298.0 1337.0 1300.0 1335.0 1287.0 small-vehicle 0
1561.0 1328.0 1551.0 1330.0 1549.0 1308.0 1560.0 1306.0 small-vehicle 0
1693.0 1322.0 1684.0 1323.0 1680.0 1304.0 1690.0 1302.0 small-vehicle 0
238.0 105.0 238.0 127.0 200.0 130.0 200.0 107.0 harbor 0
