imagesource:GoogleEarth
gsd:0.249529531034
6381.0 1122.0 6391.0 1122.0 6388.0 1145.0 6380.0 1145.0 small-vehicle 1
6935.0 957.0 6979.0 957.0 6980.0 1070.0 6933.0 1070.0 harbor 0
3894.0 892.0 3916.0 892.0 3922.0 1193.0 3896.0 1193.0 harbor 0
3961.0 887.0 3993.0 887.0 3998.0 1180.0 3965.0 1181.0 harbor 0
4042.0 855.0 4092.0 856.0 4093.0 1217.0 4042.0 1216.0 harbor 0
4118.0 848.0 4148.0 848.0 4148.0 1204.0 4117.0 1204.0 harbor 0
4187.0 840.0 4226.0 841.0 4224.0 1193.0 4183.0 1193.0 harbor 0
4331.0 947.0 4348.0 946.0 4351.0 1186.0 4332.0 1186.0 harbor 0
4417.0 696.0 4437.0 696.0 4440.0 1118.0 4415.0 1118.0 harbor 0
4475.0 702.0 4500.0 699.0 4520.0 1118.0 4495.0 1120.0 harbor 0
4524.0 690.0 4556.0 685.0 4603.0 1092.0 4573.0 1097.0 harbor 0
4638.0 675.0 4677.0 668.0 4717.0 1028.0 4680.0 1034.0 harbor 0
4963.0 580.0 4956.0 505.0 5173.0 490.0 5178.0 559.0 harbor 0
5529.0 410.0 5529.0 504.0 5262.0 506.0 5263.0 409.0 harbor 0
5510.0 853.0 5534.0 854.0 5530.0 940.0 5509.0 940.0 harbor 0
5655.0 868.0 5681.0 868.0 5678.0 966.0 5654.0 965.0 harbor 0
5593.0 862.0 5620.0 866.0 5611.0 960.0 5584.0 959.0 harbor 0
5720.0 879.0 5742.0 877.0 5739.0 973.0 5717.0 972.0 harbor 0
5791.0 908.0 5812.0 907.0 5813.0 980.0 5792.0 982.0 harbor 0
5852.0 872.0 5870.0 873.0 5873.0 980.0 5854.0 980.0 harbor 0
5922.0 867.0 5940.0 866.0 5945.0 977.0 5925.0 978.0 harbor 0
5991.0 853.0 6021.0 852.0 6023.0 969.0 5992.0 969.0 harbor 0
6063.0 896.0 6080.0 895.0 6082.0 962.0 6064.0 962.0 harbor 0
6122.0 839.0 6152.0 840.0 6151.0 962.0 6124.0 964.0 harbor 0
6278.0 765.0 6315.0 764.0 6318.0 1034.0 6279.0 1033.0 harbor 0
6381.0 728.0 6417.0 730.0 6412.0 1031.0 6373.0 1030.0 harbor 0
6707.0 788.0 6727.0 788.0 6727.0 875.0 6708.0 874.0 harbor 0
6751.0 815.0 6768.0 815.0 6767.0 953.0 6750.0 953.0 harbor 0
6807.0 853.0 6841.0 853.0 6839.0 953.0 6806.0 954.0 harbor 0
3821.0 922.0 3846.0 922.0 3853.0 1195.0 3824.0 1195.0 harbor 0
3742.0 973.0 3766.0 972.0 3768.0 1193.0 3744.0 1193.0 harbor 0
3660.0 967.0 3720.0 966.0 3720.0 1218.0 3662.0 1217.0 harbor 0
1838.0 642.0 1876.0 650.0 1845.0 820.0 1811.0 813.0 harbor 0
214.0 248.0 223.0 249.0 203.0 548.0 195.0 548.0 harbor 0
454.0 75.0 497.0 72.0 523.0 558.0 479.0 562.0 harbor 0
583.0 46.0 619.0 43.0 649.0 572.0 610.0 579.0 harbor 0
958.0 56.0 1003.0 64.0 913.0 642.0 868.0 632.0 harbor 0
1095.0 90.0 1117.0 93.0 1025.0 654.0 1002.0 650.0 harbor 0
1258.0 153.0 1308.0 176.0 1253.0 292.0 1201.0 267.0 harbor 0
1217.0 279.0 1227.0 280.0 1182.0 688.0 1170.0 686.0 harbor 0
1424.0 408.0 1465.0 427.0 1364.0 715.0 1322.0 699.0 harbor 0
1499.0 460.0 1536.0 474.0 1459.0 748.0 1417.0 732.0 harbor 0
1578.0 535.0 1600.0 539.0 1565.0 768.0 1540.0 766.0 harbor 0
1667.0 595.0 1689.0 602.0 1645.0 799.0 1625.0 792.0 harbor 0
1726.0 618.0 1788.0 635.0 1744.0 810.0 1678.0 789.0 harbor 0
1976.0 748.0 2029.0 768.0 1958.0 935.0 1908.0 911.0 harbor 0
3489.0 1008.0 3539.0 1008.0 3533.0 1223.0 3484.0 1222.0 harbor 0
2069.0 789.0 2095.0 802.0 2035.0 951.0 2010.0 937.0 harbor 0
2317.0 859.0 2333.0 860.0 2313.0 1020.0 2298.0 1018.0 harbor 0
2566.0 868.0 2579.0 874.0 2544.0 1028.0 2530.0 1022.0 harbor 0
2639.0 879.0 2684.0 891.0 2645.0 1048.0 2600.0 1035.0 harbor 0
2723.0 875.0 2750.0 879.0 2718.0 1057.0 2688.0 1052.0 harbor 0
2788.0 921.0 2831.0 934.0 2790.0 1090.0 2746.0 1077.0 harbor 0
2989.0 962.0 3040.0 983.0 2980.0 1175.0 2924.0 1150.0 harbor 0
3088.0 980.0 3124.0 992.0 3071.0 1191.0 3033.0 1175.0 harbor 0
3190.0 1022.0 3201.0 1022.0 3219.0 1200.0 3204.0 1201.0 harbor 0
3238.0 1014.0 3254.0 1014.0 3256.0 1219.0 3241.0 1219.0 harbor 0
3309.0 1041.0 3331.0 1040.0 3334.0 1214.0 3312.0 1214.0 harbor 0
3379.0 1029.0 3402.0 1027.0 3405.0 1214.0 3385.0 1214.0 harbor 0
6872.0 932.0 6896.0 932.0 6894.0 1028.0 6869.0 1026.0 harbor 0
7016.0 994.0 7040.0 997.0 7024.0 1121.0 7000.0 1118.0 harbor 0
6372.0 1122.0 6379.0 1125.0 6374.0 1143.0 6366.0 1141.0 small-vehicle 1
7094.0 1050.0 7113.0 1052.0 7108.0 1157.0 7088.0 1158.0 harbor 0
5212.0 898.0 5203.0 900.0 5203.0 880.0 5211.0 880.0 small-vehicle 0
5262.0 1168.0 5254.0 1166.0 5253.0 1142.0 5261.0 1143.0 small-vehicle 0
5322.0 937.0 5330.0 947.0 5313.0 963.0 5304.0 953.0 small-vehicle 0
5264.0 880.0 5272.0 874.0 5289.0 892.0 5281.0 900.0 small-vehicle 0
5263.0 868.0 5268.0 861.0 5282.0 875.0 5278.0 881.0 small-vehicle 0
5263.0 821.0 5267.0 814.0 5285.0 830.0 5279.0 835.0 small-vehicle 0
5269.0 812.0 5276.0 805.0 5286.0 824.0 5282.0 824.0 small-vehicle 0
5549.0 1141.0 5536.0 1141.0 5535.0 1109.0 5550.0 1110.0 ship 0
5136.0 574.0 5135.0 563.0 5163.0 561.0 5163.0 571.0 ship 0
5143.0 553.0 5143.0 542.0 5174.0 541.0 5173.0 551.0 ship 0
5138.0 483.0 5141.0 493.0 5119.0 497.0 5117.0 486.0 ship 0
5264.0 488.0 5254.0 487.0 5251.0 464.0 5262.0 463.0 ship 0
5583.0 449.0 5576.0 456.0 5558.0 441.0 5566.0 432.0 ship 0
5174.0 698.0 5174.0 691.0 5192.0 691.0 5192.0 699.0 small-vehicle 0
5175.0 709.0 5175.0 701.0 5196.0 703.0 5195.0 711.0 small-vehicle 0
5177.0 724.0 5177.0 715.0 5201.0 719.0 5198.0 727.0 small-vehicle 0
5952.0 893.0 5940.0 891.0 5944.0 865.0 5955.0 867.0 ship 0
5877.0 1144.0 5865.0 1143.0 5866.0 1120.0 5877.0 1120.0 small-vehicle 0
5919.0 1137.0 5929.0 1137.0 5928.0 1155.0 5919.0 1155.0 small-vehicle 0
6026.0 1151.0 6015.0 1151.0 6015.0 1131.0 6024.0 1130.0 small-vehicle 0
6151.0 1120.0 6162.0 1119.0 6161.0 1141.0 6152.0 1140.0 small-vehicle 0
6149.0 1214.0 6140.0 1213.0 6142.0 1192.0 6151.0 1192.0 small-vehicle 0
6242.0 1262.0 6235.0 1261.0 6235.0 1242.0 6243.0 1242.0 small-vehicle 0
7050.0 1022.0 7037.0 1021.0 7041.0 986.0 7054.0 989.0 ship 0
844.0 1164.0 836.0 1164.0 840.0 1133.0 849.0 1135.0 small-vehicle 1
762.0 1197.0 764.0 1187.0 784.0 1190.0 782.0 1199.0 small-vehicle 1
851.0 1132.0 840.0 1130.0 846.0 1101.0 857.0 1103.0 ship 0
5220.0 1003.0 5210.0 1003.0 5210.0 979.0 5220.0 980.0 small-vehicle 0
5139.0 986.0 5131.0 978.0 5142.0 965.0 5151.0 972.0 small-vehicle 0
3708.0 998.0 3694.0 998.0 3695.0 971.0 3707.0 971.0 ship 0
547.0 629.0 550.0 613.0 584.0 619.0 584.0 635.0 swimming-pool 0
7133.0 1074.0 7162.0 1080.0 7145.0 1177.0 7118.0 1172.0 harbor 0
7234.0 1116.0 7272.0 1117.0 7268.0 1207.0 7228.0 1203.0 harbor 0
7333.0 1148.0 7368.0 1145.0 7370.0 1204.0 7333.0 1206.0 harbor 0
7423.0 1146.0 7446.0 1147.0 7449.0 1207.0 7426.0 1207.0 harbor 0
7694.0 1051.0 7714.0 1048.0 7737.0 1229.0 7719.0 1231.0 harbor 0
7901.0 1024.0 7936.0 1018.0 7955.0 1146.0 7922.0 1153.0 harbor 0
7972.0 1017.0 7995.0 1014.0 8010.0 1129.0 7990.0 1132.0 harbor 0
3288.0 978.0 3288.0 958.0 3347.0 959.0 3346.0 979.0 ship 0
5072.0 512.0 5092.0 509.0 5098.0 555.0 5082.0 559.0 ship 0
4982.0 558.0 4969.0 559.0 4966.0 525.0 4980.0 523.0 ship 0
7171.0 1120.0 7153.0 1118.0 7160.0 1073.0 7179.0 1075.0 ship 0
486.0 612.0 514.0 616.0 513.0 634.0 484.0 629.0 swimming-pool 0
605.0 635.0 606.0 616.0 647.0 621.0 645.0 640.0 swimming-pool 0
2667.0 1227.0 2659.0 1225.0 2663.0 1202.0 2672.0 1204.0 small-vehicle 0
638.0 768.0 644.0 723.0 693.0 737.0 687.0 777.0 swimming-pool 0
181.0 1225.0 192.0 1211.0 225.0 1232.0 215.0 1247.0 swimming-pool 0
1245.0 1187.0 1247.0 1179.0 1267.0 1187.0 1265.0 1195.0 small-vehicle 0
1283.0 1193.0 1274.0 1191.0 1276.0 1168.0 1283.0 1169.0 small-vehicle 0
1308.0 1190.0 1317.0 1198.0 1300.0 1215.0 1294.0 1207.0 small-vehicle 0
1439.0 421.0 1443.0 409.0 1470.0 418.0 1467.0 427.0 ship 0
1965.0 768.0 1955.0 764.0 1967.0 742.0 1976.0 746.0 ship 0
2071.0 816.0 2061.0 812.0 2071.0 787.0 2081.0 791.0 ship 0
1909.0 1257.0 1909.0 1246.0 1928.0 1248.0 1928.0 1256.0 small-vehicle 0
2460.0 1175.0 2468.0 1178.0 2465.0 1195.0 2456.0 1193.0 small-vehicle 0
2476.0 1176.0 2483.0 1179.0 2473.0 1202.0 2465.0 1197.0 small-vehicle 0
2453.0 1196.0 2462.0 1197.0 2459.0 1220.0 2449.0 1219.0 small-vehicle 0
160.0 223.0 222.0 188.0 244.0 237.0 181.0 270.0 harbor 0
