imagesource:GoogleEarth
gsd:0.25073850338
5648.0 1137.0 5640.0 1136.0 5644.0 1120.0 5652.0 1120.0 small-vehicle 0
4147.0 1337.0 4108.0 1338.0 4117.0 1269.0 4152.0 1272.0 harbor 1
3047.0 1088.0 3031.0 1058.0 3075.0 1038.0 3088.0 1068.0 harbor 0
3330.0 1255.0 3300.0 1250.0 3320.0 1156.0 3348.0 1163.0 harbor 0
3463.0 1283.0 3442.0 1282.0 3454.0 1209.0 3476.0 1212.0 harbor 0
3551.0 1284.0 3529.0 1278.0 3548.0 1201.0 3569.0 1206.0 harbor 0
3629.0 1293.0 3607.0 1288.0 3625.0 1201.0 3646.0 1204.0 harbor 0
3685.0 1296.0 3663.0 1294.0 3668.0 1250.0 3689.0 1252.0 harbor 0
3993.0 1331.0 3970.0 1328.0 3977.0 1257.0 4001.0 1258.0 harbor 0
178.0 37.0 180.0 29.0 197.0 37.0 194.0 44.0 small-vehicle 0
1898.0 299.0 1894.0 308.0 1855.0 299.0 1859.0 287.0 ship 0
126.0 204.0 128.0 197.0 149.0 208.0 146.0 215.0 small-vehicle 0
465.0 420.0 461.0 429.0 433.0 415.0 438.0 408.0 small-vehicle 0
292.0 554.0 307.0 556.0 297.0 597.0 283.0 594.0 ship 0
311.0 567.0 324.0 569.0 317.0 596.0 304.0 594.0 ship 0
739.0 574.0 753.0 576.0 749.0 607.0 733.0 606.0 ship 0
1501.0 401.0 1508.0 392.0 1539.0 415.0 1530.0 424.0 ship 0
1386.0 583.0 1393.0 575.0 1412.0 592.0 1405.0 598.0 ship 0
2922.0 884.0 2894.0 861.0 2932.0 820.0 2958.0 841.0 harbor 0
2856.0 780.0 2836.0 752.0 2868.0 731.0 2889.0 759.0 harbor 0
2799.0 698.0 2787.0 682.0 2818.0 658.0 2830.0 674.0 harbor 0
2532.0 483.0 2540.0 473.0 2572.0 494.0 2564.0 505.0 harbor 0
304.0 600.0 241.0 589.0 253.0 506.0 314.0 518.0 harbor 0
508.0 610.0 488.0 614.0 477.0 559.0 500.0 554.0 harbor 0
751.0 599.0 716.0 593.0 725.0 539.0 761.0 547.0 harbor 0
939.0 625.0 917.0 622.0 926.0 567.0 946.0 569.0 harbor 0
1103.0 671.0 1037.0 661.0 1045.0 610.0 1110.0 622.0 harbor 0
1455.0 543.0 1413.0 592.0 1378.0 558.0 1419.0 510.0 harbor 0
1557.0 398.0 1542.0 415.0 1507.0 383.0 1523.0 364.0 harbor 0
1632.0 309.0 1608.0 341.0 1571.0 308.0 1595.0 278.0 harbor 0
1757.0 271.0 1719.0 262.0 1729.0 205.0 1767.0 213.0 harbor 0
1834.0 285.0 1793.0 274.0 1803.0 222.0 1847.0 233.0 harbor 0
1899.0 298.0 1862.0 288.0 1876.0 237.0 1911.0 244.0 harbor 0
1974.0 303.0 1936.0 295.0 1949.0 226.0 1988.0 233.0 harbor 0
2251.0 360.0 2223.0 349.0 2238.0 310.0 2266.0 320.0 harbor 0
2341.0 390.0 2318.0 382.0 2333.0 336.0 2357.0 342.0 harbor 0
2494.0 469.0 2447.0 435.0 2468.0 400.0 2519.0 428.0 harbor 0
1433.0 565.0 1439.0 574.0 1424.0 589.0 1416.0 579.0 ship 0
1942.0 268.0 1955.0 272.0 1949.0 302.0 1936.0 300.0 ship 0
4932.0 990.0 4931.0 1000.0 4913.0 999.0 4912.0 987.0 small-vehicle 0
4692.0 1050.0 4707.0 1056.0 4696.0 1092.0 4680.0 1086.0 swimming-pool 0
4135.0 627.0 4139.0 618.0 4157.0 625.0 4154.0 634.0 small-vehicle 0
4700.0 136.0 4701.0 143.0 4677.0 143.0 4679.0 135.0 small-vehicle 0
4344.0 211.0 4342.0 219.0 4318.0 212.0 4321.0 205.0 small-vehicle 0
4488.0 1274.0 4488.0 1264.0 4512.0 1271.0 4510.0 1280.0 small-vehicle 0
4743.0 1038.0 4746.0 1028.0 4767.0 1037.0 4764.0 1044.0 small-vehicle 0
4744.0 1054.0 4746.0 1045.0 4767.0 1052.0 4764.0 1060.0 small-vehicle 0
5060.0 1092.0 5052.0 1088.0 5059.0 1065.0 5068.0 1067.0 small-vehicle 0
4515.0 1175.0 4519.0 1149.0 4572.0 1160.0 4565.0 1187.0 swimming-pool 0
1836.0 27.0 1844.0 29.0 1840.0 56.0 1831.0 53.0 small-vehicle 0
5023.0 162.0 5023.0 154.0 5043.0 156.0 5043.0 164.0 small-vehicle 0
5256.0 185.0 5257.0 175.0 5277.0 179.0 5277.0 187.0 small-vehicle 0
5282.0 127.0 5292.0 129.0 5289.0 148.0 5279.0 147.0 small-vehicle 0
5285.0 105.0 5294.0 107.0 5292.0 126.0 5283.0 125.0 small-vehicle 0
5301.0 104.0 5308.0 105.0 5305.0 122.0 5297.0 122.0 small-vehicle 0
5297.0 125.0 5304.0 126.0 5300.0 146.0 5293.0 144.0 small-vehicle 0
5444.0 926.0 5452.0 929.0 5449.0 947.0 5441.0 945.0 small-vehicle 0
4157.0 735.0 4155.0 743.0 4133.0 738.0 4136.0 730.0 small-vehicle 0
4136.0 754.0 4138.0 743.0 4159.0 745.0 4158.0 755.0 small-vehicle 0
3998.0 1299.0 4011.0 1300.0 4009.0 1331.0 3996.0 1333.0 ship 0
3470.0 1260.0 3482.0 1263.0 3476.0 1285.0 3464.0 1281.0 ship 0
2488.0 29.0 2489.0 19.0 2510.0 25.0 2510.0 33.0 small-vehicle 0
2518.0 33.0 2520.0 24.0 2545.0 30.0 2542.0 40.0 small-vehicle 0
2403.0 52.0 2405.0 43.0 2427.0 51.0 2424.0 60.0 small-vehicle 0
2459.0 383.0 2466.0 374.0 2487.0 392.0 2480.0 398.0 small-vehicle 0
2258.0 338.0 2269.0 341.0 2260.0 363.0 2251.0 358.0 ship 0
2316.0 341.0 2330.0 347.0 2317.0 389.0 2300.0 384.0 ship 0
2592.0 86.0 2619.0 94.0 2608.0 138.0 2582.0 131.0 swimming-pool 0
2796.0 657.0 2803.0 669.0 2782.0 681.0 2775.0 670.0 ship 0
2908.0 822.0 2915.0 830.0 2898.0 847.0 2892.0 842.0 ship 0
3839.0 81.0 3830.0 79.0 3836.0 57.0 3844.0 59.0 small-vehicle 0
3829.0 80.0 3839.0 82.0 3834.0 100.0 3824.0 100.0 small-vehicle 0
3817.0 296.0 3817.0 288.0 3836.0 296.0 3833.0 302.0 small-vehicle 0
3814.0 308.0 3816.0 299.0 3832.0 304.0 3830.0 312.0 small-vehicle 0
3855.0 394.0 3864.0 396.0 3859.0 418.0 3850.0 417.0 small-vehicle 0
3879.0 452.0 3889.0 455.0 3884.0 483.0 3873.0 479.0 ship 0
168.0 571.0 151.0 568.0 162.0 501.0 177.0 504.0 harbor 0
