imagesource:GoogleEarth
gsd:0.268085966788
1754.0 1775.0 1763.0 1775.0 1762.0 1799.0 1754.0 1800.0 small-vehicle 1
1044.0 1390.0 1043.0 1375.0 1063.0 1375.0 1062.0 1391.0 harbor 0
1036.0 951.0 1035.0 911.0 1061.0 911.0 1062.0 949.0 harbor 0
1038.0 1021.0 1036.0 985.0 1061.0 985.0 1060.0 1021.0 harbor 0
1000.0 1058.0 998.0 1091.0 972.0 1090.0 975.0 1056.0 harbor 0
998.0 1109.0 1000.0 1144.0 974.0 1147.0 973.0 1108.0 harbor 0
1041.0 1227.0 1040.0 1193.0 1073.0 1193.0 1074.0 1228.0 harbor 0
1044.0 1286.0 1043.0 1266.0 1066.0 1265.0 1067.0 1286.0 harbor 0
1002.0 1292.0 1003.0 1314.0 980.0 1316.0 979.0 1293.0 harbor 0
1048.0 1342.0 1047.0 1323.0 1074.0 1322.0 1074.0 1341.0 harbor 0
1004.0 1408.0 1004.0 1437.0 978.0 1438.0 977.0 1408.0 harbor 0
1036.0 1763.0 1056.0 1762.0 1057.0 1786.0 1038.0 1788.0 harbor 0
1043.0 1470.0 1044.0 1436.0 1062.0 1436.0 1063.0 1470.0 harbor 0
1006.0 1468.0 1007.0 1487.0 983.0 1489.0 982.0 1468.0 harbor 0
1048.0 1518.0 1048.0 1503.0 1072.0 1501.0 1071.0 1517.0 harbor 0
1050.0 1577.0 1047.0 1540.0 1074.0 1540.0 1075.0 1574.0 harbor 0
1009.0 1580.0 1009.0 1614.0 989.0 1613.0 988.0 1581.0 harbor 0
1050.0 1627.0 1047.0 1590.0 1085.0 1590.0 1087.0 1627.0 harbor 0
1051.0 1680.0 1052.0 1661.0 1075.0 1661.0 1075.0 1681.0 harbor 0
1007.0 1700.0 1007.0 1715.0 982.0 1715.0 983.0 1700.0 harbor 0
998.0 957.0 985.0 957.0 985.0 917.0 998.0 917.0 harbor 0
1000.0 819.0 999.0 845.0 975.0 844.0 976.0 820.0 harbor 0
1040.0 830.0 1039.0 813.0 1056.0 813.0 1055.0 830.0 harbor 0
996.0 785.0 995.0 808.0 972.0 807.0 974.0 784.0 harbor 0
668.0 1780.0 666.0 1746.0 703.0 1743.0 706.0 1779.0 harbor 0
646.0 1771.0 659.0 1772.0 659.0 1804.0 647.0 1804.0 harbor 0
618.0 1772.0 629.0 1772.0 632.0 1806.0 622.0 1807.0 harbor 0
603.0 1780.0 607.0 1794.0 567.0 1803.0 563.0 1790.0 harbor 0
789.0 266.0 770.0 268.0 767.0 227.0 787.0 225.0 harbor 0
842.0 260.0 817.0 262.0 813.0 222.0 839.0 220.0 harbor 0
903.0 256.0 878.0 257.0 875.0 217.0 900.0 216.0 harbor 0
1024.0 441.0 1023.0 418.0 1060.0 418.0 1060.0 442.0 harbor 0
1030.0 488.0 1029.0 464.0 1066.0 463.0 1067.0 487.0 harbor 0
996.0 494.0 996.0 529.0 967.0 530.0 965.0 493.0 harbor 0
1030.0 561.0 1029.0 537.0 1066.0 536.0 1067.0 560.0 harbor 0
999.0 560.0 999.0 576.0 971.0 577.0 970.0 560.0 harbor 0
996.0 612.0 997.0 632.0 960.0 631.0 960.0 612.0 harbor 0
1031.0 643.0 1031.0 627.0 1065.0 626.0 1065.0 643.0 harbor 0
996.0 668.0 997.0 689.0 974.0 691.0 974.0 670.0 harbor 0
1033.0 717.0 1033.0 698.0 1067.0 698.0 1067.0 718.0 harbor 0
1037.0 775.0 1038.0 752.0 1058.0 752.0 1059.0 776.0 harbor 0
1056.0 1737.0 1056.0 1717.0 1089.0 1718.0 1088.0 1738.0 harbor 0
1007.0 1740.0 1018.0 1741.0 1017.0 1771.0 1007.0 1770.0 harbor 0
649.0 1666.0 649.0 1652.0 689.0 1649.0 690.0 1664.0 harbor 0
1437.0 1188.0 1435.0 1152.0 1466.0 1152.0 1466.0 1189.0 harbor 0
1426.0 850.0 1427.0 828.0 1456.0 830.0 1455.0 852.0 harbor 0
1384.0 922.0 1383.0 939.0 1360.0 940.0 1359.0 923.0 harbor 0
1385.0 964.0 1386.0 992.0 1363.0 992.0 1363.0 964.0 harbor 0
1429.0 1026.0 1429.0 1001.0 1460.0 999.0 1459.0 1026.0 harbor 0
1388.0 1036.0 1388.0 1050.0 1364.0 1050.0 1364.0 1035.0 harbor 0
1430.0 1073.0 1430.0 1054.0 1460.0 1053.0 1460.0 1073.0 harbor 0
1385.0 1085.0 1386.0 1120.0 1361.0 1120.0 1360.0 1086.0 harbor 0
1434.0 1132.0 1433.0 1111.0 1461.0 1110.0 1462.0 1132.0 harbor 0
1438.0 1245.0 1437.0 1225.0 1465.0 1225.0 1465.0 1245.0 harbor 0
999.0 1740.0 1000.0 1759.0 979.0 1760.0 978.0 1741.0 harbor 0
1623.0 157.0 1610.0 159.0 1606.0 128.0 1620.0 125.0 harbor 0
1690.0 148.0 1670.0 152.0 1666.0 117.0 1685.0 115.0 harbor 0
1741.0 146.0 1722.0 147.0 1720.0 109.0 1739.0 108.0 harbor 0
1784.0 139.0 1765.0 140.0 1762.0 105.0 1783.0 104.0 harbor 0
1803.0 159.0 1792.0 143.0 1814.0 126.0 1827.0 142.0 harbor 0
1803.0 195.0 1801.0 176.0 1832.0 173.0 1833.0 191.0 harbor 0
1775.0 254.0 1776.0 272.0 1749.0 273.0 1748.0 256.0 harbor 0
1800.0 297.0 1800.0 270.0 1840.0 270.0 1842.0 298.0 harbor 0
1384.0 800.0 1385.0 820.0 1361.0 820.0 1362.0 801.0 harbor 0
1421.0 789.0 1421.0 770.0 1455.0 769.0 1454.0 788.0 harbor 0
1383.0 728.0 1383.0 763.0 1359.0 765.0 1358.0 729.0 harbor 0
1382.0 692.0 1382.0 717.0 1352.0 718.0 1352.0 693.0 harbor 0
1111.0 231.0 1085.0 235.0 1080.0 208.0 1105.0 204.0 harbor 0
1252.0 206.0 1221.0 209.0 1215.0 179.0 1249.0 176.0 harbor 0
1295.0 183.0 1296.0 204.0 1259.0 206.0 1257.0 186.0 harbor 0
1351.0 195.0 1331.0 198.0 1325.0 169.0 1346.0 165.0 harbor 0
1476.0 181.0 1438.0 186.0 1434.0 154.0 1471.0 150.0 harbor 0
1573.0 166.0 1553.0 168.0 1551.0 136.0 1571.0 134.0 harbor 0
1366.0 272.0 1378.0 271.0 1377.0 299.0 1366.0 299.0 harbor 0
1409.0 337.0 1408.0 314.0 1427.0 315.0 1427.0 337.0 harbor 0
1408.0 390.0 1408.0 371.0 1427.0 371.0 1426.0 391.0 harbor 0
1413.0 442.0 1412.0 420.0 1440.0 418.0 1441.0 442.0 harbor 0
1368.0 446.0 1369.0 468.0 1348.0 468.0 1349.0 446.0 harbor 0
1416.0 504.0 1416.0 486.0 1443.0 486.0 1443.0 504.0 harbor 0
1383.0 516.0 1383.0 536.0 1355.0 536.0 1354.0 516.0 harbor 0
1416.0 558.0 1416.0 540.0 1444.0 538.0 1444.0 558.0 harbor 0
1380.0 576.0 1380.0 597.0 1348.0 596.0 1347.0 575.0 harbor 0
1416.0 678.0 1415.0 654.0 1451.0 652.0 1451.0 677.0 harbor 0
1419.0 732.0 1419.0 713.0 1454.0 713.0 1453.0 733.0 harbor 0
666.0 1724.0 664.0 1706.0 698.0 1704.0 698.0 1724.0 harbor 0
616.0 1624.0 616.0 1639.0 575.0 1639.0 575.0 1622.0 harbor 0
1741.0 1785.0 1752.0 1783.0 1753.0 1808.0 1743.0 1809.0 small-vehicle 1
265.0 1423.0 264.0 1403.0 288.0 1402.0 288.0 1422.0 harbor 0
224.0 1155.0 223.0 1175.0 209.0 1176.0 209.0 1156.0 harbor 0
265.0 1187.0 265.0 1170.0 286.0 1170.0 285.0 1186.0 harbor 0
226.0 1209.0 225.0 1228.0 199.0 1229.0 200.0 1210.0 harbor 0
268.0 1251.0 269.0 1231.0 305.0 1232.0 303.0 1252.0 harbor 0
225.0 1263.0 226.0 1283.0 198.0 1283.0 197.0 1264.0 harbor 0
269.0 1288.0 269.0 1307.0 307.0 1307.0 306.0 1288.0 harbor 0
231.0 1327.0 230.0 1346.0 196.0 1346.0 197.0 1326.0 harbor 0
229.0 1380.0 229.0 1398.0 194.0 1399.0 194.0 1378.0 harbor 0
229.0 1492.0 229.0 1512.0 181.0 1511.0 182.0 1491.0 harbor 0
254.0 1840.0 273.0 1838.0 274.0 1864.0 256.0 1865.0 harbor 0
266.0 1530.0 266.0 1509.0 282.0 1509.0 282.0 1531.0 harbor 0
228.0 1549.0 228.0 1564.0 191.0 1564.0 191.0 1550.0 harbor 0
266.0 1650.0 265.0 1630.0 286.0 1629.0 286.0 1648.0 harbor 0
236.0 1657.0 237.0 1685.0 200.0 1688.0 200.0 1658.0 harbor 0
270.0 1709.0 270.0 1690.0 296.0 1689.0 296.0 1709.0 harbor 0
270.0 1761.0 270.0 1743.0 295.0 1743.0 294.0 1762.0 harbor 0
280.0 1817.0 281.0 1797.0 323.0 1798.0 323.0 1818.0 harbor 0
225.0 1813.0 225.0 1829.0 195.0 1831.0 195.0 1814.0 harbor 0
263.0 1078.0 263.0 1058.0 282.0 1059.0 281.0 1079.0 harbor 0
266.0 1135.0 265.0 1118.0 288.0 1117.0 287.0 1136.0 harbor 0
263.0 1022.0 262.0 1000.0 292.0 1001.0 292.0 1022.0 harbor 0
229.0 975.0 230.0 996.0 186.0 998.0 186.0 978.0 harbor 0
276.0 311.0 252.0 313.0 248.0 290.0 274.0 287.0 harbor 0
227.0 347.0 228.0 373.0 178.0 376.0 177.0 348.0 harbor 0
228.0 408.0 229.0 428.0 187.0 428.0 187.0 409.0 harbor 0
230.0 464.0 230.0 486.0 190.0 486.0 191.0 465.0 harbor 0
341.0 357.0 362.0 357.0 361.0 380.0 342.0 380.0 harbor 0
232.0 537.0 232.0 558.0 192.0 558.0 192.0 539.0 harbor 0
227.0 638.0 227.0 655.0 185.0 655.0 186.0 638.0 harbor 0
260.0 677.0 262.0 661.0 284.0 662.0 283.0 678.0 harbor 0
224.0 694.0 224.0 715.0 183.0 714.0 183.0 692.0 harbor 0
259.0 740.0 259.0 723.0 295.0 723.0 295.0 741.0 harbor 0
225.0 749.0 224.0 770.0 184.0 769.0 184.0 749.0 harbor 0
259.0 792.0 260.0 772.0 296.0 772.0 294.0 795.0 harbor 0
230.0 806.0 230.0 825.0 184.0 825.0 186.0 806.0 harbor 0
262.0 854.0 262.0 829.0 301.0 829.0 301.0 853.0 harbor 0
226.0 844.0 225.0 866.0 195.0 865.0 195.0 845.0 harbor 0
227.0 922.0 227.0 942.0 209.0 942.0 210.0 922.0 harbor 0
261.0 966.0 260.0 943.0 303.0 943.0 302.0 966.0 harbor 0
229.0 1842.0 248.0 1840.0 250.0 1870.0 232.0 1871.0 harbor 0
325.0 316.0 305.0 317.0 304.0 270.0 323.0 269.0 harbor 0
657.0 1609.0 656.0 1593.0 694.0 1591.0 694.0 1608.0 harbor 0
610.0 1170.0 611.0 1190.0 589.0 1191.0 588.0 1171.0 harbor 0
650.0 927.0 651.0 908.0 690.0 907.0 690.0 929.0 harbor 0
619.0 940.0 618.0 959.0 596.0 957.0 597.0 937.0 harbor 0
616.0 991.0 617.0 1018.0 578.0 1019.0 578.0 992.0 harbor 0
644.0 1055.0 644.0 1016.0 689.0 1014.0 687.0 1056.0 harbor 0
644.0 1093.0 644.0 1075.0 692.0 1074.0 691.0 1094.0 harbor 0
618.0 1110.0 617.0 1128.0 588.0 1127.0 588.0 1109.0 harbor 0
645.0 1155.0 646.0 1132.0 691.0 1132.0 691.0 1157.0 harbor 0
646.0 1214.0 645.0 1195.0 688.0 1194.0 689.0 1214.0 harbor 0
615.0 1222.0 615.0 1242.0 591.0 1243.0 589.0 1224.0 harbor 0
393.0 306.0 373.0 309.0 370.0 275.0 391.0 272.0 harbor 0
648.0 1270.0 647.0 1250.0 668.0 1250.0 668.0 1270.0 harbor 0
614.0 1278.0 613.0 1311.0 587.0 1311.0 588.0 1278.0 harbor 0
648.0 1381.0 647.0 1347.0 685.0 1345.0 685.0 1383.0 harbor 0
616.0 1335.0 617.0 1359.0 599.0 1359.0 598.0 1337.0 harbor 0
616.0 1392.0 615.0 1416.0 596.0 1417.0 596.0 1391.0 harbor 0
647.0 1505.0 647.0 1475.0 692.0 1476.0 693.0 1508.0 harbor 0
617.0 1495.0 618.0 1526.0 574.0 1525.0 574.0 1496.0 harbor 0
648.0 1554.0 649.0 1534.0 688.0 1534.0 689.0 1554.0 harbor 0
614.0 884.0 616.0 903.0 577.0 906.0 575.0 885.0 harbor 0
644.0 873.0 643.0 848.0 688.0 846.0 688.0 870.0 harbor 0
617.0 821.0 619.0 860.0 577.0 862.0 574.0 821.0 harbor 0
649.0 819.0 648.0 795.0 685.0 795.0 685.0 820.0 harbor 0
502.0 299.0 483.0 299.0 479.0 260.0 499.0 257.0 harbor 0
562.0 293.0 537.0 296.0 528.0 246.0 554.0 241.0 harbor 0
674.0 279.0 636.0 282.0 632.0 234.0 671.0 231.0 harbor 0
724.0 264.0 707.0 267.0 701.0 227.0 718.0 224.0 harbor 0
607.0 413.0 607.0 433.0 573.0 433.0 573.0 413.0 harbor 0
711.0 317.0 728.0 316.0 729.0 342.0 712.0 342.0 harbor 0
643.0 467.0 643.0 448.0 678.0 447.0 678.0 467.0 harbor 0
610.0 478.0 610.0 500.0 570.0 502.0 570.0 478.0 harbor 0
643.0 538.0 642.0 522.0 675.0 520.0 675.0 538.0 harbor 0
612.0 543.0 611.0 564.0 572.0 564.0 572.0 544.0 harbor 0
647.0 586.0 648.0 568.0 680.0 566.0 680.0 585.0 harbor 0
617.0 594.0 616.0 620.0 576.0 619.0 577.0 594.0 harbor 0
648.0 648.0 649.0 624.0 682.0 624.0 682.0 646.0 harbor 0
650.0 701.0 651.0 681.0 683.0 680.0 682.0 701.0 harbor 0
614.0 654.0 613.0 673.0 587.0 672.0 587.0 654.0 harbor 0
652.0 763.0 652.0 733.0 684.0 731.0 686.0 761.0 harbor 0
616.0 765.0 617.0 788.0 587.0 790.0 586.0 768.0 harbor 0
1768.0 308.0 1768.0 328.0 1748.0 328.0 1749.0 308.0 harbor 0
1803.0 352.0 1804.0 333.0 1822.0 333.0 1820.0 353.0 harbor 0
1770.0 367.0 1771.0 387.0 1744.0 388.0 1744.0 369.0 harbor 0
1616.0 820.0 1617.0 811.0 1633.0 811.0 1635.0 819.0 small-vehicle 0
1631.0 880.0 1631.0 869.0 1659.0 872.0 1658.0 881.0 ship 0
1449.0 907.0 1449.0 916.0 1425.0 916.0 1425.0 905.0 ship 0
1030.0 806.0 1041.0 810.0 1036.0 834.0 1024.0 831.0 ship 0
1157.0 732.0 1157.0 740.0 1130.0 739.0 1130.0 729.0 ship 0
1355.0 830.0 1354.0 820.0 1384.0 821.0 1383.0 831.0 ship 0
1161.0 800.0 1164.0 790.0 1181.0 795.0 1179.0 803.0 small-vehicle 0
1155.0 826.0 1155.0 817.0 1171.0 818.0 1171.0 825.0 small-vehicle 0
1638.0 822.0 1640.0 832.0 1621.0 836.0 1617.0 828.0 small-vehicle 0
1605.0 749.0 1613.0 750.0 1611.0 768.0 1603.0 768.0 small-vehicle 0
1403.0 529.0 1417.0 529.0 1421.0 561.0 1405.0 560.0 ship 0
1184.0 620.0 1183.0 629.0 1161.0 629.0 1159.0 620.0 small-vehicle 0
1168.0 637.0 1169.0 643.0 1152.0 644.0 1153.0 638.0 small-vehicle 0
1260.0 450.0 1261.0 459.0 1241.0 461.0 1239.0 453.0 small-vehicle 0
1554.0 507.0 1544.0 507.0 1545.0 486.0 1554.0 485.0 small-vehicle 0
1581.0 470.0 1581.0 481.0 1558.0 481.0 1558.0 471.0 small-vehicle 0
1592.0 549.0 1601.0 549.0 1600.0 568.0 1591.0 567.0 small-vehicle 0
1003.0 393.0 1011.0 392.0 1011.0 413.0 1003.0 413.0 ship 0
1139.0 371.0 1139.0 361.0 1165.0 362.0 1165.0 373.0 ship 0
1454.0 986.0 1451.0 998.0 1425.0 1001.0 1424.0 988.0 ship 0
1454.0 1072.0 1454.0 1084.0 1430.0 1085.0 1428.0 1075.0 ship 0
1460.0 1131.0 1460.0 1143.0 1427.0 1142.0 1427.0 1133.0 ship 0
1140.0 1168.0 1142.0 1158.0 1168.0 1166.0 1165.0 1177.0 ship 0
641.0 1225.0 642.0 1215.0 667.0 1217.0 664.0 1226.0 ship 0
586.0 1278.0 587.0 1267.0 614.0 1269.0 615.0 1279.0 ship 0
264.0 1425.0 252.0 1423.0 255.0 1400.0 267.0 1400.0 ship 0
257.0 1507.0 267.0 1508.0 264.0 1527.0 256.0 1527.0 ship 0
634.0 1480.0 647.0 1480.0 647.0 1510.0 635.0 1509.0 ship 0
490.0 1498.0 489.0 1505.0 472.0 1506.0 471.0 1499.0 small-vehicle 0
490.0 1511.0 489.0 1518.0 468.0 1519.0 467.0 1512.0 small-vehicle 0
1418.0 1861.0 1412.0 1862.0 1409.0 1842.0 1416.0 1842.0 small-vehicle 0
1430.0 1843.0 1438.0 1842.0 1439.0 1861.0 1432.0 1863.0 small-vehicle 0
1451.0 1865.0 1443.0 1865.0 1442.0 1844.0 1452.0 1842.0 small-vehicle 0
1584.0 1657.0 1591.0 1655.0 1592.0 1675.0 1586.0 1678.0 small-vehicle 0
1589.0 1641.0 1580.0 1641.0 1581.0 1621.0 1589.0 1621.0 small-vehicle 0
1533.0 1701.0 1532.0 1693.0 1553.0 1690.0 1554.0 1699.0 small-vehicle 0
1229.0 1320.0 1230.0 1312.0 1247.0 1313.0 1246.0 1321.0 small-vehicle 0
979.0 1498.0 978.0 1489.0 1004.0 1488.0 1004.0 1498.0 ship 0
1636.0 1307.0 1635.0 1293.0 1666.0 1293.0 1666.0 1305.0 ship 0
1638.0 1530.0 1638.0 1518.0 1667.0 1516.0 1666.0 1530.0 ship 0
1357.0 482.0 1356.0 472.0 1380.0 472.0 1381.0 481.0 ship 0
1561.0 443.0 1562.0 456.0 1529.0 456.0 1529.0 443.0 ship 0
1804.0 411.0 1803.0 392.0 1844.0 390.0 1845.0 410.0 harbor 0
2027.0 1604.0 2034.0 1610.0 2020.0 1623.0 2014.0 1618.0 small-vehicle 0
1947.0 1040.0 1947.0 1033.0 1964.0 1035.0 1964.0 1042.0 small-vehicle 0
1812.0 1038.0 1802.0 1037.0 1803.0 1016.0 1811.0 1016.0 ship 0
1745.0 1226.0 1743.0 1216.0 1777.0 1216.0 1777.0 1227.0 ship 0
1791.0 1309.0 1781.0 1310.0 1780.0 1285.0 1792.0 1283.0 ship 0
1960.0 1395.0 1960.0 1407.0 1925.0 1408.0 1924.0 1395.0 ship 0
1850.0 1497.0 1850.0 1510.0 1811.0 1511.0 1809.0 1494.0 ship 0
1896.0 1530.0 1895.0 1508.0 1935.0 1511.0 1933.0 1532.0 swimming-pool 0
1967.0 1835.0 1968.0 1841.0 1952.0 1843.0 1949.0 1837.0 small-vehicle 0
385.0 118.0 396.0 118.0 393.0 147.0 381.0 147.0 small-vehicle 1
1565.0 550.0 1566.0 565.0 1536.0 569.0 1533.0 554.0 ship 0
417.0 159.0 426.0 156.0 430.0 181.0 423.0 183.0 small-vehicle 1
467.0 1164.0 466.0 1156.0 486.0 1156.0 487.0 1164.0 small-vehicle 1
488.0 1182.0 489.0 1191.0 469.0 1192.0 468.0 1184.0 small-vehicle 1
386.0 1522.0 384.0 1512.0 408.0 1510.0 407.0 1520.0 small-vehicle 1
783.0 1488.0 782.0 1478.0 804.0 1478.0 803.0 1487.0 small-vehicle 1
654.0 1861.0 653.0 1849.0 679.0 1849.0 680.0 1861.0 swimming-pool 0
1225.0 1386.0 1225.0 1376.0 1244.0 1374.0 1244.0 1383.0 small-vehicle 1
771.0 1134.0 771.0 1142.0 750.0 1144.0 749.0 1134.0 small-vehicle 1
1947.0 1027.0 1949.0 1019.0 1967.0 1024.0 1965.0 1031.0 small-vehicle 0
1942.0 919.0 1941.0 910.0 1961.0 913.0 1961.0 920.0 small-vehicle 0
1947.0 502.0 1947.0 493.0 1974.0 495.0 1974.0 505.0 small-vehicle 0
1931.0 624.0 1931.0 614.0 1949.0 615.0 1949.0 623.0 small-vehicle 0
1626.0 622.0 1623.0 612.0 1649.0 609.0 1651.0 618.0 ship 0
1563.0 647.0 1563.0 660.0 1533.0 660.0 1533.0 649.0 ship 0
1563.0 660.0 1564.0 670.0 1536.0 672.0 1534.0 659.0 ship 0
1332.0 203.0 1332.0 192.0 1366.0 193.0 1367.0 204.0 ship 0
1622.0 273.0 1620.0 261.0 1648.0 261.0 1649.0 275.0 ship 0
1107.0 208.0 1115.0 206.0 1121.0 230.0 1113.0 233.0 ship 0
1145.0 62.0 1155.0 61.0 1156.0 78.0 1147.0 80.0 small-vehicle 0
1224.0 50.0 1215.0 51.0 1214.0 32.0 1222.0 31.0 small-vehicle 0
1307.0 136.0 1314.0 116.0 1336.0 123.0 1330.0 144.0 swimming-pool 0
1426.0 127.0 1426.0 112.0 1459.0 112.0 1459.0 127.0 swimming-pool 0
1805.0 164.0 1796.0 169.0 1784.0 146.0 1793.0 141.0 ship 0
1795.0 303.0 1795.0 294.0 1813.0 296.0 1813.0 304.0 ship 0
1962.0 372.0 1962.0 385.0 1926.0 390.0 1924.0 376.0 ship 0
1768.0 355.0 1781.0 355.0 1781.0 386.0 1769.0 386.0 ship 0
1796.0 510.0 1789.0 515.0 1773.0 499.0 1780.0 490.0 ship 0
1737.0 682.0 1736.0 673.0 1766.0 671.0 1767.0 683.0 ship 0
1767.0 703.0 1775.0 703.0 1773.0 725.0 1766.0 724.0 ship 0
611.0 1170.0 619.0 1169.0 623.0 1191.0 612.0 1192.0 ship 0
199.0 1294.0 198.0 1285.0 225.0 1284.0 226.0 1292.0 ship 0
459.0 1309.0 451.0 1308.0 449.0 1285.0 458.0 1284.0 small-vehicle 0
1816.0 1433.0 1815.0 1412.0 1844.0 1412.0 1845.0 1432.0 harbor 0
1772.0 1109.0 1772.0 1130.0 1748.0 1131.0 1748.0 1110.0 harbor 0
1816.0 1149.0 1814.0 1129.0 1854.0 1127.0 1856.0 1146.0 harbor 0
1777.0 1164.0 1777.0 1184.0 1753.0 1184.0 1753.0 1164.0 harbor 0
1773.0 1228.0 1773.0 1252.0 1752.0 1254.0 1751.0 1228.0 harbor 0
1774.0 1274.0 1774.0 1299.0 1752.0 1299.0 1751.0 1275.0 harbor 0
1815.0 1316.0 1815.0 1296.0 1844.0 1298.0 1844.0 1318.0 harbor 0
1772.0 1331.0 1773.0 1356.0 1752.0 1356.0 1751.0 1332.0 harbor 0
1773.0 1390.0 1774.0 1409.0 1732.0 1412.0 1732.0 1390.0 harbor 0
1815.0 1497.0 1814.0 1468.0 1852.0 1468.0 1852.0 1496.0 harbor 0
381.0 1413.0 381.0 1404.0 399.0 1405.0 399.0 1413.0 small-vehicle 0
1778.0 1512.0 1778.0 1534.0 1742.0 1532.0 1741.0 1512.0 harbor 0
1776.0 1573.0 1776.0 1589.0 1750.0 1589.0 1750.0 1572.0 harbor 0
1819.0 1587.0 1817.0 1569.0 1847.0 1568.0 1848.0 1586.0 harbor 0
1777.0 1630.0 1777.0 1658.0 1729.0 1658.0 1728.0 1630.0 harbor 0
1818.0 1657.0 1817.0 1636.0 1872.0 1636.0 1872.0 1656.0 harbor 0
1763.0 1672.0 1780.0 1671.0 1782.0 1703.0 1766.0 1704.0 harbor 0
1801.0 1671.0 1825.0 1672.0 1826.0 1706.0 1801.0 1706.0 harbor 0
1426.0 961.0 1425.0 938.0 1458.0 938.0 1459.0 963.0 harbor 0
1817.0 1086.0 1817.0 1069.0 1856.0 1070.0 1856.0 1090.0 harbor 0
1772.0 1045.0 1774.0 1065.0 1755.0 1066.0 1755.0 1047.0 harbor 0
1811.0 1036.0 1810.0 1018.0 1833.0 1017.0 1832.0 1037.0 harbor 0
1773.0 989.0 1772.0 1009.0 1748.0 1009.0 1749.0 988.0 harbor 0
1775.0 421.0 1774.0 442.0 1744.0 443.0 1744.0 422.0 harbor 0
1810.0 538.0 1811.0 504.0 1833.0 504.0 1832.0 539.0 harbor 0
1772.0 537.0 1771.0 558.0 1753.0 557.0 1753.0 537.0 harbor 0
1810.0 580.0 1809.0 561.0 1829.0 562.0 1830.0 581.0 harbor 0
1770.0 601.0 1772.0 620.0 1754.0 622.0 1754.0 601.0 harbor 0
1809.0 634.0 1808.0 610.0 1843.0 608.0 1845.0 633.0 harbor 0
1811.0 682.0 1811.0 668.0 1838.0 667.0 1838.0 682.0 harbor 0
1768.0 705.0 1768.0 724.0 1748.0 725.0 1747.0 706.0 harbor 0
1811.0 756.0 1809.0 736.0 1836.0 734.0 1838.0 756.0 harbor 0
1770.0 771.0 1770.0 788.0 1742.0 788.0 1742.0 770.0 harbor 0
1816.0 799.0 1814.0 786.0 1836.0 784.0 1838.0 797.0 harbor 0
1815.0 857.0 1815.0 838.0 1840.0 838.0 1840.0 856.0 harbor 0
1764.0 820.0 1763.0 839.0 1730.0 838.0 1729.0 820.0 harbor 0
1771.0 884.0 1770.0 905.0 1729.0 902.0 1729.0 881.0 harbor 0
1812.0 919.0 1812.0 904.0 1832.0 904.0 1832.0 920.0 harbor 0
1773.0 934.0 1772.0 954.0 1731.0 953.0 1732.0 933.0 harbor 0
1812.0 979.0 1811.0 960.0 1853.0 958.0 1853.0 978.0 harbor 0
1427.0 906.0 1427.0 884.0 1459.0 884.0 1458.0 907.0 harbor 0
1432.0 1303.0 1431.0 1281.0 1451.0 1280.0 1451.0 1303.0 harbor 0
1428.0 1361.0 1427.0 1339.0 1462.0 1338.0 1463.0 1360.0 harbor 0
463.0 848.0 464.0 837.0 492.0 841.0 491.0 853.0 ship 0
884.0 732.0 883.0 720.0 912.0 720.0 913.0 733.0 ship 0
862.0 751.0 859.0 742.0 894.0 740.0 895.0 752.0 ship 0
642.0 900.0 653.0 902.0 649.0 931.0 638.0 929.0 ship 0
74.0 981.0 74.0 967.0 102.0 969.0 101.0 980.0 ship 0
291.0 967.0 290.0 978.0 260.0 978.0 259.0 965.0 ship 0
287.0 987.0 287.0 1000.0 261.0 1000.0 260.0 987.0 ship 0
607.0 1064.0 621.0 1065.0 620.0 1107.0 605.0 1107.0 ship 0
638.0 1107.0 637.0 1096.0 662.0 1096.0 663.0 1107.0 ship 0
668.0 1119.0 668.0 1133.0 643.0 1133.0 643.0 1117.0 ship 0
615.0 1109.0 624.0 1107.0 628.0 1128.0 618.0 1130.0 ship 0
853.0 844.0 852.0 834.0 870.0 836.0 870.0 843.0 small-vehicle 0
858.0 856.0 859.0 847.0 875.0 849.0 875.0 856.0 small-vehicle 0
98.0 1024.0 99.0 1033.0 74.0 1034.0 73.0 1026.0 small-vehicle 0
478.0 1101.0 478.0 1108.0 457.0 1108.0 457.0 1100.0 small-vehicle 0
480.0 1115.0 480.0 1124.0 460.0 1125.0 460.0 1117.0 small-vehicle 0
471.0 1214.0 476.0 1222.0 456.0 1231.0 450.0 1222.0 small-vehicle 0
769.0 1032.0 768.0 1025.0 789.0 1025.0 788.0 1032.0 small-vehicle 0
615.0 700.0 629.0 700.0 628.0 738.0 615.0 737.0 ship 0
193.0 780.0 194.0 767.0 225.0 770.0 223.0 782.0 ship 0
1427.0 1419.0 1426.0 1390.0 1463.0 1389.0 1464.0 1419.0 harbor 0
283.0 712.0 283.0 721.0 259.0 722.0 259.0 711.0 ship 0
1422.0 1532.0 1423.0 1510.0 1456.0 1509.0 1456.0 1533.0 harbor 0
1378.0 1482.0 1378.0 1503.0 1353.0 1504.0 1351.0 1485.0 harbor 0
1426.0 1588.0 1426.0 1565.0 1454.0 1565.0 1453.0 1590.0 harbor 0
1388.0 1669.0 1398.0 1669.0 1398.0 1708.0 1388.0 1708.0 harbor 0
1372.0 1602.0 1373.0 1616.0 1353.0 1617.0 1352.0 1602.0 harbor 0
1431.0 1699.0 1430.0 1680.0 1454.0 1678.0 1454.0 1697.0 harbor 0
1400.0 1707.0 1425.0 1707.0 1425.0 1726.0 1401.0 1728.0 harbor 0
580.0 55.0 579.0 46.0 597.0 45.0 597.0 55.0 small-vehicle 0
879.0 89.0 870.0 88.0 867.0 67.0 877.0 64.0 small-vehicle 0
757.0 80.0 767.0 77.0 773.0 102.0 763.0 105.0 ship 0
861.0 226.0 874.0 225.0 878.0 260.0 865.0 262.0 ship 0
819.0 269.0 818.0 258.0 843.0 259.0 843.0 270.0 ship 0
339.0 384.0 329.0 383.0 329.0 354.0 342.0 354.0 ship 0
91.0 519.0 92.0 507.0 117.0 507.0 116.0 519.0 ship 0
588.0 684.0 588.0 672.0 617.0 674.0 616.0 687.0 ship 0
91.0 415.0 91.0 423.0 66.0 422.0 66.0 414.0 small-vehicle 0
870.0 571.0 870.0 578.0 852.0 580.0 850.0 573.0 small-vehicle 0
228.0 320.0 215.0 333.0 192.0 312.0 206.0 298.0 harbor 0
