imagesource:GoogleEarth
gsd:0.254697065363
346.0 44.0 337.0 49.0 330.0 31.0 338.0 26.0 small-vehicle 1
1108.0 608.0 1120.0 607.0 1124.0 632.0 1112.0 635.0 ship 0
283.0 1013.0 290.0 1030.0 237.0 1047.0 230.0 1028.0 ship 0
2506.0 368.0 2480.0 370.0 2446.0 110.0 2473.0 107.0 harbor 0
2320.0 395.0 2286.0 403.0 2222.0 147.0 2261.0 137.0 harbor 0
1827.0 510.0 1772.0 510.0 1750.0 298.0 1810.0 295.0 harbor 0
1696.0 527.0 1635.0 540.0 1587.0 296.0 1654.0 285.0 harbor 0
1544.0 530.0 1512.0 536.0 1458.0 307.0 1493.0 300.0 harbor 0
1448.0 548.0 1414.0 554.0 1363.0 324.0 1402.0 316.0 harbor 0
1354.0 570.0 1318.0 581.0 1252.0 355.0 1291.0 347.0 harbor 0
1119.0 649.0 1082.0 659.0 1021.0 413.0 1060.0 404.0 harbor 0
988.0 685.0 939.0 697.0 874.0 423.0 918.0 414.0 harbor 0
780.0 712.0 703.0 737.0 590.0 260.0 672.0 241.0 harbor 0
427.0 803.0 389.0 812.0 336.0 575.0 377.0 566.0 harbor 0
293.0 662.0 279.0 666.0 254.0 561.0 269.0 558.0 harbor 0
