imagesource:GoogleEarth
gsd:0.260650598048
1745.0 981.0 1752.0 977.0 1760.0 997.0 1753.0 999.0 small-vehicle 1
1694.0 594.0 1719.0 587.0 1786.0 805.0 1764.0 811.0 harbor 0
1609.0 711.0 1628.0 703.0 1671.0 840.0 1652.0 846.0 harbor 0
1550.0 836.0 1571.0 829.0 1611.0 955.0 1593.0 960.0 harbor 0
1510.0 919.0 1526.0 913.0 1552.0 990.0 1536.0 994.0 harbor 0
1448.0 946.0 1469.0 939.0 1493.0 1012.0 1473.0 1018.0 harbor 0
1387.0 981.0 1403.0 972.0 1441.0 1047.0 1426.0 1055.0 harbor 0
1284.0 1021.0 1304.0 1015.0 1319.0 1070.0 1303.0 1075.0 harbor 0
1221.0 1044.0 1240.0 1037.0 1261.0 1087.0 1241.0 1095.0 harbor 0
1171.0 1063.0 1199.0 1056.0 1212.0 1114.0 1186.0 1119.0 harbor 0
1114.0 1088.0 1139.0 1080.0 1159.0 1159.0 1136.0 1166.0 harbor 0
1055.0 1119.0 1079.0 1110.0 1103.0 1182.0 1080.0 1190.0 harbor 0
1018.0 1163.0 1035.0 1157.0 1047.0 1197.0 1031.0 1202.0 harbor 0
948.0 1167.0 968.0 1161.0 984.0 1214.0 968.0 1219.0 harbor 0
896.0 1195.0 916.0 1188.0 934.0 1246.0 916.0 1252.0 harbor 0
843.0 1228.0 859.0 1221.0 881.0 1277.0 867.0 1285.0 harbor 0
583.0 1273.0 594.0 1268.0 621.0 1340.0 610.0 1346.0 harbor 0
527.0 1260.0 548.0 1253.0 572.0 1344.0 554.0 1350.0 harbor 0
470.0 1264.0 490.0 1259.0 522.0 1356.0 504.0 1363.0 harbor 0
415.0 1267.0 436.0 1262.0 458.0 1345.0 438.0 1349.0 harbor 0
361.0 1283.0 382.0 1275.0 407.0 1358.0 387.0 1365.0 harbor 0
1653.0 664.0 1672.0 657.0 1725.0 822.0 1706.0 827.0 harbor 0
1752.0 564.0 1770.0 558.0 1856.0 846.0 1841.0 851.0 harbor 0
1783.0 1227.0 1786.0 1234.0 1772.0 1241.0 1769.0 1232.0 small-vehicle 1
1798.0 531.0 1812.0 526.0 1916.0 853.0 1898.0 860.0 harbor 0
356.0 1447.0 364.0 1443.0 374.0 1468.0 363.0 1471.0 small-vehicle 1
2046.0 376.0 2041.0 366.0 2058.0 357.0 2065.0 365.0 ship 0
2068.0 248.0 2060.0 241.0 2076.0 219.0 2085.0 229.0 ship 0
1972.0 1083.0 1971.0 1092.0 1947.0 1090.0 1946.0 1080.0 small-vehicle 0
1890.0 993.0 1898.0 990.0 1905.0 1007.0 1897.0 1009.0 small-vehicle 0
2262.0 955.0 2272.0 951.0 2279.0 970.0 2270.0 974.0 small-vehicle 0
2256.0 935.0 2264.0 932.0 2268.0 948.0 2261.0 950.0 small-vehicle 0
1811.0 558.0 1799.0 562.0 1790.0 539.0 1802.0 534.0 ship 0
1769.0 1260.0 1766.0 1249.0 1789.0 1242.0 1793.0 1252.0 small-vehicle 0
1374.0 1606.0 1372.0 1599.0 1387.0 1594.0 1391.0 1600.0 small-vehicle 0
1375.0 1622.0 1371.0 1612.0 1392.0 1610.0 1393.0 1617.0 small-vehicle 0
1323.0 1592.0 1316.0 1592.0 1308.0 1574.0 1316.0 1573.0 small-vehicle 0
2231.0 308.0 2247.0 300.0 2457.0 699.0 2438.0 707.0 harbor 0
2167.0 342.0 2188.0 334.0 2337.0 760.0 2315.0 767.0 harbor 0
2115.0 364.0 2131.0 358.0 2270.0 753.0 2252.0 759.0 harbor 0
2049.0 372.0 2073.0 364.0 2211.0 758.0 2183.0 766.0 harbor 0
1921.0 470.0 1946.0 460.0 2048.0 820.0 2021.0 827.0 harbor 0
1979.0 441.0 1999.0 433.0 2103.0 804.0 2081.0 810.0 harbor 0
1844.0 510.0 1871.0 498.0 1972.0 828.0 1945.0 839.0 harbor 0
150.0 1215.0 170.0 1206.0 243.0 1425.0 220.0 1431.0 harbor 0
