imagesource:GoogleEarth
gsd:0.256728707953
1095.0 19.0 1088.0 23.0 1076.0 4.0 1084.0 0.0 small-vehicle 1
960.0 143.0 950.0 147.0 941.0 123.0 952.0 119.0 small-vehicle 1
329.0 587.0 283.0 598.0 245.0 427.0 292.0 415.0 harbor 0
390.0 586.0 364.0 592.0 316.0 405.0 346.0 396.0 harbor 0
439.0 563.0 417.0 572.0 375.0 406.0 395.0 400.0 harbor 0
483.0 559.0 458.0 566.0 425.0 395.0 448.0 392.0 harbor 0
592.0 548.0 567.0 555.0 526.0 377.0 549.0 371.0 harbor 0
649.0 527.0 625.0 533.0 579.0 365.0 605.0 358.0 harbor 0
729.0 539.0 706.0 547.0 650.0 349.0 675.0 343.0 harbor 0
875.0 515.0 838.0 524.0 786.0 324.0 821.0 314.0 harbor 0
951.0 497.0 896.0 512.0 845.0 292.0 903.0 278.0 harbor 0
1049.0 486.0 1012.0 495.0 972.0 287.0 1009.0 279.0 harbor 0
1135.0 469.0 1112.0 475.0 1058.0 267.0 1079.0 261.0 harbor 0
1193.0 448.0 1164.0 457.0 1111.0 253.0 1139.0 246.0 harbor 0
1299.0 420.0 1238.0 440.0 1180.0 232.0 1247.0 216.0 harbor 0
1490.0 388.0 1448.0 398.0 1397.0 182.0 1435.0 172.0 harbor 0
578.0 232.0 579.0 241.0 558.0 243.0 557.0 234.0 small-vehicle 0
396.0 538.0 406.0 536.0 412.0 565.0 402.0 567.0 ship 0
365.0 256.0 357.0 258.0 349.0 238.0 358.0 234.0 small-vehicle 1
229.0 600.0 204.0 608.0 163.0 438.0 190.0 431.0 harbor 0
