imagesource:GoogleEarth
gsd:0.252017457518
3146.0 30.0 3157.0 34.0 3151.0 56.0 3141.0 54.0 small-vehicle 1
1850.0 627.0 1814.0 632.0 1792.0 412.0 1826.0 406.0 harbor 0
3672.0 471.0 3632.0 477.0 3604.0 328.0 3646.0 319.0 harbor 0
3446.0 498.0 3399.0 500.0 3380.0 333.0 3433.0 329.0 harbor 0
3286.0 503.0 3251.0 508.0 3225.0 272.0 3257.0 268.0 harbor 0
3105.0 513.0 3085.0 518.0 3067.0 385.0 3084.0 381.0 harbor 0
2678.0 537.0 2642.0 537.0 2633.0 419.0 2669.0 415.0 harbor 0
2532.0 561.0 2410.0 583.0 2380.0 413.0 2510.0 390.0 harbor 0
2333.0 598.0 2314.0 603.0 2260.0 403.0 2280.0 396.0 harbor 0
2237.0 608.0 2215.0 614.0 2166.0 419.0 2190.0 412.0 harbor 0
2051.0 633.0 2028.0 636.0 1994.0 379.0 2020.0 375.0 harbor 0
1906.0 620.0 1878.0 626.0 1847.0 379.0 1875.0 373.0 harbor 0
1753.0 656.0 1727.0 661.0 1682.0 433.0 1713.0 426.0 harbor 0
3360.0 76.0 3370.0 75.0 3371.0 95.0 3360.0 96.0 small-vehicle 1
1693.0 665.0 1652.0 676.0 1602.0 443.0 1649.0 435.0 harbor 0
1600.0 679.0 1549.0 686.0 1509.0 481.0 1563.0 472.0 harbor 0
1492.0 682.0 1464.0 690.0 1408.0 465.0 1434.0 456.0 harbor 0
1422.0 686.0 1395.0 696.0 1336.0 471.0 1366.0 462.0 harbor 0
1079.0 722.0 1029.0 723.0 1023.0 542.0 1076.0 539.0 harbor 0
658.0 706.0 603.0 721.0 560.0 571.0 619.0 554.0 harbor 0
508.0 775.0 471.0 783.0 439.0 599.0 478.0 593.0 harbor 0
441.0 775.0 387.0 784.0 358.0 627.0 415.0 617.0 harbor 0
326.0 799.0 254.0 813.0 229.0 662.0 306.0 650.0 harbor 0
233.0 809.0 143.0 823.0 123.0 674.0 215.0 663.0 harbor 0
86.0 130.0 94.0 129.0 93.0 149.0 85.0 148.0 small-vehicle 0
133.0 204.0 125.0 204.0 122.0 183.0 129.0 182.0 small-vehicle 0
96.0 207.0 86.0 209.0 86.0 191.0 95.0 190.0 small-vehicle 0
425.0 754.0 434.0 752.0 438.0 776.0 429.0 778.0 ship 0
2356.0 334.0 2355.0 326.0 2380.0 321.0 2382.0 329.0 small-vehicle 1
1666.0 296.0 1656.0 297.0 1650.0 270.0 1660.0 267.0 small-vehicle 1
1651.0 297.0 1643.0 300.0 1636.0 280.0 1645.0 277.0 small-vehicle 1
3270.0 583.0 3269.0 570.0 3304.0 571.0 3303.0 582.0 ship 0
3458.0 575.0 3457.0 565.0 3481.0 566.0 3481.0 574.0 ship 0
3697.0 394.0 3710.0 393.0 3716.0 435.0 3699.0 436.0 ship 0
3669.0 225.0 3663.0 212.0 3692.0 202.0 3696.0 215.0 ship 0
3660.0 197.0 3658.0 185.0 3685.0 180.0 3689.0 192.0 ship 0
3668.0 251.0 3658.0 242.0 3688.0 213.0 3696.0 220.0 ship 0
3400.0 46.0 3390.0 38.0 3407.0 20.0 3415.0 24.0 small-vehicle 0
2642.0 357.0 2653.0 355.0 2659.0 377.0 2647.0 380.0 small-vehicle 0
2573.0 365.0 2582.0 363.0 2583.0 387.0 2574.0 388.0 small-vehicle 0
2586.0 354.0 2593.0 353.0 2600.0 380.0 2591.0 381.0 small-vehicle 0
2742.0 54.0 2734.0 55.0 2730.0 35.0 2738.0 32.0 small-vehicle 0
3132.0 32.0 3143.0 36.0 3134.0 54.0 3124.0 51.0 small-vehicle 0
2722.0 150.0 2727.0 143.0 2742.0 158.0 2738.0 164.0 small-vehicle 0
2800.0 127.0 2796.0 115.0 2822.0 112.0 2822.0 121.0 ship 0
1711.0 638.0 1721.0 636.0 1726.0 660.0 1716.0 663.0 ship 0
1462.0 689.0 1452.0 692.0 1444.0 661.0 1457.0 656.0 ship 0
1355.0 304.0 1347.0 297.0 1360.0 274.0 1367.0 279.0 small-vehicle 0
1364.0 331.0 1357.0 321.0 1376.0 312.0 1379.0 323.0 small-vehicle 0
131.0 820.0 75.0 830.0 56.0 687.0 111.0 677.0 harbor 0
