imagesource:GoogleEarth
gsd:0.253271433963
3591.0 668.0 3597.0 674.0 3584.0 687.0 3578.0 681.0 small-vehicle 1
2663.0 462.0 2685.0 456.0 2708.0 558.0 2688.0 564.0 harbor 0
3201.0 334.0 3224.0 330.0 3244.0 440.0 3225.0 444.0 harbor 0
3153.0 373.0 3169.0 369.0 3189.0 464.0 3175.0 468.0 harbor 0
3088.0 358.0 3114.0 352.0 3138.0 477.0 3114.0 483.0 harbor 0
3022.0 375.0 3038.0 369.0 3063.0 488.0 3047.0 492.0 harbor 0
2957.0 392.0 2977.0 386.0 3001.0 497.0 2984.0 501.0 harbor 0
2897.0 400.0 2920.0 395.0 2944.0 511.0 2921.0 517.0 harbor 0
2790.0 465.0 2811.0 460.0 2827.0 534.0 2806.0 539.0 harbor 0
2601.0 484.0 2622.0 478.0 2645.0 579.0 2624.0 585.0 harbor 0
2068.0 638.0 2086.0 634.0 2099.0 705.0 2081.0 709.0 harbor 0
2528.0 481.0 2548.0 476.0 2579.0 600.0 2558.0 605.0 harbor 0
2477.0 507.0 2499.0 501.0 2521.0 609.0 2498.0 613.0 harbor 0
2414.0 521.0 2435.0 515.0 2457.0 624.0 2437.0 628.0 harbor 0
2369.0 560.0 2389.0 556.0 2406.0 644.0 2387.0 647.0 harbor 0
2310.0 585.0 2335.0 579.0 2350.0 654.0 2326.0 660.0 harbor 0
2256.0 592.0 2273.0 588.0 2289.0 668.0 2274.0 672.0 harbor 0
2190.0 597.0 2209.0 592.0 2228.0 685.0 2211.0 689.0 harbor 0
3262.0 317.0 3284.0 312.0 3305.0 421.0 3283.0 427.0 harbor 0
3322.0 305.0 3344.0 301.0 3364.0 406.0 3343.0 412.0 harbor 0
3379.0 293.0 3401.0 289.0 3421.0 397.0 3399.0 403.0 harbor 0
3449.0 288.0 3469.0 284.0 3486.0 391.0 3466.0 396.0 harbor 0
2348.0 262.0 2304.0 268.0 2291.0 191.0 2331.0 185.0 harbor 0
2217.0 258.0 2168.0 262.0 2149.0 109.0 2201.0 105.0 harbor 0
2142.0 269.0 2121.0 271.0 2101.0 117.0 2121.0 115.0 harbor 0
2083.0 273.0 2062.0 275.0 2044.0 137.0 2062.0 135.0 harbor 0
2021.0 279.0 2002.0 282.0 1982.0 147.0 2004.0 144.0 harbor 0
1912.0 332.0 1899.0 341.0 1791.0 220.0 1806.0 209.0 harbor 0
1867.0 372.0 1859.0 387.0 1757.0 344.0 1765.0 325.0 harbor 0
1714.0 569.0 1676.0 577.0 1656.0 481.0 1697.0 472.0 harbor 0
1520.0 598.0 1499.0 605.0 1478.0 529.0 1501.0 524.0 harbor 0
1432.0 659.0 1381.0 663.0 1369.0 560.0 1421.0 553.0 harbor 0
1256.0 707.0 1235.0 709.0 1221.0 613.0 1243.0 611.0 harbor 0
1187.0 705.0 1165.0 711.0 1149.0 625.0 1170.0 622.0 harbor 0
3892.0 267.0 3913.0 266.0 3913.0 368.0 3892.0 367.0 harbor 0
3651.0 265.0 3674.0 259.0 3698.0 363.0 3677.0 370.0 harbor 0
3548.0 274.0 3571.0 271.0 3590.0 380.0 3570.0 383.0 harbor 0
2136.0 610.0 2152.0 607.0 2172.0 695.0 2154.0 699.0 harbor 0
1941.0 631.0 1957.0 627.0 1976.0 728.0 1960.0 732.0 harbor 0
2299.0 11.0 2307.0 0.0 2333.0 17.0 2325.0 29.0 swimming-pool 0
377.0 911.0 384.0 933.0 308.0 951.0 303.0 928.0 harbor 0
624.0 949.0 644.0 945.0 658.0 1021.0 641.0 1025.0 harbor 0
558.0 961.0 582.0 955.0 600.0 1031.0 576.0 1036.0 harbor 0
496.0 970.0 521.0 964.0 535.0 1041.0 512.0 1046.0 harbor 0
444.0 991.0 464.0 986.0 475.0 1046.0 454.0 1050.0 harbor 0
411.0 996.0 429.0 993.0 435.0 1050.0 417.0 1052.0 harbor 0
398.0 979.0 413.0 987.0 386.0 1046.0 368.0 1038.0 harbor 0
392.0 954.0 398.0 983.0 322.0 997.0 315.0 970.0 harbor 0
348.0 871.0 352.0 892.0 298.0 903.0 294.0 884.0 harbor 0
1875.0 628.0 1895.0 623.0 1919.0 734.0 1899.0 739.0 harbor 0
336.0 818.0 340.0 836.0 289.0 846.0 285.0 825.0 harbor 0
562.0 4.0 583.0 0.0 591.0 38.0 572.0 43.0 harbor 0
503.0 16.0 523.0 11.0 532.0 52.0 513.0 55.0 harbor 0
452.0 29.0 477.0 23.0 485.0 59.0 462.0 64.0 harbor 0
381.0 45.0 403.0 38.0 414.0 80.0 394.0 85.0 harbor 0
147.0 114.0 178.0 106.0 191.0 168.0 158.0 175.0 harbor 0
90.0 128.0 114.0 121.0 130.0 185.0 105.0 192.0 harbor 0
691.0 938.0 712.0 934.0 721.0 986.0 700.0 990.0 harbor 0
747.0 919.0 762.0 915.0 779.0 991.0 764.0 995.0 harbor 0
801.0 905.0 826.0 898.0 840.0 964.0 815.0 969.0 harbor 0
857.0 881.0 883.0 874.0 896.0 950.0 872.0 955.0 harbor 0
1827.0 667.0 1847.0 663.0 1866.0 760.0 1846.0 762.0 harbor 0
1765.0 680.0 1784.0 676.0 1805.0 769.0 1787.0 772.0 harbor 0
1707.0 691.0 1727.0 686.0 1745.0 780.0 1725.0 785.0 harbor 0
1649.0 706.0 1667.0 702.0 1684.0 790.0 1668.0 794.0 harbor 0
1567.0 728.0 1590.0 722.0 1609.0 806.0 1587.0 811.0 harbor 0
1513.0 749.0 1534.0 744.0 1550.0 826.0 1529.0 830.0 harbor 0
1465.0 764.0 1489.0 758.0 1507.0 837.0 1483.0 844.0 harbor 0
1399.0 779.0 1426.0 771.0 1446.0 856.0 1420.0 862.0 harbor 0
1348.0 789.0 1370.0 785.0 1380.0 855.0 1359.0 858.0 harbor 0
1284.0 775.0 1302.0 770.0 1320.0 857.0 1303.0 862.0 harbor 0
1223.0 794.0 1245.0 789.0 1262.0 865.0 1243.0 871.0 harbor 0
1154.0 816.0 1175.0 808.0 1197.0 885.0 1179.0 890.0 harbor 0
1033.0 841.0 1054.0 837.0 1072.0 924.0 1052.0 929.0 harbor 0
969.0 828.0 986.0 823.0 1012.0 934.0 994.0 938.0 harbor 0
915.0 859.0 934.0 854.0 954.0 948.0 938.0 952.0 harbor 0
2301.0 135.0 2322.0 106.0 2335.0 117.0 2313.0 146.0 swimming-pool 0
77.0 157.0 64.0 160.0 57.0 136.0 70.0 131.0 ship 0
3468.0 857.0 3476.0 853.0 3487.0 872.0 3480.0 877.0 small-vehicle 1
3252.0 305.0 3266.0 305.0 3267.0 335.0 3254.0 337.0 ship 0
3802.0 551.0 3800.0 541.0 3823.0 538.0 3823.0 546.0 small-vehicle 0
3624.0 569.0 3627.0 561.0 3651.0 573.0 3648.0 582.0 small-vehicle 0
3594.0 559.0 3596.0 550.0 3621.0 558.0 3618.0 566.0 small-vehicle 0
3556.0 571.0 3549.0 563.0 3566.0 553.0 3571.0 560.0 small-vehicle 0
3486.0 570.0 3484.0 563.0 3502.0 561.0 3504.0 569.0 small-vehicle 0
3458.0 577.0 3458.0 569.0 3480.0 569.0 3480.0 577.0 small-vehicle 0
3375.0 531.0 3385.0 529.0 3388.0 549.0 3379.0 550.0 small-vehicle 0
2970.0 654.0 2959.0 654.0 2957.0 626.0 2968.0 623.0 ship 0
2123.0 1156.0 2121.0 1149.0 2144.0 1148.0 2144.0 1155.0 small-vehicle 0
2551.0 734.0 2539.0 736.0 2533.0 712.0 2543.0 708.0 small-vehicle 0
3182.0 923.0 3189.0 920.0 3199.0 936.0 3193.0 941.0 small-vehicle 0
3178.0 970.0 3185.0 964.0 3198.0 979.0 3190.0 986.0 small-vehicle 0
2966.0 1051.0 2958.0 1054.0 2953.0 1036.0 2963.0 1033.0 small-vehicle 0
2773.0 1039.0 2765.0 1040.0 2761.0 1024.0 2768.0 1022.0 small-vehicle 0
2779.0 1059.0 2771.0 1061.0 2765.0 1043.0 2774.0 1041.0 small-vehicle 0
2460.0 1108.0 2450.0 1111.0 2438.0 1086.0 2449.0 1082.0 ship 0
3807.0 643.0 3798.0 649.0 3785.0 633.0 3790.0 624.0 small-vehicle 0
3637.0 637.0 3645.0 643.0 3635.0 660.0 3629.0 656.0 small-vehicle 0
3670.0 628.0 3674.0 639.0 3653.0 646.0 3647.0 638.0 small-vehicle 0
3664.0 656.0 3659.0 649.0 3675.0 643.0 3678.0 648.0 small-vehicle 0
3239.0 960.0 3247.0 956.0 3252.0 973.0 3245.0 976.0 small-vehicle 1
3195.0 968.0 3204.0 965.0 3212.0 985.0 3203.0 988.0 small-vehicle 1
3186.0 945.0 3196.0 944.0 3200.0 963.0 3191.0 966.0 small-vehicle 1
2228.0 1090.0 2225.0 1081.0 2244.0 1075.0 2246.0 1082.0 small-vehicle 1
1591.0 1009.0 1598.0 1007.0 1602.0 1026.0 1595.0 1028.0 small-vehicle 1
1177.0 1103.0 1185.0 1102.0 1187.0 1121.0 1180.0 1123.0 small-vehicle 1
1044.0 1137.0 1052.0 1134.0 1060.0 1155.0 1052.0 1157.0 small-vehicle 1
1189.0 1309.0 1187.0 1299.0 1207.0 1293.0 1209.0 1302.0 small-vehicle 1
803.0 1337.0 811.0 1335.0 814.0 1358.0 805.0 1360.0 small-vehicle 1
202.0 924.0 203.0 932.0 184.0 935.0 182.0 927.0 small-vehicle 1
175.0 922.0 174.0 914.0 193.0 910.0 194.0 917.0 small-vehicle 1
7.0 491.0 5.0 482.0 24.0 477.0 25.0 486.0 small-vehicle 0
187.0 219.0 183.0 208.0 202.0 202.0 205.0 214.0 swimming-pool 0
3536.0 827.0 3528.0 830.0 3518.0 812.0 3524.0 807.0 small-vehicle 0
3509.0 736.0 3502.0 729.0 3518.0 718.0 3524.0 726.0 small-vehicle 0
1964.0 1262.0 1953.0 1262.0 1948.0 1237.0 1959.0 1234.0 ship 0
2353.0 761.0 2363.0 759.0 2367.0 781.0 2358.0 783.0 small-vehicle 0
470.0 179.0 479.0 177.0 480.0 199.0 472.0 200.0 small-vehicle 0
597.0 1124.0 606.0 1121.0 610.0 1141.0 601.0 1142.0 small-vehicle 0
1469.0 1346.0 1479.0 1342.0 1484.0 1365.0 1476.0 1368.0 small-vehicle 0
1245.0 1330.0 1247.0 1341.0 1224.0 1344.0 1222.0 1335.0 small-vehicle 0
1166.0 1311.0 1163.0 1305.0 1184.0 1300.0 1185.0 1309.0 small-vehicle 0
1016.0 1301.0 1026.0 1301.0 1027.0 1316.0 1019.0 1317.0 small-vehicle 0
1022.0 1335.0 1012.0 1337.0 1008.0 1318.0 1014.0 1315.0 small-vehicle 0
95.0 854.0 93.0 845.0 111.0 842.0 113.0 851.0 small-vehicle 0
609.0 1120.0 618.0 1117.0 623.0 1139.0 614.0 1141.0 small-vehicle 0
584.0 1124.0 593.0 1123.0 596.0 1144.0 587.0 1145.0 small-vehicle 0
2285.0 762.0 2296.0 760.0 2300.0 777.0 2290.0 780.0 small-vehicle 0
497.0 1145.0 505.0 1145.0 508.0 1160.0 499.0 1163.0 small-vehicle 0
470.0 1202.0 468.0 1194.0 486.0 1193.0 485.0 1201.0 small-vehicle 0
133.0 1143.0 132.0 1132.0 150.0 1128.0 151.0 1139.0 small-vehicle 0
137.0 1085.0 135.0 1076.0 156.0 1074.0 157.0 1082.0 small-vehicle 0
132.0 1060.0 130.0 1051.0 151.0 1049.0 152.0 1057.0 small-vehicle 0
296.0 1187.0 302.0 1185.0 307.0 1204.0 299.0 1204.0 small-vehicle 0
484.0 177.0 492.0 175.0 498.0 200.0 488.0 202.0 small-vehicle 0
1444.0 1246.0 1443.0 1236.0 1466.0 1235.0 1467.0 1244.0 small-vehicle 0
888.0 1063.0 898.0 1061.0 900.0 1086.0 892.0 1085.0 small-vehicle 0
903.0 1064.0 912.0 1064.0 916.0 1088.0 906.0 1088.0 small-vehicle 0
1315.0 948.0 1323.0 941.0 1333.0 960.0 1327.0 965.0 small-vehicle 0
2239.0 794.0 2249.0 794.0 2250.0 814.0 2241.0 816.0 small-vehicle 0
2002.0 841.0 2010.0 841.0 2011.0 859.0 2003.0 858.0 small-vehicle 0
1988.0 842.0 1997.0 842.0 2001.0 859.0 1991.0 861.0 small-vehicle 0
1977.0 843.0 1985.0 841.0 1989.0 863.0 1980.0 862.0 small-vehicle 0
1897.0 885.0 1889.0 886.0 1884.0 866.0 1890.0 864.0 small-vehicle 0
2283.0 1079.0 2279.0 1069.0 2299.0 1065.0 2302.0 1073.0 small-vehicle 0
2438.0 1172.0 2430.0 1174.0 2423.0 1154.0 2431.0 1152.0 small-vehicle 0
2464.0 1128.0 2456.0 1132.0 2449.0 1113.0 2457.0 1111.0 small-vehicle 0
2121.0 1225.0 2113.0 1226.0 2108.0 1209.0 2114.0 1206.0 small-vehicle 0
2093.0 1219.0 2087.0 1220.0 2086.0 1203.0 2092.0 1203.0 small-vehicle 0
1941.0 1236.0 1932.0 1237.0 1928.0 1220.0 1938.0 1217.0 small-vehicle 0
1646.0 1324.0 1636.0 1325.0 1631.0 1304.0 1638.0 1298.0 small-vehicle 0
1651.0 1074.0 1649.0 1067.0 1668.0 1068.0 1668.0 1076.0 small-vehicle 0
1651.0 1064.0 1648.0 1058.0 1666.0 1051.0 1667.0 1059.0 small-vehicle 0
1338.0 970.0 1346.0 970.0 1348.0 988.0 1340.0 989.0 small-vehicle 0
36.0 143.0 55.0 138.0 68.0 202.0 51.0 207.0 harbor 0
