imagesource:GoogleEarth
gsd:0.130427238675
789.0 824.0 784.0 840.0 748.0 827.0 754.0 811.0 small-vehicle 0
559.0 603.0 575.0 609.0 564.0 643.0 548.0 637.0 small-vehicle 0
166.0 475.0 182.0 481.0 170.0 517.0 155.0 512.0 small-vehicle 0
189.0 481.0 205.0 487.0 193.0 521.0 178.0 516.0 small-vehicle 0
208.0 494.0 224.0 498.0 213.0 534.0 197.0 529.0 small-vehicle 0
309.0 567.0 294.0 561.0 306.0 529.0 321.0 536.0 small-vehicle 0
366.0 542.0 381.0 549.0 368.0 583.0 352.0 578.0 small-vehicle 0
385.0 551.0 402.0 558.0 391.0 589.0 375.0 584.0 small-vehicle 0
444.0 571.0 460.0 576.0 449.0 611.0 433.0 605.0 small-vehicle 0
465.0 576.0 484.0 584.0 474.0 617.0 456.0 611.0 small-vehicle 0
488.0 577.0 506.0 583.0 493.0 619.0 478.0 615.0 small-vehicle 0
495.0 687.0 512.0 693.0 500.0 729.0 484.0 723.0 small-vehicle 0
23.0 428.0 39.0 433.0 31.0 468.0 14.0 463.0 small-vehicle 0
500.0 741.0 516.0 747.0 502.0 782.0 487.0 775.0 small-vehicle 0
481.0 734.0 498.0 740.0 487.0 770.0 471.0 764.0 small-vehicle 0
680.0 792.0 663.0 787.0 675.0 747.0 693.0 754.0 small-vehicle 0
664.0 793.0 680.0 798.0 671.0 829.0 655.0 825.0 small-vehicle 0
420.0 710.0 403.0 704.0 415.0 669.0 432.0 675.0 small-vehicle 0
397.0 703.0 380.0 696.0 392.0 661.0 408.0 669.0 small-vehicle 0
373.0 654.0 389.0 659.0 377.0 699.0 361.0 693.0 small-vehicle 0
351.0 643.0 369.0 649.0 357.0 688.0 339.0 682.0 small-vehicle 0
332.0 637.0 348.0 641.0 337.0 681.0 321.0 676.0 small-vehicle 0
148.0 469.0 164.0 473.0 152.0 512.0 137.0 508.0 small-vehicle 0
123.0 465.0 142.0 471.0 131.0 506.0 115.0 502.0 small-vehicle 0
1005.0 784.0 1001.0 804.0 871.0 766.0 876.0 743.0 large-vehicle 0
161.0 629.0 141.0 620.0 152.0 583.0 172.0 590.0 small-vehicle 0
352.0 168.0 435.0 197.0 379.0 371.0 296.0 343.0 tennis-court 0
460.0 203.0 541.0 230.0 485.0 405.0 403.0 378.0 tennis-court 0
568.0 237.0 648.0 265.0 593.0 439.0 510.0 412.0 tennis-court 0
802.0 313.0 885.0 340.0 828.0 515.0 746.0 488.0 tennis-court 0
908.0 346.0 992.0 375.0 933.0 548.0 852.0 521.0 tennis-court 0
1016.0 380.0 1099.0 408.0 1042.0 583.0 959.0 556.0 tennis-court 0
1122.0 415.0 1205.0 443.0 1149.0 617.0 1067.0 590.0 tennis-court 0
102.0 610.0 118.0 615.0 106.0 653.0 90.0 647.0 small-vehicle 0
123.0 614.0 140.0 620.0 130.0 652.0 112.0 648.0 small-vehicle 0
181.0 630.0 164.0 623.0 175.0 590.0 192.0 596.0 small-vehicle 0
198.0 639.0 182.0 635.0 190.0 604.0 207.0 609.0 small-vehicle 0
102.0 608.0 83.0 601.0 94.0 565.0 112.0 572.0 small-vehicle 0
143.0 626.0 161.0 632.0 149.0 664.0 132.0 659.0 small-vehicle 0
61.0 598.0 80.0 605.0 68.0 642.0 49.0 635.0 small-vehicle 0
80.0 605.0 101.0 613.0 88.0 648.0 68.0 640.0 small-vehicle 0
42.0 588.0 23.0 582.0 34.0 546.0 52.0 552.0 small-vehicle 0
21.0 585.0 38.0 591.0 25.0 627.0 9.0 621.0 small-vehicle 0
160.0 633.0 179.0 639.0 165.0 672.0 148.0 667.0 small-vehicle 0
182.0 641.0 198.0 646.0 185.0 682.0 169.0 676.0 small-vehicle 0
222.0 645.0 204.0 639.0 213.0 607.0 230.0 611.0 small-vehicle 0
311.0 634.0 327.0 638.0 317.0 675.0 299.0 670.0 small-vehicle 0
292.0 625.0 309.0 631.0 298.0 668.0 282.0 663.0 small-vehicle 0
299.0 672.0 317.0 677.0 304.0 715.0 288.0 710.0 small-vehicle 0
514.0 698.0 529.0 704.0 518.0 736.0 504.0 730.0 small-vehicle 1
227.0 502.0 243.0 507.0 231.0 542.0 215.0 538.0 small-vehicle 0
267.0 514.0 285.0 521.0 272.0 556.0 255.0 549.0 small-vehicle 0
287.0 521.0 301.0 526.0 291.0 559.0 276.0 555.0 small-vehicle 0
346.0 539.0 361.0 545.0 348.0 578.0 333.0 573.0 small-vehicle 0
424.0 561.0 440.0 564.0 433.0 594.0 417.0 591.0 small-vehicle 0
534.0 593.0 550.0 601.0 535.0 643.0 517.0 636.0 small-vehicle 0
361.0 694.0 378.0 700.0 366.0 733.0 350.0 728.0 small-vehicle 1
378.0 701.0 396.0 707.0 384.0 744.0 366.0 739.0 small-vehicle 1
475.0 689.0 490.0 694.0 480.0 725.0 465.0 720.0 small-vehicle 1
202.0 648.0 221.0 655.0 207.0 690.0 190.0 684.0 small-vehicle 1
116.0 763.0 98.0 755.0 112.0 714.0 132.0 721.0 small-vehicle 0
115.0 569.0 135.0 575.0 121.0 611.0 104.0 606.0 small-vehicle 1
54.0 743.0 36.0 736.0 51.0 699.0 68.0 704.0 small-vehicle 1
118.0 768.0 135.0 775.0 122.0 808.0 106.0 801.0 small-vehicle 1
99.0 759.0 117.0 766.0 105.0 798.0 88.0 794.0 small-vehicle 1
78.0 753.0 97.0 760.0 84.0 796.0 65.0 790.0 small-vehicle 1
254.0 807.0 233.0 801.0 248.0 757.0 268.0 764.0 small-vehicle 1
235.0 804.0 252.0 811.0 240.0 845.0 223.0 839.0 small-vehicle 1
740.0 660.0 757.0 666.0 743.0 709.0 726.0 703.0 small-vehicle 1
765.0 710.0 747.0 704.0 760.0 664.0 778.0 669.0 small-vehicle 1
12.0 537.0 31.0 542.0 21.0 579.0 3.0 575.0 small-vehicle 0
38.0 591.0 55.0 597.0 44.0 631.0 26.0 627.0 small-vehicle 0
80.0 603.0 61.0 598.0 72.0 562.0 92.0 568.0 small-vehicle 0
272.0 817.0 256.0 810.0 265.0 777.0 284.0 783.0 small-vehicle 0
155.0 776.0 138.0 769.0 149.0 737.0 165.0 742.0 small-vehicle 0
174.0 782.0 159.0 777.0 169.0 741.0 186.0 746.0 small-vehicle 0
158.0 782.0 175.0 789.0 162.0 825.0 146.0 818.0 small-vehicle 0
138.0 774.0 153.0 782.0 144.0 811.0 128.0 805.0 small-vehicle 0
56.0 749.0 75.0 755.0 64.0 792.0 46.0 787.0 small-vehicle 0
77.0 749.0 61.0 744.0 68.0 710.0 84.0 714.0 small-vehicle 0
91.0 717.0 106.0 722.0 95.0 757.0 80.0 752.0 small-vehicle 0
35.0 737.0 18.0 729.0 32.0 695.0 48.0 702.0 small-vehicle 0
16.0 732.0 2.0 725.0 12.0 692.0 27.0 698.0 small-vehicle 0
15.0 737.0 35.0 746.0 22.0 781.0 5.0 773.0 small-vehicle 0
34.0 743.0 52.0 750.0 41.0 780.0 24.0 776.0 small-vehicle 0
539.0 748.0 521.0 740.0 534.0 703.0 552.0 710.0 small-vehicle 0
526.0 791.0 509.0 783.0 521.0 751.0 537.0 757.0 small-vehicle 0
602.0 767.0 620.0 773.0 611.0 804.0 594.0 799.0 small-vehicle 0
401.0 706.0 419.0 713.0 406.0 750.0 388.0 744.0 small-vehicle 0
316.0 829.0 297.0 821.0 306.0 788.0 326.0 792.0 small-vehicle 0
334.0 839.0 317.0 830.0 330.0 795.0 347.0 801.0 small-vehicle 0
356.0 841.0 339.0 834.0 348.0 798.0 366.0 804.0 small-vehicle 0
294.0 823.0 276.0 816.0 287.0 780.0 305.0 786.0 small-vehicle 0
246.0 135.0 329.0 163.0 272.0 338.0 189.0 311.0 tennis-court 0
