imagesource:GoogleEarth
gsd:0.141576452512
1186.0 342.0 1198.0 349.0 1177.0 378.0 1166.0 370.0 small-vehicle 1
435.0 1177.0 442.0 1168.0 470.0 1191.0 461.0 1200.0 small-vehicle 1
1593.0 1004.0 1576.0 999.0 1593.0 937.0 1612.0 944.0 ship 0
554.0 1474.0 515.0 1449.0 555.0 1376.0 596.0 1398.0 swimming-pool 0
400.0 2910.0 348.0 2977.0 47.0 2716.0 94.0 2665.0 harbor 0
545.0 2755.0 513.0 2790.0 214.0 2509.0 239.0 2475.0 harbor 0
712.0 2556.0 661.0 2624.0 340.0 2380.0 395.0 2317.0 harbor 0
843.0 2360.0 822.0 2396.0 624.0 2273.0 645.0 2235.0 harbor 0
986.0 2121.0 936.0 2200.0 573.0 1990.0 616.0 1915.0 harbor 0
1065.0 1937.0 1047.0 1975.0 630.0 1753.0 649.0 1715.0 harbor 0
1168.0 1772.0 1116.0 1851.0 698.0 1557.0 745.0 1487.0 harbor 0
1252.0 1603.0 1238.0 1622.0 824.0 1346.0 840.0 1322.0 harbor 0
1319.0 1424.0 1295.0 1460.0 926.0 1222.0 948.0 1193.0 harbor 0
1291.0 1104.0 1278.0 1124.0 1144.0 1035.0 1157.0 1015.0 harbor 0
1653.0 953.0 1610.0 1082.0 1280.0 961.0 1332.0 844.0 harbor 0
1490.0 546.0 1470.0 585.0 1270.0 465.0 1289.0 429.0 harbor 0
1697.0 549.0 1700.0 607.0 1327.0 382.0 1352.0 344.0 harbor 1
1559.0 980.0 1539.0 973.0 1555.0 923.0 1574.0 928.0 ship 0
1570.0 1773.0 1581.0 1792.0 1528.0 1828.0 1514.0 1810.0 ship 0
1490.0 2202.0 1468.0 2186.0 1518.0 2101.0 1543.0 2115.0 ship 0
52.0 1969.0 46.0 1981.0 17.0 1960.0 23.0 1950.0 small-vehicle 0
1698.0 610.0 1692.0 623.0 1652.0 601.0 1660.0 585.0 ship 0
1090.0 1329.0 1094.0 1320.0 1111.0 1329.0 1107.0 1336.0 ship 0
852.0 2351.0 844.0 2366.0 810.0 2345.0 815.0 2328.0 ship 0
660.0 2627.0 652.0 2637.0 621.0 2613.0 630.0 2604.0 ship 0
543.0 2723.0 533.0 2736.0 499.0 2708.0 509.0 2695.0 ship 0
103.0 1998.0 93.0 2012.0 65.0 1992.0 72.0 1980.0 small-vehicle 0
59.0 1878.0 70.0 1883.0 51.0 1908.0 42.0 1900.0 small-vehicle 0
860.0 2185.0 875.0 2166.0 919.0 2191.0 908.0 2211.0 ship 0
40.0 1852.0 53.0 1862.0 36.0 1882.0 26.0 1877.0 small-vehicle 0
367.0 1308.0 361.0 1318.0 338.0 1302.0 344.0 1291.0 small-vehicle 0
334.0 1263.0 343.0 1252.0 377.0 1272.0 367.0 1287.0 ship 0
700.0 1099.0 693.0 1113.0 658.0 1094.0 665.0 1076.0 ship 0
754.0 753.0 740.0 749.0 752.0 714.0 765.0 718.0 ship 0
131.0 262.0 142.0 250.0 172.0 277.0 161.0 287.0 small-vehicle 1
1576.0 249.0 1564.0 267.0 1374.0 156.0 1385.0 138.0 harbor 0
