imagesource:GoogleEarth
gsd:0.258036989023
4094.0 126.0 4104.0 131.0 4092.0 146.0 4084.0 143.0 small-vehicle 0
3336.0 2259.0 3351.0 2242.0 3452.0 2337.0 3437.0 2354.0 harbor 0
3585.0 2029.0 3624.0 2003.0 3735.0 2170.0 3697.0 2197.0 harbor 0
4225.0 2181.0 4245.0 2248.0 4124.0 2281.0 4099.0 2209.0 harbor 0
4266.0 2354.0 4267.0 2380.0 4137.0 2392.0 4132.0 2367.0 harbor 0
874.0 679.0 840.0 651.0 857.0 631.0 892.0 657.0 harbor 0
1635.0 486.0 1645.0 495.0 1585.0 566.0 1576.0 560.0 harbor 0
1418.0 564.0 1416.0 574.0 1319.0 561.0 1321.0 550.0 harbor 0
1698.0 432.0 1672.0 466.0 1650.0 445.0 1675.0 412.0 harbor 0
1732.0 277.0 1726.0 320.0 1693.0 314.0 1699.0 274.0 harbor 0
1655.0 194.0 1649.0 213.0 1626.0 206.0 1632.0 186.0 harbor 0
1795.0 215.0 1752.0 207.0 1755.0 186.0 1798.0 192.0 harbor 0
1870.0 525.0 1856.0 523.0 1869.0 383.0 1881.0 384.0 harbor 0
1932.0 601.0 1883.0 585.0 1904.0 529.0 1950.0 546.0 harbor 0
2285.0 704.0 2277.0 684.0 2385.0 648.0 2394.0 666.0 harbor 0
2346.0 927.0 2339.0 907.0 2429.0 876.0 2435.0 896.0 harbor 0
2385.0 1044.0 2371.0 1019.0 2479.0 963.0 2494.0 987.0 harbor 0
2403.0 1324.0 2384.0 1277.0 2671.0 1163.0 2694.0 1207.0 harbor 0
2937.0 1718.0 2916.0 1717.0 2924.0 1438.0 2946.0 1439.0 harbor 0
3052.0 1480.0 3040.0 1480.0 3041.0 1397.0 3054.0 1398.0 harbor 0
3323.0 1813.0 3255.0 1816.0 3233.0 1529.0 3310.0 1522.0 harbor 0
3509.0 1710.0 3484.0 1724.0 3390.0 1534.0 3413.0 1521.0 harbor 0
3631.0 1663.0 3607.0 1673.0 3543.0 1516.0 3572.0 1506.0 harbor 0
3420.0 2141.0 3467.0 2089.0 3589.0 2189.0 3543.0 2245.0 harbor 0
3258.0 2351.0 3277.0 2330.0 3373.0 2420.0 3351.0 2442.0 harbor 0
757.0 806.0 761.0 796.0 786.0 810.0 781.0 816.0 ship 0
3184.0 2464.0 3202.0 2444.0 3302.0 2520.0 3286.0 2538.0 harbor 0
264.0 1017.0 270.0 1029.0 162.0 1084.0 155.0 1070.0 harbor 0
305.0 1074.0 314.0 1084.0 214.0 1196.0 203.0 1186.0 harbor 0
565.0 903.0 580.0 905.0 544.0 1177.0 526.0 1175.0 harbor 0
661.0 1026.0 678.0 1028.0 664.0 1173.0 647.0 1172.0 harbor 0
869.0 1000.0 908.0 1009.0 890.0 1082.0 853.0 1075.0 harbor 0
961.0 1027.0 993.0 1036.0 958.0 1141.0 929.0 1130.0 harbor 0
1100.0 1041.0 1121.0 1040.0 1122.0 1173.0 1102.0 1174.0 harbor 0
1161.0 1033.0 1208.0 1032.0 1212.0 1156.0 1165.0 1159.0 harbor 0
1341.0 1071.0 1371.0 1081.0 1325.0 1226.0 1291.0 1215.0 harbor 0
1451.0 1152.0 1474.0 1154.0 1471.0 1321.0 1445.0 1320.0 harbor 0
1976.0 1082.0 1977.0 1114.0 1907.0 1119.0 1904.0 1086.0 harbor 0
2058.0 1371.0 2067.0 1392.0 2002.0 1428.0 1991.0 1406.0 harbor 0
2158.0 1459.0 2174.0 1474.0 2113.0 1554.0 2095.0 1540.0 harbor 0
2236.0 1537.0 2276.0 1571.0 2218.0 1643.0 2180.0 1608.0 harbor 0
2485.0 1763.0 2502.0 1779.0 2418.0 1881.0 2399.0 1868.0 harbor 0
2582.0 1822.0 2613.0 1843.0 2552.0 1945.0 2522.0 1926.0 harbor 0
2646.0 1840.0 2678.0 1854.0 2631.0 1970.0 2596.0 1954.0 harbor 0
2801.0 1915.0 2834.0 1962.0 2765.0 2011.0 2733.0 1962.0 harbor 0
2950.0 2084.0 2972.0 2119.0 2872.0 2187.0 2853.0 2154.0 harbor 0
3035.0 2264.0 3040.0 2276.0 2934.0 2326.0 2929.0 2316.0 harbor 0
3122.0 2508.0 3123.0 2521.0 3065.0 2523.0 3064.0 2510.0 harbor 0
3745.0 1486.0 3735.0 1490.0 3723.0 1453.0 3732.0 1449.0 harbor 0
42.0 1154.0 51.0 1151.0 61.0 1170.0 52.0 1173.0 small-vehicle 0
3511.0 95.0 3530.0 106.0 3500.0 150.0 3484.0 143.0 swimming-pool 0
3307.0 2338.0 3299.0 2347.0 3277.0 2328.0 3285.0 2319.0 ship 0
3447.0 2162.0 3440.0 2171.0 3418.0 2154.0 3423.0 2145.0 ship 0
3495.0 2094.0 3486.0 2103.0 3462.0 2082.0 3471.0 2074.0 ship 0
3601.0 2005.0 3608.0 2018.0 3583.0 2031.0 3576.0 2022.0 ship 0
3610.0 2016.0 3603.0 2006.0 3620.0 1996.0 3624.0 2002.0 ship 0
4244.0 2355.0 4242.0 2345.0 4269.0 2339.0 4270.0 2349.0 ship 0
3783.0 2536.0 3773.0 2537.0 3777.0 2515.0 3786.0 2516.0 ship 0
121.0 1526.0 122.0 1534.0 106.0 1538.0 104.0 1530.0 small-vehicle 1
161.0 1637.0 165.0 1631.0 182.0 1646.0 176.0 1650.0 small-vehicle 1
3902.0 2418.0 3907.0 2412.0 3924.0 2426.0 3920.0 2432.0 small-vehicle 1
3875.0 2399.0 3879.0 2392.0 3896.0 2405.0 3891.0 2410.0 small-vehicle 1
1175.0 552.0 1174.0 540.0 1209.0 543.0 1209.0 553.0 ship 0
1298.0 551.0 1300.0 561.0 1274.0 565.0 1274.0 555.0 ship 0
1335.0 577.0 1336.0 563.0 1390.0 569.0 1389.0 581.0 ship 0
1597.0 569.0 1586.0 562.0 1606.0 537.0 1614.0 545.0 ship 0
1860.0 534.0 1844.0 533.0 1844.0 503.0 1858.0 503.0 ship 0
1863.0 483.0 1854.0 486.0 1851.0 461.0 1862.0 459.0 ship 0
1872.0 401.0 1861.0 402.0 1861.0 378.0 1871.0 378.0 ship 0
1904.0 598.0 1908.0 588.0 1937.0 603.0 1931.0 611.0 ship 0
1715.0 232.0 1705.0 238.0 1690.0 217.0 1699.0 211.0 ship 0
1734.0 326.0 1722.0 322.0 1728.0 302.0 1740.0 302.0 ship 0
1673.0 82.0 1663.0 78.0 1670.0 52.0 1682.0 56.0 ship 0
3357.0 2276.0 3351.0 2285.0 3328.0 2269.0 3336.0 2257.0 ship 0
2452.0 1021.0 2445.0 1011.0 2486.0 987.0 2495.0 1001.0 ship 0
77.0 1184.0 84.0 1190.0 73.0 1202.0 68.0 1197.0 small-vehicle 0
2305.0 674.0 2309.0 684.0 2278.0 695.0 2276.0 683.0 ship 0
876.0 1000.0 877.0 991.0 914.0 1000.0 910.0 1010.0 ship 0
962.0 1027.0 963.0 1018.0 993.0 1025.0 991.0 1036.0 ship 0
1335.0 1089.0 1329.0 1086.0 1333.0 1068.0 1341.0 1069.0 ship 0
1141.0 1342.0 1131.0 1341.0 1132.0 1312.0 1143.0 1313.0 ship 0
1055.0 1751.0 1049.0 1759.0 1035.0 1744.0 1040.0 1739.0 small-vehicle 1
1078.0 1771.0 1072.0 1778.0 1053.0 1764.0 1059.0 1757.0 small-vehicle 1
1140.0 1952.0 1130.0 1949.0 1135.0 1931.0 1143.0 1933.0 small-vehicle 1
1113.0 1959.0 1104.0 1956.0 1110.0 1938.0 1119.0 1941.0 small-vehicle 1
1289.0 1687.0 1308.0 1691.0 1297.0 1731.0 1278.0 1727.0 swimming-pool 0
1280.0 2515.0 1281.0 2502.0 1307.0 2500.0 1309.0 2513.0 swimming-pool 0
1810.0 2492.0 1824.0 2492.0 1827.0 2522.0 1813.0 2523.0 swimming-pool 0
1489.0 1180.0 1477.0 1179.0 1479.0 1148.0 1489.0 1150.0 ship 0
2253.0 1564.0 2247.0 1572.0 2227.0 1556.0 2230.0 1546.0 ship 0
1792.0 1327.0 1792.0 1337.0 1773.0 1337.0 1772.0 1329.0 small-vehicle 0
1789.0 1344.0 1789.0 1351.0 1770.0 1351.0 1770.0 1344.0 small-vehicle 0
2472.0 2367.0 2487.0 2355.0 2515.0 2390.0 2503.0 2402.0 swimming-pool 0
2774.0 2180.0 2794.0 2165.0 2828.0 2209.0 2806.0 2223.0 swimming-pool 0
2526.0 1988.0 2528.0 1958.0 2563.0 1962.0 2561.0 1992.0 swimming-pool 0
2621.0 2005.0 2628.0 1988.0 2671.0 2006.0 2663.0 2019.0 swimming-pool 0
2339.0 1993.0 2348.0 1991.0 2352.0 2013.0 2343.0 2013.0 small-vehicle 0
2354.0 1983.0 2364.0 1981.0 2368.0 1999.0 2360.0 2002.0 small-vehicle 0
211.0 950.0 208.0 972.0 137.0 965.0 139.0 942.0 harbor 0
