imagesource:GoogleEarth
gsd:0.137480567586
640.0 36.0 724.0 40.0 712.0 217.0 629.0 211.0 tennis-court 0
505.0 29.0 588.0 32.0 578.0 208.0 494.0 202.0 tennis-court 0
601.0 707.0 683.0 712.0 672.0 888.0 590.0 881.0 tennis-court 0
469.0 700.0 550.0 706.0 538.0 881.0 457.0 876.0 tennis-court 0
264.0 689.0 346.0 694.0 336.0 868.0 254.0 864.0 tennis-court 0
133.0 680.0 214.0 685.0 203.0 860.0 122.0 855.0 tennis-court 0
284.0 352.0 366.0 358.0 355.0 532.0 274.0 528.0 tennis-court 0
151.0 344.0 233.0 349.0 223.0 524.0 140.0 518.0 tennis-court 0
302.0 15.0 383.0 19.0 374.0 196.0 292.0 191.0 tennis-court 0
170.0 8.0 252.0 14.0 242.0 187.0 160.0 181.0 tennis-court 0
