imagesource:GoogleEarth
gsd:0.139346091102
617.0 974.0 630.0 964.0 647.0 993.0 635.0 1001.0 small-vehicle 0
842.0 209.0 864.0 206.0 870.0 256.0 851.0 259.0 small-vehicle 0
856.0 154.0 859.0 139.0 899.0 152.0 897.0 167.0 small-vehicle 0
598.0 463.0 678.0 447.0 710.0 616.0 631.0 633.0 tennis-court 0
647.0 722.0 726.0 706.0 760.0 873.0 680.0 890.0 tennis-court 0
496.0 751.0 575.0 735.0 609.0 903.0 529.0 920.0 tennis-court 0
367.0 775.0 447.0 759.0 479.0 928.0 400.0 943.0 tennis-court 0
447.0 492.0 527.0 475.0 559.0 645.0 480.0 661.0 tennis-court 0
318.0 517.0 398.0 501.0 431.0 670.0 350.0 686.0 tennis-court 0
140.0 284.0 220.0 267.0 253.0 435.0 175.0 452.0 tennis-court 0
