imagesource:GoogleEarth
gsd:0.128884851863
193.0 194.0 206.0 206.0 179.0 235.0 166.0 226.0 small-vehicle 0
281.0 581.0 289.0 566.0 367.0 612.0 355.0 628.0 large-vehicle 0
463.0 432.0 475.0 414.0 545.0 460.0 530.0 476.0 large-vehicle 0
415.0 469.0 428.0 452.0 499.0 499.0 481.0 518.0 large-vehicle 0
359.0 479.0 371.0 459.0 448.0 500.0 435.0 519.0 large-vehicle 0
336.0 495.0 345.0 475.0 407.0 507.0 396.0 526.0 large-vehicle 0
321.0 520.0 332.0 499.0 408.0 541.0 398.0 559.0 large-vehicle 0
310.0 540.0 317.0 524.0 394.0 565.0 383.0 585.0 large-vehicle 0
295.0 560.0 307.0 545.0 368.0 579.0 354.0 597.0 large-vehicle 0
436.0 553.0 447.0 535.0 508.0 574.0 497.0 593.0 large-vehicle 0
860.0 234.0 874.0 253.0 840.0 279.0 827.0 263.0 small-vehicle 0
481.0 543.0 493.0 528.0 562.0 582.0 546.0 599.0 large-vehicle 0
501.0 523.0 510.0 508.0 584.0 556.0 571.0 572.0 large-vehicle 0
514.0 505.0 525.0 486.0 598.0 533.0 585.0 549.0 large-vehicle 0
545.0 485.0 556.0 467.0 635.0 513.0 621.0 535.0 large-vehicle 0
420.0 212.0 435.0 196.0 478.0 231.0 461.0 247.0 large-vehicle 0
476.0 283.0 459.0 271.0 496.0 230.0 512.0 240.0 large-vehicle 0
494.0 299.0 480.0 285.0 516.0 243.0 532.0 256.0 large-vehicle 0
485.0 412.0 497.0 393.0 563.0 439.0 551.0 457.0 large-vehicle 0
407.0 235.0 417.0 219.0 462.0 252.0 447.0 269.0 large-vehicle 0
382.0 253.0 396.0 239.0 439.0 273.0 425.0 287.0 large-vehicle 0
368.0 272.0 384.0 257.0 426.0 295.0 408.0 311.0 large-vehicle 0
642.0 157.0 659.0 137.0 725.0 196.0 712.0 217.0 large-vehicle 0
9.0 829.0 23.0 813.0 64.0 852.0 49.0 870.0 large-vehicle 0
25.0 808.0 42.0 793.0 83.0 832.0 67.0 848.0 large-vehicle 0
99.0 824.0 82.0 804.0 123.0 767.0 141.0 787.0 large-vehicle 0
105.0 750.0 122.0 765.0 93.0 794.0 77.0 782.0 small-vehicle 0
133.0 512.0 148.0 525.0 109.0 568.0 93.0 552.0 large-vehicle 0
212.0 433.0 225.0 422.0 262.0 459.0 248.0 471.0 large-vehicle 0
197.0 446.0 208.0 433.0 247.0 473.0 232.0 486.0 large-vehicle 0
178.0 464.0 191.0 450.0 233.0 490.0 217.0 500.0 large-vehicle 0
256.0 391.0 275.0 374.0 310.0 413.0 293.0 428.0 large-vehicle 0
273.0 377.0 288.0 359.0 330.0 397.0 313.0 413.0 large-vehicle 0
290.0 357.0 307.0 339.0 346.0 380.0 331.0 393.0 large-vehicle 0
308.0 342.0 322.0 328.0 361.0 364.0 348.0 376.0 large-vehicle 0
321.0 323.0 333.0 311.0 376.0 346.0 361.0 359.0 large-vehicle 0
351.0 289.0 367.0 272.0 405.0 311.0 391.0 326.0 large-vehicle 0
514.0 318.0 498.0 303.0 535.0 259.0 553.0 275.0 large-vehicle 0
