imagesource:GoogleEarth
gsd:0.259994790033
4613.0 174.0 4606.0 170.0 4617.0 152.0 4624.0 155.0 small-vehicle 0
3789.0 310.0 3766.0 302.0 3789.0 241.0 3812.0 249.0 harbor 0
3570.0 333.0 3567.0 311.0 3674.0 295.0 3678.0 317.0 harbor 0
3474.0 337.0 3392.0 332.0 3394.0 262.0 3478.0 265.0 harbor 0
3290.0 338.0 3251.0 334.0 3255.0 266.0 3293.0 268.0 harbor 0
3089.0 331.0 3071.0 331.0 3072.0 267.0 3088.0 267.0 harbor 0
3157.0 295.0 3166.0 317.0 3108.0 340.0 3097.0 316.0 harbor 0
2970.0 340.0 2921.0 337.0 2927.0 262.0 2975.0 268.0 harbor 0
2896.0 349.0 2830.0 345.0 2830.0 286.0 2898.0 286.0 harbor 0
2762.0 375.0 2702.0 362.0 2716.0 276.0 2775.0 288.0 harbor 0
2670.0 389.0 2612.0 397.0 2600.0 288.0 2664.0 283.0 harbor 0
2437.0 453.0 2346.0 462.0 2334.0 353.0 2424.0 339.0 harbor 0
2554.0 411.0 2485.0 418.0 2468.0 316.0 2541.0 311.0 harbor 0
2136.0 532.0 2079.0 543.0 2055.0 453.0 2115.0 439.0 harbor 0
1921.0 630.0 1870.0 652.0 1821.0 540.0 1875.0 517.0 harbor 0
1827.0 673.0 1779.0 694.0 1731.0 582.0 1788.0 560.0 harbor 0
1595.0 760.0 1570.0 773.0 1525.0 655.0 1550.0 643.0 harbor 0
1453.0 847.0 1432.0 859.0 1392.0 771.0 1413.0 760.0 harbor 0
1274.0 816.0 1252.0 806.0 1262.0 781.0 1285.0 790.0 harbor 0
1411.0 878.0 1365.0 898.0 1315.0 787.0 1362.0 766.0 harbor 0
1246.0 981.0 1193.0 1018.0 1136.0 944.0 1192.0 904.0 harbor 0
1134.0 1061.0 1102.0 1084.0 1055.0 1023.0 1088.0 998.0 harbor 0
1046.0 1147.0 992.0 1186.0 938.0 1107.0 988.0 1070.0 harbor 0
780.0 1358.0 759.0 1375.0 700.0 1305.0 725.0 1287.0 harbor 0
702.0 1431.0 691.0 1419.0 751.0 1367.0 763.0 1378.0 harbor 0
660.0 1469.0 606.0 1500.0 472.0 1269.0 532.0 1239.0 harbor 0
532.0 1541.0 494.0 1573.0 369.0 1429.0 411.0 1388.0 harbor 0
3725.0 298.0 3722.0 312.0 3672.0 303.0 3675.0 288.0 harbor 0
3956.0 411.0 3882.0 373.0 3914.0 312.0 3988.0 345.0 harbor 0
4102.0 100.0 4115.0 105.0 4103.0 136.0 4088.0 131.0 ship 0
4084.0 466.0 4010.0 434.0 4032.0 380.0 4107.0 409.0 harbor 0
4032.0 428.0 4038.0 416.0 4067.0 429.0 4062.0 441.0 ship 0
3725.0 288.0 3721.0 298.0 3688.0 296.0 3689.0 283.0 ship 0
3602.0 308.0 3600.0 296.0 3636.0 293.0 3636.0 305.0 ship 0
3686.0 157.0 3687.0 166.0 3665.0 165.0 3663.0 156.0 small-vehicle 0
3645.0 90.0 3634.0 90.0 3630.0 69.0 3641.0 68.0 small-vehicle 0
3633.0 87.0 3622.0 89.0 3616.0 66.0 3627.0 63.0 small-vehicle 0
3544.0 164.0 3552.0 163.0 3551.0 180.0 3543.0 181.0 small-vehicle 0
3987.0 224.0 4008.0 226.0 4002.0 263.0 3981.0 260.0 swimming-pool 0
2457.0 238.0 2487.0 231.0 2498.0 277.0 2464.0 283.0 swimming-pool 0
2943.0 224.0 2945.0 202.0 2999.0 206.0 2998.0 231.0 swimming-pool 0
2527.0 402.0 2526.0 390.0 2552.0 387.0 2554.0 400.0 ship 0
835.0 934.0 843.0 941.0 824.0 957.0 818.0 949.0 small-vehicle 0
805.0 932.0 803.0 924.0 825.0 918.0 828.0 927.0 small-vehicle 0
887.0 992.0 902.0 986.0 913.0 1016.0 900.0 1021.0 swimming-pool 0
5081.0 2022.0 5095.0 2023.0 5088.0 2164.0 5074.0 2164.0 harbor 0
5072.0 1804.0 5065.0 1746.0 5157.0 1729.0 5169.0 1790.0 harbor 0
4934.0 1231.0 4933.0 1216.0 4967.0 1211.0 4969.0 1227.0 harbor 0
4883.0 1191.0 4869.0 1153.0 4928.0 1140.0 4941.0 1177.0 harbor 0
4838.0 1032.0 4820.0 986.0 4856.0 973.0 4872.0 1019.0 harbor 0
4851.0 926.0 4811.0 884.0 4852.0 854.0 4886.0 896.0 harbor 0
4761.0 818.0 4729.0 799.0 4761.0 744.0 4790.0 759.0 harbor 0
4608.0 752.0 4584.0 711.0 4650.0 673.0 4676.0 719.0 harbor 0
4556.0 669.0 4504.0 634.0 4525.0 600.0 4582.0 632.0 harbor 0
4463.0 611.0 4411.0 587.0 4431.0 544.0 4483.0 569.0 harbor 0
4205.0 544.0 4132.0 501.0 4159.0 459.0 4229.0 496.0 harbor 0
374.0 1718.0 301.0 1780.0 138.0 1573.0 214.0 1518.0 harbor 0
