imagesource:GoogleEarth
gsd:0.136569405667
828.0 510.0 836.0 496.0 870.0 514.0 864.0 529.0 small-vehicle 0
771.0 637.0 778.0 623.0 809.0 638.0 802.0 652.0 small-vehicle 0
731.0 401.0 806.0 435.0 735.0 596.0 659.0 563.0 tennis-court 0
632.0 357.0 708.0 392.0 636.0 552.0 560.0 518.0 tennis-court 0
462.0 282.0 539.0 317.0 468.0 478.0 393.0 443.0 tennis-court 0
366.0 239.0 442.0 274.0 371.0 434.0 294.0 401.0 tennis-court 0
191.0 161.0 266.0 197.0 195.0 357.0 120.0 324.0 tennis-court 0
93.0 119.0 169.0 152.0 97.0 314.0 22.0 279.0 tennis-court 0
