imagesource:GoogleEarth
gsd:0.141289782221
33.0 1572.0 33.0 1555.0 65.0 1552.0 66.0 1569.0 small-vehicle 0
875.0 392.0 846.0 468.0 792.0 443.0 827.0 370.0 plane 0
415.0 421.0 502.0 456.0 481.0 508.0 391.0 472.0 plane 0
529.0 463.0 601.0 495.0 581.0 545.0 503.0 510.0 plane 0
350.0 781.0 457.0 827.0 412.0 926.0 305.0 881.0 plane 0
211.0 688.0 351.0 745.0 279.0 887.0 145.0 820.0 plane 0
99.0 697.0 165.0 742.0 133.0 789.0 63.0 748.0 plane 0
583.0 791.0 624.0 738.0 666.0 762.0 628.0 821.0 plane 0
626.0 708.0 659.0 632.0 704.0 652.0 673.0 728.0 plane 0
773.0 641.0 750.0 702.0 695.0 679.0 720.0 621.0 plane 0
663.0 628.0 689.0 558.0 737.0 575.0 714.0 642.0 plane 0
791.0 571.0 772.0 621.0 728.0 602.0 747.0 553.0 plane 0
696.0 536.0 730.0 476.0 778.0 501.0 748.0 562.0 plane 0
845.0 475.0 810.0 548.0 761.0 522.0 794.0 453.0 plane 0
734.0 462.0 762.0 388.0 812.0 407.0 789.0 480.0 plane 0
767.0 377.0 794.0 312.0 842.0 330.0 818.0 398.0 plane 0
310.0 1507.0 326.0 1498.0 343.0 1538.0 327.0 1546.0 small-vehicle 0
913.0 318.0 869.0 383.0 823.0 354.0 865.0 290.0 plane 0
936.0 237.0 915.0 307.0 864.0 292.0 887.0 218.0 plane 0
835.0 225.0 866.0 160.0 909.0 179.0 878.0 247.0 plane 0
859.0 141.0 896.0 73.0 949.0 99.0 910.0 169.0 plane 0
1011.0 76.0 975.0 155.0 913.0 129.0 953.0 52.0 plane 0
54.0 1036.0 157.0 1065.0 131.0 1164.0 27.0 1140.0 plane 0
186.0 1080.0 289.0 1124.0 252.0 1217.0 145.0 1172.0 plane 0
423.0 1192.0 526.0 1240.0 486.0 1327.0 380.0 1280.0 plane 0
141.0 1296.0 256.0 1326.0 228.0 1420.0 116.0 1385.0 plane 0
28.0 1527.0 27.0 1510.0 62.0 1506.0 64.0 1524.0 small-vehicle 0
26.0 1554.0 25.0 1536.0 68.0 1529.0 71.0 1545.0 small-vehicle 0
446.0 1188.0 455.0 1162.0 527.0 1191.0 518.0 1216.0 large-vehicle 0
70.0 1422.0 89.0 1418.0 93.0 1460.0 76.0 1463.0 small-vehicle 0
334.0 372.0 397.0 419.0 360.0 473.0 292.0 423.0 plane 0
