imagesource:GoogleEarth
gsd:null
345.0 3.0 371.0 3.0 371.0 36.0 346.0 37.0 small-vehicle 1
3947.0 2357.0 4293.0 2295.0 4355.0 2530.0 4009.0 2579.0 plane 0
685.0 1673.0 1017.0 1611.0 1093.0 1853.0 761.0 1901.0 plane 0
1590.0 602.0 1908.0 512.0 1964.0 719.0 1652.0 788.0 plane 0
2019.0 512.0 2399.0 429.0 2468.0 657.0 2088.0 740.0 plane 0
2731.0 367.0 2952.0 512.0 2793.0 678.0 2565.0 553.0 plane 0
2786.0 1376.0 3187.0 1300.0 3270.0 1570.0 2855.0 1659.0 plane 0
3463.0 802.0 3768.0 747.0 3823.0 975.0 3526.0 1037.0 plane 0
4016.0 712.0 4334.0 657.0 4424.0 892.0 4099.0 961.0 plane 0
4873.0 588.0 5184.0 526.0 5267.0 761.0 4963.0 809.0 plane 0
4763.0 1093.0 5413.0 947.0 5558.0 1417.0 4880.0 1542.0 plane 0
5682.0 934.0 6380.0 823.0 6532.0 1238.0 5820.0 1348.0 plane 0
3422.0 2434.0 3802.0 2364.0 3899.0 2655.0 3498.0 2710.0 plane 0
4936.0 2530.0 4604.0 2599.0 4535.0 2392.0 4894.0 2316.0 plane 0
313.0 13.0 332.0 13.0 344.0 48.0 321.0 47.0 small-vehicle 1
6035.0 2385.0 5627.0 2461.0 5544.0 2185.0 5931.0 2109.0 plane 0
5.0 58.0 18.0 51.0 29.0 81.0 16.0 87.0 small-vehicle 1
28.0 48.0 50.0 45.0 61.0 78.0 41.0 84.0 small-vehicle 1
55.0 43.0 76.0 36.0 91.0 73.0 71.0 78.0 small-vehicle 1
87.0 41.0 107.0 35.0 118.0 74.0 99.0 80.0 small-vehicle 1
116.0 39.0 137.0 31.0 150.0 64.0 128.0 72.0 small-vehicle 1
146.0 31.0 172.0 30.0 178.0 67.0 155.0 67.0 small-vehicle 1
179.0 23.0 195.0 21.0 202.0 67.0 184.0 63.0 small-vehicle 1
213.0 22.0 236.0 17.0 245.0 61.0 225.0 61.0 small-vehicle 1
248.0 19.0 269.0 17.0 277.0 64.0 258.0 64.0 small-vehicle 1
280.0 13.0 298.0 13.0 308.0 52.0 288.0 57.0 small-vehicle 1
277.0 844.0 567.0 809.0 643.0 1017.0 318.0 1065.0 plane 0
