imagesource:GoogleEarth
gsd:0.11412738322
3505.0 3864.0 3494.0 3879.0 3460.0 3851.0 3471.0 3835.0 small-vehicle 1
3526.0 3819.0 3503.0 3822.0 3499.0 3777.0 3522.0 3773.0 small-vehicle 1
1147.0 1004.0 1017.0 874.0 1187.0 707.0 1310.0 850.0 plane 0
1744.0 1944.0 1534.0 1737.0 1757.0 1504.0 1967.0 1710.0 plane 0
464.0 2790.0 227.0 2290.0 757.0 2034.0 1024.0 2524.0 plane 0
327.0 3164.0 587.0 2980.0 757.0 3244.0 500.0 3427.0 plane 0
1510.0 3474.0 1334.0 3194.0 1620.0 3007.0 1787.0 3280.0 plane 0
2160.0 3860.0 2010.0 3600.0 2324.0 3424.0 2477.0 3680.0 plane 0
2837.0 4310.0 2580.0 4460.0 2387.0 4104.0 2644.0 3964.0 plane 0
2780.0 5037.0 3060.0 4854.0 3277.0 5197.0 2977.0 5370.0 plane 0
4010.0 5394.0 4254.0 5244.0 4404.0 5480.0 4167.0 5634.0 plane 0
404.0 89.0 386.0 68.0 431.0 29.0 454.0 45.0 small-vehicle 1
620.0 27.0 608.0 49.0 562.0 31.0 570.0 10.0 small-vehicle 1
532.0 608.0 528.0 635.0 456.0 610.0 461.0 587.0 small-vehicle 1
960.0 1422.0 974.0 1438.0 950.0 1464.0 933.0 1449.0 small-vehicle 1
578.0 2646.0 578.0 2669.0 539.0 2669.0 539.0 2647.0 small-vehicle 1
2296.0 1720.0 2313.0 1706.0 2336.0 1734.0 2321.0 1748.0 small-vehicle 1
544.0 7.0 827.0 290.0 474.0 630.0 200.0 330.0 plane 0
