imagesource:GoogleEarth
gsd:0.102019955119
1969.0 1760.0 1972.0 1782.0 1900.0 1791.0 1898.0 1767.0 small-vehicle 1
2377.0 1624.0 2160.0 1577.0 2220.0 1314.0 2430.0 1374.0 plane 0
4460.0 690.0 4357.0 760.0 4264.0 627.0 4384.0 554.0 plane 0
4294.0 827.0 4184.0 880.0 4090.0 737.0 4207.0 674.0 plane 0
4167.0 884.0 4027.0 967.0 3954.0 857.0 4084.0 774.0 plane 0
4930.0 1914.0 4744.0 1650.0 5007.0 1450.0 5190.0 1720.0 plane 0
4387.0 2124.0 4507.0 2304.0 4337.0 2430.0 4224.0 2250.0 plane 0
4560.0 2390.0 4660.0 2550.0 4494.0 2664.0 4387.0 2500.0 plane 0
4810.0 2597.0 5044.0 2467.0 5207.0 2710.0 4957.0 2850.0 plane 0
1977.0 1570.0 1687.0 1587.0 1664.0 1264.0 1950.0 1247.0 plane 0
5628.0 514.0 5649.0 502.0 5674.0 548.0 5657.0 559.0 small-vehicle 1
1640.0 1617.0 1437.0 1660.0 1360.0 1417.0 1554.0 1367.0 plane 0
1290.0 1740.0 1127.0 1834.0 1020.0 1647.0 1180.0 1557.0 plane 0
764.0 2157.0 694.0 2314.0 477.0 2200.0 564.0 2040.0 plane 0
660.0 2360.0 614.0 2534.0 380.0 2457.0 434.0 2277.0 plane 0
3974.0 4454.0 3824.0 4254.0 3994.0 4137.0 4137.0 4340.0 plane 0
3302.0 4887.0 3191.0 4700.0 3413.0 4554.0 3518.0 4729.0 plane 0
710.0 2703.0 914.0 2779.0 838.0 3025.0 634.0 2955.0 plane 0
3381.0 2434.0 3404.0 2424.0 3427.0 2465.0 3408.0 2477.0 small-vehicle 1
3797.0 280.0 3785.0 258.0 3819.0 238.0 3836.0 256.0 small-vehicle 1
3904.0 324.0 3913.0 345.0 3871.0 361.0 3859.0 342.0 small-vehicle 1
4456.0 1196.0 4433.0 1174.0 4495.0 1128.0 4513.0 1148.0 small-vehicle 1
4649.0 163.0 4635.0 147.0 4679.0 112.0 4690.0 129.0 small-vehicle 1
4629.0 137.0 4618.0 119.0 4655.0 90.0 4668.0 104.0 small-vehicle 1
4133.0 549.0 4150.0 535.0 4187.0 582.0 4161.0 593.0 small-vehicle 1
4114.0 565.0 4134.0 550.0 4159.0 596.0 4141.0 610.0 small-vehicle 1
4088.0 577.0 4111.0 566.0 4140.0 613.0 4120.0 625.0 small-vehicle 1
4990.0 915.0 5007.0 899.0 5041.0 946.0 5025.0 955.0 small-vehicle 1
4621.0 1167.0 4637.0 1188.0 4594.0 1221.0 4577.0 1203.0 small-vehicle 1
5774.0 1672.0 5792.0 1694.0 5753.0 1722.0 5742.0 1702.0 small-vehicle 1
5760.0 1658.0 5768.0 1678.0 5731.0 1698.0 5722.0 1679.0 small-vehicle 1
5718.0 1665.0 5708.0 1646.0 5741.0 1628.0 5756.0 1644.0 small-vehicle 1
5654.0 1576.0 5643.0 1554.0 5677.0 1526.0 5688.0 1545.0 small-vehicle 1
5642.0 1552.0 5624.0 1533.0 5654.0 1504.0 5671.0 1518.0 small-vehicle 1
5624.0 1521.0 5609.0 1506.0 5639.0 1478.0 5652.0 1490.0 small-vehicle 1
5608.0 1494.0 5594.0 1476.0 5632.0 1452.0 5642.0 1470.0 small-vehicle 1
4733.0 1229.0 4707.0 1228.0 4706.0 1177.0 4733.0 1178.0 small-vehicle 1
624.0 5076.0 308.0 5238.0 112.0 4888.0 416.0 4718.0 plane 0
