imagesource:GoogleEarth
gsd:0.100850749498
3009.0 519.0 2867.0 634.0 2711.0 461.0 2860.0 336.0 plane 0
2853.0 644.0 2732.0 755.0 2566.0 575.0 2698.0 461.0 plane 0
2715.0 776.0 2590.0 886.0 2435.0 703.0 2570.0 585.0 plane 0
2563.0 886.0 2424.0 997.0 2296.0 831.0 2445.0 724.0 plane 0
2400.0 1021.0 2272.0 1125.0 2141.0 952.0 2286.0 845.0 plane 0
2237.0 1184.0 2016.0 1367.0 1853.0 1163.0 2089.0 976.0 plane 0
1978.0 1378.0 1743.0 1561.0 1611.0 1378.0 1839.0 1194.0 plane 0
1649.0 1651.0 1421.0 1827.0 1282.0 1630.0 1518.0 1461.0 plane 0
1407.0 1859.0 1175.0 2032.0 1033.0 1848.0 1272.0 1668.0 plane 0
1175.0 2094.0 871.0 2326.0 656.0 2045.0 954.0 1810.0 plane 0
860.0 2357.0 563.0 2585.0 341.0 2298.0 656.0 2066.0 plane 0
539.0 2602.0 428.0 2689.0 279.0 2502.0 400.0 2405.0 plane 0
397.0 2703.0 258.0 2807.0 120.0 2623.0 258.0 2519.0 plane 0
