imagesource:GoogleEarth
gsd:0.103515157973
3414.0 814.0 3330.0 895.0 3222.0 774.0 3317.0 692.0 plane 0
3282.0 914.0 3204.0 995.0 3110.0 894.0 3190.0 810.0 plane 0
700.0 3190.0 605.0 3269.0 500.0 3137.0 600.0 3060.0 plane 0
792.0 3097.0 715.0 3177.0 592.0 3045.0 684.0 2969.0 plane 0
890.0 3017.0 805.0 3099.0 689.0 2964.0 780.0 2880.0 plane 0
999.0 2894.0 909.0 2970.0 805.0 2850.0 904.0 2777.0 plane 0
1104.0 2815.0 1015.0 2890.0 902.0 2754.0 995.0 2684.0 plane 0
1194.0 2745.0 1107.0 2814.0 1002.0 2687.0 1094.0 2615.0 plane 0
1289.0 2652.0 1205.0 2732.0 1100.0 2615.0 1192.0 2534.0 plane 0
1402.0 2555.0 1315.0 2639.0 1204.0 2512.0 1300.0 2434.0 plane 0
1494.0 2480.0 1412.0 2552.0 1309.0 2434.0 1389.0 2362.0 plane 0
1587.0 2404.0 1502.0 2485.0 1395.0 2362.0 1485.0 2292.0 plane 0
1665.0 2317.0 1592.0 2395.0 1477.0 2292.0 1560.0 2212.0 plane 0
1755.0 2242.0 1679.0 2320.0 1567.0 2215.0 1650.0 2130.0 plane 0
1875.0 2145.0 1794.0 2239.0 1679.0 2129.0 1769.0 2042.0 plane 0
1977.0 2054.0 1900.0 2139.0 1784.0 2030.0 1864.0 1942.0 plane 0
2084.0 1980.0 2009.0 2055.0 1887.0 1932.0 1970.0 1855.0 plane 0
2737.0 1477.0 2594.0 1560.0 2465.0 1344.0 2605.0 1257.0 plane 0
2875.0 1315.0 2759.0 1420.0 2600.0 1222.0 2720.0 1127.0 plane 0
3009.0 1145.0 2942.0 1202.0 2850.0 1102.0 2920.0 1040.0 plane 0
3184.0 1010.0 3099.0 1067.0 3017.0 942.0 3104.0 889.0 plane 0
565.0 3349.0 415.0 3472.0 259.0 3289.0 405.0 3174.0 helicopter 0
