imagesource:GoogleEarth
gsd:0.288501286197
1663.0 3483.0 1657.0 3490.0 1640.0 3478.0 1643.0 3472.0 small-vehicle 0
1336.0 2497.0 1308.0 2535.0 1278.0 2517.0 1306.0 2476.0 plane 0
1498.0 2584.0 1480.0 2618.0 1454.0 2606.0 1472.0 2570.0 plane 0
1475.0 2621.0 1452.0 2648.0 1432.0 2632.0 1454.0 2605.0 plane 0
1452.0 2670.0 1412.0 2658.0 1422.0 2626.0 1460.0 2640.0 plane 0
1391.0 2320.0 1371.0 2356.0 1326.0 2333.0 1344.0 2296.0 plane 0
1414.0 2370.0 1392.0 2406.0 1366.0 2388.0 1390.0 2352.0 plane 0
1324.0 2430.0 1350.0 2396.0 1388.0 2424.0 1363.0 2460.0 plane 0
1284.0 2517.0 1272.0 2563.0 1234.0 2556.0 1246.0 2508.0 plane 0
1206.0 2817.0 1228.0 2786.0 1249.0 2800.0 1228.0 2832.0 plane 0
1280.0 2568.0 1253.0 2610.0 1216.0 2584.0 1242.0 2546.0 plane 0
1215.0 2776.0 1237.0 2740.0 1269.0 2760.0 1248.0 2794.0 plane 0
1328.0 2809.0 1314.0 2835.0 1290.0 2824.0 1304.0 2794.0 plane 0
1263.0 2780.0 1296.0 2800.0 1284.0 2821.0 1252.0 2802.0 plane 0
1326.0 2828.0 1308.0 2875.0 1268.0 2859.0 1285.0 2812.0 plane 0
1291.0 2871.0 1273.0 2901.0 1248.0 2888.0 1266.0 2856.0 plane 0
1413.0 2616.0 1436.0 2584.0 1457.0 2601.0 1434.0 2633.0 plane 0
1434.0 2577.0 1456.0 2540.0 1478.0 2554.0 1458.0 2590.0 plane 0
1523.0 2548.0 1502.0 2586.0 1475.0 2570.0 1497.0 2533.0 plane 0
1546.0 2512.0 1526.0 2544.0 1500.0 2530.0 1524.0 2496.0 plane 0
1564.0 2476.0 1545.0 2508.0 1518.0 2492.0 1538.0 2459.0 plane 0
1478.0 2494.0 1504.0 2458.0 1526.0 2476.0 1502.0 2512.0 plane 0
1581.0 2438.0 1561.0 2475.0 1536.0 2459.0 1559.0 2424.0 plane 0
1510.0 2431.0 1534.0 2396.0 1575.0 2426.0 1552.0 2459.0 plane 0
1800.0 2596.0 1838.0 2618.0 1826.0 2637.0 1789.0 2617.0 plane 0
1416.0 2278.0 1416.0 2294.0 1388.0 2296.0 1388.0 2280.0 helicopter 0
1630.0 2279.0 1646.0 2254.0 1680.0 2275.0 1665.0 2300.0 helicopter 0
1648.0 2326.0 1626.0 2368.0 1581.0 2342.0 1605.0 2300.0 plane 0
1611.0 2249.0 1636.0 2212.0 1660.0 2231.0 1636.0 2266.0 plane 0
1704.0 2233.0 1682.0 2272.0 1651.0 2251.0 1676.0 2214.0 plane 0
1742.0 2178.0 1712.0 2225.0 1671.0 2200.0 1700.0 2151.0 plane 0
1630.0 2176.0 1652.0 2140.0 1681.0 2160.0 1656.0 2195.0 plane 0
1656.0 2128.0 1678.0 2094.0 1725.0 2124.0 1704.0 2158.0 plane 0
1228.0 2842.0 1259.0 2860.0 1248.0 2879.0 1217.0 2863.0 plane 0
1188.0 2849.0 1206.0 2820.0 1225.0 2833.0 1206.0 2863.0 plane 0
1740.0 2079.0 1718.0 2119.0 1678.0 2097.0 1704.0 2057.0 plane 0
1893.0 3989.0 2004.0 4032.0 1959.0 4152.0 1850.0 4110.0 plane 0
4268.0 1748.0 4380.0 1748.0 4380.0 1869.0 4268.0 1869.0 storage-tank 0
5854.0 3518.0 5739.0 3552.0 5698.0 3429.0 5813.0 3394.0 plane 0
5718.0 3577.0 5832.0 3543.0 5874.0 3664.0 5762.0 3703.0 plane 0
4618.0 4973.0 4768.0 5032.0 4713.0 5189.0 4560.0 5130.0 plane 0
4673.0 5865.0 4502.0 5804.0 4575.0 5605.0 4745.0 5670.0 plane 0
4279.0 5710.0 4128.0 5649.0 4202.0 5477.0 4345.0 5539.0 plane 0
1630.0 4245.0 1748.0 4283.0 1708.0 4407.0 1588.0 4369.0 plane 0
1163.0 2880.0 1182.0 2850.0 1203.0 2864.0 1183.0 2894.0 plane 0
2177.0 4075.0 2287.0 4118.0 2239.0 4242.0 2132.0 4199.0 plane 0
3329.0 4499.0 3418.0 4535.0 3383.0 4649.0 3290.0 4615.0 plane 0
2997.0 4374.0 3110.0 4414.0 3077.0 4537.0 2958.0 4495.0 plane 0
2653.0 4243.0 2764.0 4288.0 2727.0 4405.0 2610.0 4365.0 plane 0
2465.0 4544.0 2513.0 4433.0 2620.0 4475.0 2578.0 4587.0 plane 0
2350.0 1617.0 2389.0 1635.0 2377.0 1659.0 2338.0 1640.0 plane 0
4025.0 1988.0 4067.0 1988.0 4067.0 2033.0 4025.0 2033.0 storage-tank 0
3929.0 2033.0 3968.0 2033.0 3968.0 2074.0 3929.0 2074.0 storage-tank 0
3970.0 2128.0 4012.0 2128.0 4012.0 2172.0 3970.0 2172.0 storage-tank 0
4075.0 2129.0 4134.0 2129.0 4134.0 2185.0 4075.0 2185.0 storage-tank 0
4010.0 2225.0 4052.0 2225.0 4052.0 2267.0 4010.0 2267.0 storage-tank 0
4188.0 2354.0 4233.0 2354.0 4233.0 2399.0 4188.0 2399.0 storage-tank 0
4262.0 2325.0 4304.0 2325.0 4304.0 2368.0 4262.0 2368.0 storage-tank 0
3788.0 2768.0 3879.0 2768.0 3879.0 2864.0 3788.0 2864.0 roundabout 0
1215.0 3016.0 1175.0 3023.0 1169.0 2988.0 1209.0 2982.0 plane 0
1165.0 3018.0 1128.0 3002.0 1144.0 2974.0 1176.0 2992.0 plane 0
1104.0 2986.0 1108.0 2947.0 1138.0 2950.0 1134.0 2990.0 plane 0
1119.0 2939.0 1140.0 2909.0 1165.0 2930.0 1146.0 2958.0 plane 0
1145.0 2913.0 1163.0 2883.0 1186.0 2900.0 1166.0 2928.0 plane 0
1188.0 2903.0 1219.0 2922.0 1208.0 2941.0 1177.0 2922.0 plane 0
1243.0 2932.0 1227.0 2962.0 1206.0 2950.0 1223.0 2920.0 plane 0
1237.0 2968.0 1219.0 3001.0 1193.0 2988.0 1212.0 2953.0 plane 0
1268.0 2902.0 1252.0 2934.0 1225.0 2921.0 1244.0 2888.0 plane 0
1786.0 2108.0 1764.0 2142.0 1722.0 2115.0 1742.0 2082.0 plane 0
1787.0 2057.0 1764.0 2089.0 1742.0 2073.0 1764.0 2040.0 plane 0
1602.0 3446.0 1597.0 3454.0 1577.0 3442.0 1583.0 3434.0 small-vehicle 0
2042.0 2787.0 2063.0 2750.0 2094.0 2768.0 2073.0 2805.0 plane 0
2843.0 1119.0 2846.0 1113.0 2859.0 1123.0 2856.0 1128.0 small-vehicle 0
2855.0 1136.0 2853.0 1141.0 2837.0 1132.0 2839.0 1126.0 small-vehicle 0
2852.0 1153.0 2848.0 1158.0 2834.0 1147.0 2838.0 1142.0 small-vehicle 0
2825.0 1138.0 2825.0 1143.0 2807.0 1146.0 2805.0 1139.0 small-vehicle 0
2759.0 1156.0 2765.0 1161.0 2756.0 1175.0 2749.0 1171.0 small-vehicle 0
2037.0 2772.0 2019.0 2813.0 1992.0 2798.0 2008.0 2758.0 plane 0
5088.0 3234.0 5037.0 3251.0 5022.0 3210.0 5071.0 3193.0 plane 0
5038.0 3380.0 5026.0 3338.0 5081.0 3321.0 5094.0 3363.0 plane 0
5046.0 3254.0 5007.0 3266.0 4999.0 3242.0 5038.0 3228.0 plane 0
5012.0 3251.0 4972.0 3264.0 4960.0 3230.0 5002.0 3218.0 plane 0
4978.0 3274.0 4941.0 3287.0 4933.0 3258.0 4970.0 3248.0 plane 0
5055.0 3316.0 5037.0 3258.0 5087.0 3241.0 5107.0 3298.0 plane 0
5019.0 3314.0 5002.0 3266.0 5038.0 3254.0 5054.0 3301.0 plane 0
5080.0 3342.0 5066.0 3302.0 5094.0 3293.0 5107.0 3332.0 plane 0
2845.0 1112.0 2850.0 1103.0 2864.0 1116.0 2858.0 1119.0 small-vehicle 0
2878.0 1063.0 2880.0 1058.0 2895.0 1067.0 2892.0 1073.0 small-vehicle 0
2882.0 1054.0 2888.0 1045.0 2904.0 1058.0 2898.0 1064.0 small-vehicle 0
2866.0 1051.0 2866.0 1045.0 2884.0 1043.0 2883.0 1050.0 small-vehicle 0
2858.0 1066.0 2857.0 1060.0 2872.0 1059.0 2874.0 1068.0 small-vehicle 0
2951.0 1252.0 2947.0 1259.0 2930.0 1250.0 2934.0 1241.0 small-vehicle 0
2943.0 1266.0 2938.0 1270.0 2927.0 1263.0 2930.0 1258.0 small-vehicle 1
2914.0 1007.0 2917.0 1001.0 2931.0 1013.0 2928.0 1016.0 small-vehicle 0
1011.0 2965.0 1005.0 2961.0 1017.0 2940.0 1025.0 2945.0 small-vehicle 0
1309.0 3054.0 1301.0 3052.0 1304.0 3032.0 1312.0 3034.0 small-vehicle 0
1381.0 3225.0 1388.0 3230.0 1379.0 3246.0 1370.0 3243.0 small-vehicle 0
1425.0 3254.0 1433.0 3258.0 1423.0 3272.0 1418.0 3268.0 small-vehicle 0
1486.0 3320.0 1478.0 3315.0 1489.0 3297.0 1496.0 3302.0 small-vehicle 0
1496.0 3324.0 1489.0 3320.0 1498.0 3300.0 1507.0 3306.0 small-vehicle 0
1512.0 3334.0 1504.0 3328.0 1513.0 3316.0 1520.0 3319.0 small-vehicle 0
1477.0 3367.0 1477.0 3358.0 1494.0 3355.0 1494.0 3364.0 small-vehicle 0
1551.0 3424.0 1556.0 3416.0 1575.0 3430.0 1571.0 3436.0 small-vehicle 0
5023.0 3352.0 5010.0 3309.0 5041.0 3298.0 5057.0 3341.0 plane 0
5003.0 3294.0 4963.0 3307.0 4952.0 3278.0 4993.0 3266.0 plane 0
1699.0 2054.0 1721.0 2022.0 1764.0 2052.0 1740.0 2086.0 plane 0
1730.0 1803.0 1689.0 1866.0 1617.0 1823.0 1664.0 1758.0 plane 0
2358.0 2189.0 2318.0 2174.0 2333.0 2138.0 2372.0 2153.0 plane 0
2257.0 2272.0 2224.0 2284.0 2212.0 2254.0 2249.0 2241.0 plane 0
2255.0 2261.0 2290.0 2279.0 2278.0 2304.0 2244.0 2289.0 plane 0
2219.0 2325.0 2183.0 2291.0 2214.0 2258.0 2249.0 2294.0 plane 0
1872.0 1967.0 1784.0 1916.0 1858.0 1801.0 1938.0 1852.0 plane 0
1763.0 1744.0 1740.0 1780.0 1699.0 1756.0 1724.0 1718.0 plane 0
1673.0 1889.0 1647.0 1923.0 1624.0 1906.0 1650.0 1872.0 plane 0
4936.0 3275.0 4899.0 3288.0 4890.0 3267.0 4929.0 3252.0 plane 0
1659.0 1938.0 1626.0 1985.0 1584.0 1953.0 1620.0 1908.0 plane 0
1602.0 1992.0 1576.0 2025.0 1552.0 2006.0 1576.0 1973.0 plane 0
1728.0 2014.0 1757.0 1974.0 1788.0 1998.0 1757.0 2037.0 plane 0
1813.0 1956.0 1792.0 1986.0 1770.0 1972.0 1791.0 1942.0 plane 0
1865.0 1971.0 1853.0 2006.0 1806.0 1990.0 1822.0 1953.0 plane 0
1845.0 2011.0 1819.0 2048.0 1786.0 2024.0 1814.0 1989.0 plane 0
2348.0 2169.0 2289.0 2146.0 2312.0 2092.0 2368.0 2111.0 plane 0
2337.0 2254.0 2376.0 2278.0 2363.0 2302.0 2324.0 2279.0 plane 0
2372.0 1938.0 2359.0 1902.0 2394.0 1893.0 2405.0 1925.0 plane 1
2289.0 1898.0 2253.0 1900.0 2252.0 1866.0 2291.0 1866.0 plane 0
2333.0 1948.0 2293.0 1916.0 2323.0 1880.0 2361.0 1915.0 plane 0
2332.0 1893.0 2277.0 1904.0 2270.0 1854.0 2322.0 1845.0 plane 0
2306.0 1864.0 2253.0 1873.0 2246.0 1827.0 2299.0 1819.0 plane 0
2649.0 1367.0 2627.0 1355.0 2649.0 1316.0 2671.0 1330.0 helicopter 0
5002.0 3476.0 5002.0 3524.0 4960.0 3523.0 4960.0 3474.0 plane 0
5088.0 3633.0 5117.0 3675.0 5079.0 3700.0 5050.0 3658.0 plane 0
5072.0 3592.0 5020.0 3612.0 5001.0 3558.0 5052.0 3540.0 plane 0
5081.0 3722.0 5128.0 3714.0 5144.0 3775.0 5096.0 3786.0 plane 0
5135.0 3717.0 5188.0 3704.0 5204.0 3752.0 5151.0 3768.0 plane 0
5190.0 3684.0 5238.0 3675.0 5251.0 3736.0 5204.0 3746.0 plane 0
5132.0 3516.0 5106.0 3464.0 5156.0 3442.0 5181.0 3489.0 plane 0
5128.0 3451.0 5110.0 3412.0 5145.0 3398.0 5163.0 3440.0 plane 0
5084.0 3414.0 5058.0 3344.0 5126.0 3321.0 5151.0 3388.0 plane 0
2362.0 609.0 2458.0 669.0 2385.0 794.0 2283.0 727.0 plane 0
