imagesource:GoogleEarth
gsd:0.591560301867
1055.0 1138.0 1089.0 1034.0 1241.0 1078.0 1211.0 1185.0 soccer-ball-field 0
1841.0 2494.0 1821.0 2489.0 1825.0 2475.0 1845.0 2481.0 plane 0
2080.0 1198.0 2068.0 1245.0 2030.0 1236.0 2043.0 1187.0 plane 0
2011.0 1295.0 2013.0 1240.0 2053.0 1243.0 2053.0 1296.0 plane 0
1931.0 2335.0 1915.0 2329.0 1920.0 2310.0 1938.0 2317.0 plane 0
1913.0 2321.0 1885.0 2313.0 1891.0 2290.0 1919.0 2299.0 plane 0
1850.0 2395.0 1822.0 2385.0 1832.0 2355.0 1860.0 2365.0 plane 0
1880.0 2404.0 1854.0 2396.0 1862.0 2371.0 1888.0 2380.0 plane 0
1919.0 2408.0 1898.0 2401.0 1903.0 2377.0 1926.0 2384.0 plane 0
1803.0 2461.0 1784.0 2456.0 1786.0 2442.0 1806.0 2447.0 plane 0
1887.0 2508.0 1869.0 2502.0 1872.0 2488.0 1890.0 2495.0 plane 0
1893.0 2489.0 1874.0 2483.0 1879.0 2470.0 1897.0 2475.0 plane 0
1870.0 2482.0 1850.0 2476.0 1854.0 2461.0 1874.0 2467.0 plane 0
1815.0 2487.0 1797.0 2480.0 1801.0 2466.0 1820.0 2472.0 plane 0
798.0 5620.0 929.0 5658.0 874.0 5836.0 745.0 5798.0 soccer-ball-field 0
1821.0 2469.0 1805.0 2464.0 1808.0 2450.0 1824.0 2454.0 plane 0
1812.0 2613.0 1785.0 2605.0 1790.0 2583.0 1818.0 2592.0 plane 0
1783.0 2603.0 1755.0 2595.0 1760.0 2574.0 1788.0 2582.0 plane 0
1811.0 2693.0 1786.0 2683.0 1795.0 2657.0 1821.0 2666.0 plane 0
1350.0 4191.0 1327.0 4184.0 1334.0 4155.0 1357.0 4162.0 helicopter 0
1285.0 4165.0 1280.0 4183.0 1262.0 4178.0 1265.0 4160.0 helicopter 0
1281.0 4281.0 1300.0 4287.0 1296.0 4300.0 1276.0 4294.0 plane 0
1274.0 4219.0 1272.0 4227.0 1250.0 4220.0 1253.0 4210.0 plane 1
1259.0 4275.0 1257.0 4283.0 1234.0 4277.0 1237.0 4267.0 plane 1
2060.0 3651.0 2221.0 3700.0 2129.0 3968.0 1978.0 3926.0 ground-track-field 0
859.0 5423.0 988.0 5460.0 935.0 5638.0 803.0 5598.0 soccer-ball-field 0
2046.0 1183.0 2056.0 1138.0 2091.0 1149.0 2079.0 1192.0 plane 0
