imagesource:GoogleEarth
gsd:0.258119276444
26.0 496.0 35.0 492.0 48.0 511.0 41.0 517.0 small-vehicle 1
15.0 478.0 24.0 472.0 33.0 490.0 24.0 494.0 small-vehicle 1
43.0 594.0 49.0 586.0 63.0 605.0 53.0 611.0 small-vehicle 0
63.0 554.0 71.0 547.0 83.0 564.0 74.0 570.0 small-vehicle 0
63.0 626.0 70.0 618.0 81.0 635.0 71.0 644.0 small-vehicle 0
72.0 643.0 85.0 635.0 97.0 656.0 85.0 663.0 small-vehicle 0
87.0 665.0 99.0 658.0 111.0 676.0 102.0 683.0 small-vehicle 0
139.0 843.0 145.0 855.0 130.0 864.0 123.0 856.0 small-vehicle 0
208.0 833.0 215.0 823.0 235.0 843.0 226.0 854.0 small-vehicle 0
136.0 750.0 148.0 746.0 154.0 764.0 143.0 768.0 small-vehicle 0
161.0 703.0 171.0 700.0 180.0 722.0 170.0 727.0 small-vehicle 0
599.0 656.0 647.0 621.0 707.0 700.0 659.0 735.0 basketball-court 0
605.0 564.0 640.0 611.0 560.0 672.0 524.0 626.0 basketball-court 0
540.0 446.0 583.0 446.0 581.0 538.0 538.0 537.0 tennis-court 0
468.0 443.0 512.0 443.0 510.0 537.0 467.0 535.0 tennis-court 0
398.0 442.0 442.0 443.0 439.0 535.0 396.0 534.0 tennis-court 0
437.0 301.0 479.0 301.0 477.0 393.0 434.0 393.0 tennis-court 0
366.0 299.0 410.0 300.0 406.0 392.0 363.0 392.0 tennis-court 0
294.0 298.0 338.0 298.0 336.0 391.0 292.0 390.0 tennis-court 0
333.0 157.0 377.0 158.0 374.0 251.0 331.0 250.0 tennis-court 0
262.0 156.0 305.0 157.0 303.0 250.0 260.0 249.0 tennis-court 0
699.0 543.0 714.0 544.0 715.0 566.0 704.0 566.0 large-vehicle 0
686.0 553.0 697.0 549.0 705.0 570.0 696.0 574.0 large-vehicle 0
676.0 559.0 683.0 553.0 695.0 574.0 686.0 578.0 large-vehicle 0
781.0 664.0 785.0 673.0 772.0 684.0 767.0 679.0 small-vehicle 0
2.0 460.0 7.0 454.0 20.0 472.0 13.0 476.0 small-vehicle 1
749.0 609.0 751.0 619.0 736.0 627.0 731.0 620.0 small-vehicle 0
733.0 608.0 738.0 617.0 723.0 626.0 719.0 615.0 small-vehicle 0
813.0 707.0 816.0 716.0 802.0 724.0 797.0 714.0 small-vehicle 0
808.0 694.0 814.0 705.0 800.0 714.0 793.0 709.0 small-vehicle 0
784.0 676.0 793.0 682.0 778.0 697.0 767.0 689.0 small-vehicle 0
799.0 684.0 803.0 694.0 788.0 707.0 781.0 698.0 small-vehicle 0
746.0 700.0 754.0 694.0 764.0 709.0 757.0 715.0 small-vehicle 0
767.0 646.0 774.0 655.0 760.0 665.0 755.0 657.0 small-vehicle 0
662.0 560.0 670.0 556.0 685.0 575.0 677.0 581.0 large-vehicle 0
764.0 634.0 769.0 641.0 754.0 653.0 749.0 644.0 small-vehicle 0
717.0 658.0 725.0 651.0 736.0 664.0 729.0 671.0 small-vehicle 0
732.0 680.0 739.0 674.0 752.0 690.0 746.0 695.0 small-vehicle 0
705.0 574.0 714.0 573.0 714.0 594.0 702.0 591.0 small-vehicle 0
684.0 610.0 696.0 602.0 706.0 621.0 695.0 630.0 small-vehicle 0
701.0 635.0 710.0 632.0 720.0 647.0 712.0 651.0 small-vehicle 0
744.0 641.0 739.0 630.0 762.0 615.0 769.0 625.0 large-vehicle 0
654.0 570.0 663.0 564.0 676.0 582.0 668.0 589.0 large-vehicle 0
192.0 154.0 234.0 155.0 232.0 247.0 189.0 247.0 tennis-court 0
