imagesource:GF
gsd:1
985.0 438.0 986.0 432.0 1017.0 436.0 1017.0 442.0 ship 0
242.0 497.0 246.0 498.0 241.0 513.0 237.0 511.0 ship 0
233.0 483.0 237.0 484.0 229.0 501.0 226.0 499.0 ship 0
531.0 707.0 536.0 707.0 535.0 722.0 531.0 723.0 ship 0
505.0 683.0 511.0 683.0 509.0 702.0 504.0 702.0 ship 0
513.0 684.0 516.0 686.0 513.0 704.0 509.0 704.0 ship 0
576.0 725.0 578.0 728.0 562.0 741.0 558.0 738.0 ship 0
519.0 695.0 523.0 697.0 515.0 713.0 511.0 711.0 ship 0
543.0 707.0 547.0 711.0 540.0 727.0 535.0 725.0 ship 0
484.0 668.0 487.0 673.0 472.0 682.0 468.0 678.0 ship 0
633.0 618.0 636.0 624.0 616.0 632.0 614.0 626.0 ship 0
383.0 586.0 389.0 590.0 375.0 610.0 369.0 607.0 ship 0
363.0 560.0 366.0 566.0 350.0 576.0 347.0 572.0 ship 0
203.0 446.0 208.0 450.0 193.0 467.0 189.0 463.0 ship 0
261.0 530.0 258.0 526.0 273.0 513.0 277.0 518.0 ship 0
253.0 501.0 258.0 502.0 253.0 519.0 249.0 518.0 ship 0
304.0 525.0 309.0 528.0 297.0 544.0 292.0 541.0 ship 0
1042.0 463.0 1049.0 463.0 1049.0 490.0 1041.0 489.0 ship 0
180.0 428.0 182.0 434.0 168.0 444.0 165.0 440.0 ship 0
183.0 432.0 188.0 433.0 182.0 453.0 176.0 451.0 ship 0
161.0 419.0 165.0 421.0 160.0 441.0 154.0 440.0 ship 0
153.0 419.0 159.0 421.0 154.0 437.0 149.0 436.0 ship 0
140.0 415.0 144.0 417.0 140.0 432.0 135.0 431.0 ship 0
138.0 399.0 143.0 402.0 135.0 427.0 130.0 425.0 ship 0
142.0 213.0 144.0 218.0 132.0 224.0 130.0 220.0 ship 1
240.0 292.0 242.0 298.0 230.0 305.0 227.0 300.0 ship 1
297.0 284.0 294.0 278.0 315.0 269.0 316.0 275.0 ship 0
256.0 72.0 255.0 66.0 269.0 63.0 269.0 68.0 ship 1
268.0 52.0 267.0 47.0 279.0 41.0 280.0 46.0 ship 1
103.0 74.0 100.0 70.0 112.0 61.0 114.0 66.0 ship 0
97.0 75.0 92.0 70.0 108.0 56.0 112.0 59.0 ship 0
125.0 139.0 123.0 135.0 145.0 127.0 146.0 132.0 ship 0
344.0 477.0 346.0 481.0 331.0 488.0 329.0 484.0 ship 0
433.0 620.0 434.0 626.0 418.0 631.0 416.0 627.0 ship 0
552.0 673.0 554.0 677.0 541.0 688.0 539.0 685.0 ship 0
591.0 584.0 593.0 589.0 578.0 596.0 575.0 593.0 ship 0
1090.0 505.0 1089.0 497.0 1113.0 496.0 1113.0 502.0 ship 0
1182.0 544.0 1183.0 550.0 1161.0 552.0 1160.0 546.0 ship 0
947.0 927.0 949.0 934.0 923.0 945.0 921.0 938.0 ship 0
943.0 994.0 948.0 994.0 942.0 1012.0 936.0 1010.0 ship 0
1021.0 1082.0 1023.0 1089.0 1001.0 1096.0 999.0 1090.0 ship 0
1012.0 1052.0 1016.0 1058.0 1002.0 1068.0 999.0 1064.0 ship 0
994.0 1033.0 999.0 1036.0 987.0 1056.0 982.0 1053.0 ship 0
1434.0 722.0 1436.0 729.0 1410.0 735.0 1409.0 727.0 ship 0
1378.0 706.0 1379.0 714.0 1352.0 718.0 1350.0 712.0 ship 0
1305.0 633.0 1307.0 641.0 1280.0 644.0 1279.0 637.0 ship 0
684.0 716.0 687.0 711.0 705.0 724.0 702.0 728.0 ship 0
675.0 718.0 679.0 714.0 696.0 724.0 693.0 728.0 ship 0
705.0 680.0 708.0 675.0 729.0 686.0 726.0 691.0 ship 0
711.0 672.0 710.0 667.0 734.0 668.0 734.0 672.0 ship 0
745.0 613.0 747.0 608.0 759.0 613.0 758.0 618.0 ship 1
739.0 618.0 740.0 613.0 758.0 617.0 757.0 622.0 ship 0
735.0 633.0 738.0 629.0 755.0 635.0 753.0 639.0 ship 0
735.0 628.0 737.0 622.0 761.0 625.0 760.0 631.0 ship 0
765.0 582.0 769.0 578.0 782.0 590.0 779.0 594.0 ship 0
756.0 591.0 756.0 586.0 774.0 594.0 773.0 598.0 ship 0
751.0 593.0 753.0 589.0 772.0 600.0 769.0 604.0 ship 0
750.0 601.0 754.0 596.0 767.0 606.0 765.0 610.0 ship 0
745.0 605.0 748.0 601.0 765.0 610.0 763.0 614.0 ship 0
723.0 640.0 724.0 635.0 748.0 642.0 747.0 646.0 ship 0
716.0 657.0 715.0 650.0 737.0 648.0 738.0 654.0 ship 0
653.0 748.0 657.0 744.0 671.0 759.0 666.0 763.0 ship 0
696.0 704.0 699.0 700.0 721.0 712.0 718.0 717.0 ship 0
692.0 707.0 696.0 703.0 717.0 718.0 715.0 721.0 ship 0
691.0 715.0 695.0 710.0 712.0 719.0 711.0 722.0 ship 0
966.0 2239.0 975.0 2233.0 995.0 2267.0 986.0 2271.0 ship 0
