imagesource:GF
gsd:1
3066.0 1979.0 3070.0 1969.0 3078.0 1972.0 3073.0 1982.0 bridge 1
2906.0 942.0 2923.0 930.0 2982.0 1002.0 2961.0 1016.0 ship 0
262.0 921.0 276.0 925.0 187.0 1346.0 169.0 1339.0 bridge 0
699.0 3265.0 676.0 3313.0 698.0 3339.0 719.0 3287.0 bridge 0
1736.0 202.0 1734.0 209.0 1759.0 222.0 1764.0 216.0 ship 0
1730.0 208.0 1723.0 218.0 1756.0 232.0 1761.0 223.0 ship 0
1723.0 217.0 1720.0 225.0 1753.0 240.0 1758.0 232.0 ship 0
2144.0 192.0 2156.0 185.0 2187.0 230.0 2169.0 240.0 ship 0
2307.0 351.0 2323.0 375.0 2331.0 367.0 2314.0 345.0 ship 0
2315.0 339.0 2337.0 363.0 2345.0 356.0 2323.0 333.0 ship 0
3067.0 1058.0 3082.0 1044.0 3114.0 1093.0 3099.0 1106.0 ship 0
2693.0 3338.0 2706.0 3333.0 2714.0 3348.0 2702.0 3354.0 bridge 0
3085.0 1051.0 3092.0 1045.0 3122.0 1087.0 3113.0 1095.0 ship 0
3218.0 1180.0 3267.0 1221.0 3280.0 1205.0 3230.0 1166.0 ship 0
3776.0 1627.0 3842.0 1687.0 3861.0 1669.0 3793.0 1607.0 ship 0
2583.0 1586.0 2578.0 1601.0 2501.0 1584.0 2503.0 1571.0 ship 0
2711.0 1641.0 2706.0 1655.0 2648.0 1639.0 2649.0 1625.0 ship 0
3119.0 1594.0 3114.0 1610.0 3025.0 1594.0 3029.0 1576.0 ship 0
3870.0 1991.0 3867.0 2001.0 3816.0 1991.0 3816.0 1977.0 ship 0
503.0 3809.0 511.0 3819.0 499.0 3828.0 490.0 3819.0 bridge 0
202.0 909.0 106.0 1325.0 164.0 1342.0 251.0 918.0 bridge 0
