imagesource:GF
gsd:1
3931.0 3832.0 3941.0 3832.0 3941.0 3840.0 3931.0 3840.0 storage-tank 1
2612.0 3947.0 2622.0 3947.0 2622.0 3959.0 2612.0 3959.0 storage-tank 1
2631.0 3968.0 2641.0 3968.0 2641.0 3978.0 2631.0 3978.0 storage-tank 1
2621.0 3964.0 2630.0 3964.0 2630.0 3976.0 2621.0 3976.0 storage-tank 1
2609.0 3963.0 2619.0 3963.0 2619.0 3973.0 2609.0 3973.0 storage-tank 1
2599.0 3962.0 2608.0 3962.0 2608.0 3971.0 2599.0 3971.0 storage-tank 1
2588.0 3960.0 2597.0 3960.0 2597.0 3968.0 2588.0 3968.0 storage-tank 1
2577.0 3957.0 2585.0 3957.0 2585.0 3967.0 2577.0 3967.0 storage-tank 1
2565.0 3956.0 2574.0 3956.0 2574.0 3965.0 2565.0 3965.0 storage-tank 1
2635.0 3953.0 2644.0 3953.0 2644.0 3963.0 2635.0 3963.0 storage-tank 1
2624.0 3951.0 2633.0 3951.0 2633.0 3962.0 2624.0 3962.0 storage-tank 1
2602.0 3946.0 2610.0 3946.0 2610.0 3956.0 2602.0 3956.0 storage-tank 1
3145.0 3849.0 3163.0 3849.0 3163.0 3866.0 3145.0 3866.0 storage-tank 0
2591.0 3944.0 2600.0 3944.0 2600.0 3955.0 2591.0 3955.0 storage-tank 1
2579.0 3943.0 2589.0 3943.0 2589.0 3952.0 2579.0 3952.0 storage-tank 1
2567.0 3940.0 2578.0 3940.0 2578.0 3950.0 2567.0 3950.0 storage-tank 1
2637.0 3938.0 2648.0 3938.0 2648.0 3948.0 2637.0 3948.0 storage-tank 1
2626.0 3937.0 2635.0 3937.0 2635.0 3947.0 2626.0 3947.0 storage-tank 1
2615.0 3933.0 2626.0 3933.0 2626.0 3946.0 2615.0 3946.0 storage-tank 1
2604.0 3931.0 2614.0 3931.0 2614.0 3942.0 2604.0 3942.0 storage-tank 1
2593.0 3930.0 2603.0 3930.0 2603.0 3941.0 2593.0 3941.0 storage-tank 1
2583.0 3927.0 2593.0 3927.0 2593.0 3939.0 2583.0 3939.0 storage-tank 1
3150.0 3828.0 3166.0 3828.0 3166.0 3847.0 3150.0 3847.0 storage-tank 0
3141.0 3871.0 3158.0 3871.0 3158.0 3886.0 3141.0 3886.0 storage-tank 0
2935.0 3089.0 2945.0 3089.0 2945.0 3098.0 2935.0 3098.0 storage-tank 1
3339.0 3927.0 3392.0 3927.0 3392.0 3976.0 3339.0 3976.0 storage-tank 0
3348.0 3074.0 3407.0 3074.0 3407.0 3135.0 3348.0 3135.0 storage-tank 0
3269.0 3062.0 3327.0 3062.0 3327.0 3121.0 3269.0 3121.0 storage-tank 0
3633.0 3961.0 3686.0 3961.0 3686.0 4000.0 3633.0 4000.0 storage-tank 0
3567.0 3948.0 3619.0 3948.0 3619.0 3997.0 3567.0 3997.0 storage-tank 0
3502.0 3935.0 3555.0 3935.0 3555.0 3984.0 3502.0 3984.0 storage-tank 0
3648.0 3897.0 3699.0 3897.0 3699.0 3946.0 3648.0 3946.0 storage-tank 0
3583.0 3884.0 3634.0 3884.0 3634.0 3933.0 3583.0 3933.0 storage-tank 0
3519.0 3869.0 3568.0 3869.0 3568.0 3922.0 3519.0 3922.0 storage-tank 0
3405.0 3939.0 3457.0 3939.0 3457.0 3990.0 3405.0 3990.0 storage-tank 0
3419.0 3874.0 3471.0 3874.0 3471.0 3926.0 3419.0 3926.0 storage-tank 0
3276.0 3780.0 3291.0 3780.0 3291.0 3796.0 3276.0 3796.0 storage-tank 0
3354.0 3861.0 3407.0 3861.0 3407.0 3912.0 3354.0 3912.0 storage-tank 0
3245.0 3913.0 3295.0 3913.0 3295.0 3960.0 3245.0 3960.0 storage-tank 0
3173.0 3897.0 3224.0 3897.0 3224.0 3946.0 3173.0 3946.0 storage-tank 0
3261.0 3839.0 3311.0 3839.0 3311.0 3891.0 3261.0 3891.0 storage-tank 0
3191.0 3825.0 3238.0 3825.0 3238.0 3875.0 3191.0 3875.0 storage-tank 0
3412.0 3769.0 3439.0 3769.0 3439.0 3799.0 3412.0 3799.0 storage-tank 0
3383.0 3763.0 3409.0 3763.0 3409.0 3791.0 3383.0 3791.0 storage-tank 0
3317.0 3790.0 3331.0 3790.0 3331.0 3805.0 3317.0 3805.0 storage-tank 0
3297.0 3785.0 3311.0 3785.0 3311.0 3800.0 3297.0 3800.0 storage-tank 0
2571.0 3927.0 2580.0 3927.0 2580.0 3936.0 2571.0 3936.0 storage-tank 1
2946.0 3082.0 2953.0 3082.0 2953.0 3091.0 2946.0 3091.0 storage-tank 1
3933.0 3822.0 3942.0 3822.0 3942.0 3831.0 3933.0 3831.0 storage-tank 1
1174.0 1001.0 1179.0 996.0 1195.0 1011.0 1190.0 1017.0 ship 0
1769.0 3907.0 1786.0 3907.0 1786.0 3924.0 1769.0 3924.0 storage-tank 0
1772.0 3893.0 1789.0 3893.0 1789.0 3909.0 1772.0 3909.0 storage-tank 0
1754.0 3836.0 1767.0 3836.0 1767.0 3849.0 1754.0 3849.0 storage-tank 1
1769.0 3838.0 1783.0 3838.0 1783.0 3852.0 1769.0 3852.0 storage-tank 1
1770.0 3824.0 1786.0 3824.0 1786.0 3837.0 1770.0 3837.0 storage-tank 0
1787.0 3850.0 1800.0 3850.0 1800.0 3863.0 1787.0 3863.0 storage-tank 1
1791.0 3833.0 1803.0 3833.0 1803.0 3847.0 1791.0 3847.0 storage-tank 1
2102.0 1823.0 2124.0 1840.0 1862.0 2233.0 1839.0 2217.0 bridge 0
1400.0 1620.0 1414.0 1636.0 1341.0 1687.0 1328.0 1673.0 ship 0
1155.0 1103.0 1159.0 1098.0 1171.0 1112.0 1166.0 1115.0 ship 0
2181.0 3741.0 2204.0 3741.0 2204.0 3766.0 2181.0 3766.0 storage-tank 0
1376.0 3395.0 1396.0 3395.0 1396.0 3417.0 1376.0 3417.0 storage-tank 0
1340.0 3378.0 1360.0 3378.0 1360.0 3400.0 1340.0 3400.0 storage-tank 0
1303.0 3362.0 1326.0 3362.0 1326.0 3385.0 1303.0 3385.0 storage-tank 0
1311.0 3333.0 1323.0 3333.0 1323.0 3345.0 1311.0 3345.0 storage-tank 1
1288.0 3313.0 1305.0 3313.0 1305.0 3330.0 1288.0 3330.0 storage-tank 0
1270.0 3347.0 1289.0 3347.0 1289.0 3366.0 1270.0 3366.0 storage-tank 0
1282.0 3434.0 1323.0 3434.0 1323.0 3475.0 1282.0 3475.0 storage-tank 0
1232.0 3412.0 1272.0 3412.0 1272.0 3452.0 1232.0 3452.0 storage-tank 0
956.0 672.0 961.0 668.0 969.0 682.0 964.0 685.0 ship 0
1771.0 3927.0 1781.0 3927.0 1781.0 3937.0 1771.0 3937.0 storage-tank 1
2214.0 3745.0 2236.0 3745.0 2236.0 3771.0 2214.0 3771.0 storage-tank 0
2838.0 3206.0 2848.0 3206.0 2848.0 3216.0 2838.0 3216.0 storage-tank 1
2735.0 3053.0 2747.0 3053.0 2747.0 3064.0 2735.0 3064.0 storage-tank 1
2847.0 3197.0 2860.0 3197.0 2860.0 3209.0 2847.0 3209.0 storage-tank 1
2858.0 3191.0 2868.0 3191.0 2868.0 3202.0 2858.0 3202.0 storage-tank 1
2868.0 3182.0 2879.0 3182.0 2879.0 3192.0 2868.0 3192.0 storage-tank 1
2878.0 3173.0 2892.0 3173.0 2892.0 3185.0 2878.0 3185.0 storage-tank 1
2894.0 3162.0 2906.0 3162.0 2906.0 3173.0 2894.0 3173.0 storage-tank 1
2907.0 3152.0 2918.0 3152.0 2918.0 3163.0 2907.0 3163.0 storage-tank 1
2911.0 3061.0 2924.0 3061.0 2924.0 3073.0 2911.0 3073.0 storage-tank 1
2898.0 3045.0 2911.0 3045.0 2911.0 3058.0 2898.0 3058.0 storage-tank 1
2751.0 3057.0 2762.0 3057.0 2762.0 3067.0 2751.0 3067.0 storage-tank 1
2740.0 3035.0 2752.0 3035.0 2752.0 3049.0 2740.0 3049.0 storage-tank 1
2247.0 3752.0 2271.0 3752.0 2271.0 3776.0 2247.0 3776.0 storage-tank 0
2745.0 3022.0 2757.0 3022.0 2757.0 3034.0 2745.0 3034.0 storage-tank 1
2770.0 3031.0 2788.0 3031.0 2788.0 3050.0 2770.0 3050.0 storage-tank 0
2903.0 2803.0 2918.0 2803.0 2918.0 2819.0 2903.0 2819.0 storage-tank 0
2665.0 375.0 2650.0 399.0 2534.0 326.0 2547.0 305.0 ship 0
2340.0 3703.0 2361.0 3703.0 2361.0 3722.0 2340.0 3722.0 storage-tank 0
2314.0 3698.0 2333.0 3698.0 2333.0 3719.0 2314.0 3719.0 storage-tank 0
2294.0 3698.0 2306.0 3698.0 2306.0 3711.0 2294.0 3711.0 storage-tank 1
2276.0 3694.0 2289.0 3694.0 2289.0 3708.0 2276.0 3708.0 storage-tank 1
2280.0 3757.0 2305.0 3757.0 2305.0 3780.0 2280.0 3780.0 storage-tank 0
3284.0 2982.0 3342.0 2982.0 3342.0 3043.0 3284.0 3043.0 storage-tank 0
3362.0 2996.0 3425.0 2996.0 3425.0 3056.0 3362.0 3056.0 storage-tank 0
3298.0 2904.0 3358.0 2904.0 3358.0 2961.0 3298.0 2961.0 storage-tank 0
2931.0 3083.0 2937.0 3083.0 2937.0 3089.0 2931.0 3089.0 storage-tank 1
2776.0 2972.0 2783.0 2972.0 2783.0 2978.0 2776.0 2978.0 storage-tank 1
2768.0 2971.0 2774.0 2971.0 2774.0 2976.0 2768.0 2976.0 storage-tank 1
2730.0 3067.0 2734.0 3067.0 2734.0 3072.0 2730.0 3072.0 storage-tank 1
2724.0 3083.0 2729.0 3083.0 2729.0 3088.0 2724.0 3088.0 storage-tank 1
2722.0 3089.0 2728.0 3089.0 2728.0 3096.0 2722.0 3096.0 storage-tank 1
2755.0 3048.0 2759.0 3048.0 2759.0 3052.0 2755.0 3052.0 storage-tank 1
2757.0 3042.0 2761.0 3042.0 2761.0 3044.0 2757.0 3044.0 storage-tank 1
2760.0 3034.0 2764.0 3034.0 2764.0 3039.0 2760.0 3039.0 storage-tank 1
2766.0 3054.0 2773.0 3054.0 2773.0 3061.0 2766.0 3061.0 storage-tank 1
2925.0 3075.0 2931.0 3075.0 2931.0 3081.0 2925.0 3081.0 storage-tank 1
2775.0 2979.0 2780.0 2979.0 2780.0 2985.0 2775.0 2985.0 storage-tank 1
2939.0 3076.0 2947.0 3076.0 2947.0 3082.0 2939.0 3082.0 storage-tank 1
2933.0 3069.0 2940.0 3069.0 2940.0 3074.0 2933.0 3074.0 storage-tank 1
980.0 719.0 985.0 715.0 1001.0 732.0 997.0 736.0 ship 0
1028.0 870.0 1037.0 884.0 969.0 935.0 960.0 920.0 ship 0
1017.0 855.0 1029.0 871.0 961.0 921.0 949.0 908.0 ship 0
293.0 3953.0 299.0 3961.0 282.0 3975.0 276.0 3967.0 ship 0
129.0 3740.0 133.0 3745.0 117.0 3761.0 111.0 3757.0 ship 0
935.0 941.0 942.0 954.0 870.0 1012.0 859.0 998.0 ship 0
928.0 924.0 936.0 939.0 854.0 1001.0 843.0 988.0 ship 0
2767.0 2977.0 2773.0 2977.0 2773.0 2982.0 2767.0 2982.0 storage-tank 1
2772.0 2986.0 2778.0 2986.0 2778.0 2992.0 2772.0 2992.0 storage-tank 1
3380.0 2919.0 3435.0 2919.0 3435.0 2974.0 3380.0 2974.0 storage-tank 0
3089.0 2451.0 3093.0 2462.0 3048.0 2486.0 3041.0 2477.0 ship 0
3916.0 3812.0 3925.0 3812.0 3925.0 3820.0 3916.0 3820.0 storage-tank 1
2796.0 559.0 2800.0 564.0 2773.0 582.0 2769.0 577.0 ship 0
2532.0 834.0 2528.0 830.0 2545.0 820.0 2548.0 825.0 ship 0
2502.0 824.0 2507.0 827.0 2497.0 847.0 2491.0 843.0 ship 0
2552.0 816.0 2546.0 814.0 2553.0 790.0 2559.0 792.0 ship 0
2712.0 606.0 2718.0 610.0 2696.0 628.0 2692.0 623.0 ship 0
2776.0 742.0 2769.0 756.0 2710.0 722.0 2717.0 710.0 ship 0
3198.0 2348.0 3197.0 2356.0 3155.0 2357.0 3153.0 2348.0 ship 0
3208.0 2340.0 3207.0 2349.0 3159.0 2347.0 3159.0 2339.0 ship 0
2723.0 2960.0 2729.0 2960.0 2729.0 2966.0 2723.0 2966.0 storage-tank 1
2765.0 2984.0 2770.0 2984.0 2770.0 2989.0 2765.0 2989.0 storage-tank 1
2716.0 2959.0 2720.0 2959.0 2720.0 2964.0 2716.0 2964.0 storage-tank 1
2707.0 2957.0 2713.0 2957.0 2713.0 2964.0 2707.0 2964.0 storage-tank 1
2700.0 2954.0 2705.0 2954.0 2705.0 2960.0 2700.0 2960.0 storage-tank 1
2694.0 2954.0 2699.0 2954.0 2699.0 2958.0 2694.0 2958.0 storage-tank 1
2692.0 2959.0 2696.0 2959.0 2696.0 2964.0 2692.0 2964.0 storage-tank 1
2698.0 2962.0 2704.0 2962.0 2704.0 2967.0 2698.0 2967.0 storage-tank 1
2715.0 2966.0 2722.0 2966.0 2722.0 2972.0 2715.0 2972.0 storage-tank 1
2705.0 2963.0 2713.0 2963.0 2713.0 2969.0 2705.0 2969.0 storage-tank 1
2763.0 2991.0 2769.0 2991.0 2769.0 2997.0 2763.0 2997.0 storage-tank 1
2504.0 3637.0 2512.0 3597.0 2528.0 3602.0 2519.0 3642.0 bridge 0
2584.0 2688.0 2598.0 2655.0 2615.0 2659.0 2605.0 2693.0 bridge 0
1539.0 2050.0 1576.0 2041.0 1609.0 2064.0 1570.0 2077.0 bridge 0
3637.0 3132.0 3687.0 3132.0 3687.0 3186.0 3637.0 3186.0 storage-tank 0
2093.0 49.0 2109.0 25.0 2261.0 118.0 2241.0 145.0 ship 0
2531.0 278.0 2512.0 312.0 2320.0 193.0 2342.0 160.0 ship 0
1732.0 1674.0 1719.0 1685.0 1666.0 1628.0 1681.0 1616.0 ship 0
1746.0 1664.0 1735.0 1674.0 1680.0 1613.0 1695.0 1604.0 ship 0
3887.0 3182.0 3951.0 3182.0 3951.0 3246.0 3887.0 3246.0 storage-tank 0
3796.0 3166.0 3856.0 3166.0 3856.0 3223.0 3796.0 3223.0 storage-tank 0
3903.0 3091.0 3966.0 3091.0 3966.0 3149.0 3903.0 3149.0 storage-tank 0
3813.0 3071.0 3875.0 3071.0 3875.0 3134.0 3813.0 3134.0 storage-tank 0
3707.0 3143.0 3758.0 3143.0 3758.0 3196.0 3707.0 3196.0 storage-tank 0
3716.0 3074.0 3774.0 3074.0 3774.0 3129.0 3716.0 3129.0 storage-tank 0
1762.0 2445.0 1792.0 2399.0 1832.0 2428.0 1804.0 2472.0 bridge 0
3651.0 3064.0 3704.0 3064.0 3704.0 3118.0 3651.0 3118.0 storage-tank 0
3732.0 3007.0 3785.0 3007.0 3785.0 3060.0 3732.0 3060.0 storage-tank 0
3669.0 3008.0 3710.0 3008.0 3710.0 3045.0 3669.0 3045.0 storage-tank 0
3536.0 3110.0 3598.0 3110.0 3598.0 3174.0 3536.0 3174.0 storage-tank 0
3457.0 3098.0 3518.0 3098.0 3518.0 3156.0 3457.0 3156.0 storage-tank 0
3553.0 3035.0 3612.0 3035.0 3612.0 3092.0 3553.0 3092.0 storage-tank 0
3475.0 3018.0 3532.0 3018.0 3532.0 3075.0 3475.0 3075.0 storage-tank 0
3568.0 2954.0 3629.0 2954.0 3629.0 3010.0 3568.0 3010.0 storage-tank 0
3487.0 2937.0 3549.0 2937.0 3549.0 2999.0 3487.0 2999.0 storage-tank 0
2410.0 3701.0 2434.0 3701.0 2434.0 3727.0 2410.0 3727.0 storage-tank 0
2439.0 3707.0 2465.0 3707.0 2465.0 3733.0 2439.0 3733.0 storage-tank 0
3018.0 2352.0 2994.0 2346.0 3019.0 2276.0 3036.0 2283.0 harbor 0
3033.0 2360.0 3028.0 2372.0 2967.0 2355.0 2971.0 2343.0 ship 0
38.0 2257.0 84.0 2240.0 79.0 2279.0 38.0 2291.0 bridge 0
2004.0 2256.0 2012.0 2246.0 2139.0 2325.0 2130.0 2333.0 harbor 0
2341.0 2443.0 2348.0 2431.0 2505.0 2513.0 2498.0 2523.0 harbor 0
3166.0 2803.0 3169.0 2782.0 4000.0 2934.0 3999.0 2961.0 harbor 0
3830.0 3930.0 3890.0 3930.0 3890.0 3992.0 3830.0 3992.0 storage-tank 0
3755.0 3913.0 3815.0 3913.0 3815.0 3976.0 3755.0 3976.0 storage-tank 0
3182.0 2785.0 3185.0 2771.0 3266.0 2785.0 3262.0 2798.0 ship 0
3427.0 2816.0 3421.0 2829.0 3351.0 2814.0 3353.0 2800.0 ship 0
3625.0 2863.0 3628.0 2848.0 3724.0 2865.0 3722.0 2881.0 ship 0
4001.0 771.0 3995.0 785.0 3926.0 732.0 3933.0 721.0 ship 0
3829.0 835.0 3818.0 849.0 3740.0 801.0 3748.0 787.0 ship 0
3534.0 596.0 3529.0 601.0 3503.0 587.0 3508.0 582.0 ship 0
3549.0 592.0 3546.0 599.0 3500.0 574.0 3504.0 565.0 ship 0
3479.0 559.0 3473.0 568.0 3429.0 548.0 3435.0 537.0 ship 0
3847.0 558.0 3833.0 566.0 3795.0 510.0 3811.0 501.0 ship 0
3644.0 513.0 3635.0 522.0 3584.0 480.0 3593.0 471.0 ship 0
3356.0 513.0 3344.0 523.0 3299.0 488.0 3306.0 475.0 ship 0
3438.0 396.0 3431.0 412.0 3385.0 387.0 3390.0 375.0 ship 0
3328.0 428.0 3323.0 439.0 3263.0 403.0 3268.0 391.0 ship 0
901.0 647.0 907.0 642.0 930.0 664.0 924.0 668.0 ship 0
