imagesource:GF
gsd:1
4828.0 1801.0 4895.0 1792.0 4920.0 1923.0 4853.0 1934.0 ground-track-field 1
3255.0 2141.0 3261.0 2121.0 3324.0 2104.0 3291.0 2133.0 bridge 0
1660.0 3941.0 1672.0 3936.0 1712.0 3959.0 1692.0 3964.0 bridge 0
136.0 2642.0 272.0 2617.0 296.0 2633.0 151.0 2658.0 bridge 0
4683.0 3421.0 4633.0 3412.0 4642.0 3359.0 4690.0 3367.0 plane 0
4493.0 3961.0 4492.0 3977.0 4528.0 3970.0 4526.0 3952.0 bridge 0
3806.0 3884.0 3812.0 3919.0 3872.0 3955.0 3863.0 3898.0 bridge 0
3625.0 3386.0 3640.0 3413.0 3688.0 3399.0 3676.0 3370.0 bridge 0
3743.0 1734.0 3769.0 1725.0 3756.0 1745.0 3726.0 1753.0 bridge 0
2550.0 2293.0 2750.0 2253.0 2764.0 2271.0 2561.0 2313.0 bridge 0
1239.0 3608.0 1266.0 3594.0 1276.0 3607.0 1245.0 3626.0 bridge 0
