imagesource:GF
gsd:1
616.0 2006.0 633.0 2025.0 630.0 2029.0 611.0 2012.0 bridge 0
1351.0 1358.0 1369.0 1346.0 1378.0 1363.0 1362.0 1375.0 bridge 0
421.0 2182.0 439.0 2168.0 459.0 2189.0 442.0 2203.0 bridge 0
302.0 2307.0 310.0 2298.0 332.0 2314.0 323.0 2323.0 bridge 0
946.0 1670.0 969.0 1653.0 990.0 1680.0 968.0 1696.0 bridge 0
1534.0 1131.0 1545.0 1114.0 1573.0 1127.0 1563.0 1146.0 bridge 0
1792.0 835.0 1844.0 783.0 1890.0 821.0 1845.0 877.0 bridge 0
2332.0 333.0 2317.0 311.0 2359.0 275.0 2377.0 294.0 bridge 0
2309.0 376.0 2331.0 349.0 2398.0 391.0 2379.0 419.0 bridge 0
2831.0 3337.0 2809.0 3294.0 2886.0 3252.0 2909.0 3290.0 bridge 0
3510.0 1013.0 3521.0 1021.0 3502.0 1053.0 3491.0 1046.0 bridge 0
3771.0 1122.0 3811.0 1153.0 3786.0 1185.0 3743.0 1156.0 bridge 0
634.0 1358.0 719.0 1287.0 756.0 1322.0 670.0 1395.0 ground-track-field 0
472.0 1498.0 556.0 1432.0 587.0 1469.0 506.0 1537.0 ground-track-field 0
1870.0 1082.0 1900.0 1082.0 1900.0 1114.0 1870.0 1114.0 roundabout 0
1697.0 2903.0 1710.0 2842.0 1840.0 2861.0 1830.0 2922.0 ground-track-field 0
2862.0 2666.0 2912.0 2666.0 2912.0 2715.0 2862.0 2715.0 roundabout 0
2158.0 1773.0 2217.0 1797.0 2165.0 1914.0 2106.0 1884.0 ground-track-field 0
2357.0 1658.0 2452.0 1612.0 2559.0 1815.0 2455.0 1866.0 ground-track-field 0
2489.0 976.0 2510.0 976.0 2510.0 998.0 2489.0 998.0 storage-tank 0
