imagesource:GF
gsd:1
3835.0 154.0 3848.0 149.0 3861.0 183.0 3849.0 185.0 bridge 0
214.0 2646.0 248.0 2613.0 269.0 2639.0 233.0 2674.0 bridge 0
3530.0 2773.0 3511.0 2771.0 3519.0 2706.0 3537.0 2711.0 harbor 0
2642.0 1933.0 2662.0 1946.0 2639.0 1980.0 2619.0 1968.0 basketball-court 0
2622.0 1921.0 2641.0 1932.0 2618.0 1967.0 2599.0 1953.0 basketball-court 0
2736.0 2547.0 2714.0 2561.0 2631.0 2483.0 2650.0 2468.0 ship 0
2850.0 2545.0 2841.0 2559.0 2784.0 2521.0 2792.0 2508.0 ship 0
3769.0 2421.0 3767.0 2372.0 3942.0 2368.0 3944.0 2416.0 bridge 0
3508.0 1787.0 3517.0 1798.0 3473.0 1832.0 3464.0 1822.0 bridge 0
2009.0 872.0 2018.0 881.0 2003.0 900.0 1993.0 893.0 bridge 0
134.0 1322.0 138.0 1310.0 176.0 1324.0 171.0 1335.0 ship 0
3794.0 2027.0 3765.0 2014.0 3801.0 1930.0 3829.0 1943.0 ship 0
2342.0 3244.0 2346.0 3219.0 2431.0 3230.0 2427.0 3257.0 ship 0
2462.0 3538.0 2485.0 3525.0 2532.0 3597.0 2512.0 3609.0 ship 0
