imagesource:GF
gsd:1
1392.0 540.0 1403.0 551.0 1386.0 565.0 1376.0 554.0 bridge 0
2695.0 3553.0 2702.0 3573.0 2644.0 3600.0 2634.0 3580.0 bridge 0
2686.0 3519.0 2670.0 3525.0 2659.0 3500.0 2676.0 3495.0 ship 0
2458.0 3090.0 2447.0 3099.0 2430.0 3073.0 2443.0 3064.0 ship 0
2544.0 3247.0 2533.0 3253.0 2520.0 3227.0 2532.0 3220.0 ship 0
2529.0 3210.0 2517.0 3216.0 2504.0 3190.0 2514.0 3184.0 ship 0
2609.0 3818.0 2651.0 3808.0 2697.0 3990.0 2656.0 3999.0 bridge 0
2688.0 3532.0 2696.0 3552.0 2631.0 3582.0 2622.0 3563.0 bridge 0
2504.0 3322.0 2510.0 3317.0 2523.0 3331.0 2516.0 3337.0 ship 0
3742.0 2109.0 3780.0 2109.0 3780.0 2142.0 3742.0 2142.0 roundabout 0
323.0 2024.0 444.0 2014.0 462.0 2229.0 340.0 2239.0 ground-track-field 0
289.0 3915.0 309.0 3909.0 316.0 3944.0 298.0 3949.0 basketball-court 0
1072.0 2608.0 1166.0 2535.0 1300.0 2702.0 1191.0 2770.0 ground-track-field 0
2506.0 3301.0 2498.0 3304.0 2488.0 3283.0 2496.0 3280.0 ship 0
1859.0 3506.0 1888.0 3506.0 1888.0 3531.0 1859.0 3531.0 harbor 0
2382.0 122.0 2432.0 85.0 2502.0 193.0 2444.0 226.0 ground-track-field 1
2673.0 3491.0 2660.0 3499.0 2644.0 3468.0 2657.0 3461.0 ship 0
