imagesource:GF
gsd:1
3082.0 649.0 3091.0 649.0 3093.0 686.0 3079.0 687.0 ship 0
3549.0 1661.0 3560.0 1661.0 3561.0 1672.0 3550.0 1672.0 bridge 1
2591.0 1495.0 2603.0 1490.0 2609.0 1501.0 2595.0 1505.0 bridge 1
1883.0 3235.0 1893.0 3234.0 1893.0 3242.0 1884.0 3243.0 bridge 1
2001.0 1514.0 2011.0 1506.0 2030.0 1529.0 2019.0 1536.0 bridge 0
3656.0 361.0 3656.0 342.0 3714.0 340.0 3714.0 359.0 ship 0
2893.0 661.0 2894.0 681.0 2804.0 687.0 2801.0 667.0 harbor 0
3067.0 623.0 3085.0 624.0 3076.0 688.0 3059.0 685.0 ship 0
2825.0 712.0 2836.0 706.0 2845.0 725.0 2834.0 732.0 ship 0
111.0 1618.0 100.0 1599.0 164.0 1562.0 174.0 1580.0 ship 0
317.0 1459.0 307.0 1438.0 392.0 1396.0 403.0 1417.0 ship 0
322.0 1435.0 311.0 1417.0 383.0 1379.0 392.0 1398.0 ship 0
