imagesource:GF
gsd:1
816.0 2489.0 812.0 2504.0 740.0 2479.0 745.0 2463.0 ship 1
3320.0 591.0 3340.0 587.0 3351.0 634.0 3332.0 639.0 bridge 0
1704.0 2361.0 1724.0 2334.0 1826.0 2402.0 1805.0 2427.0 ship 0
2197.0 2981.0 2186.0 3003.0 2096.0 2959.0 2108.0 2933.0 ship 0
680.0 268.0 725.0 266.0 745.0 628.0 701.0 630.0 bridge 0
2151.0 3394.0 2159.0 3384.0 2221.0 3431.0 2212.0 3441.0 bridge 0
3894.0 2056.0 3904.0 2063.0 3891.0 2086.0 3880.0 2078.0 bridge 0
3445.0 1811.0 3455.0 1815.0 3436.0 1858.0 3427.0 1853.0 bridge 0
3295.0 581.0 3315.0 577.0 3328.0 626.0 3307.0 631.0 bridge 0
2336.0 3444.0 2354.0 3439.0 2363.0 3475.0 2345.0 3479.0 basketball-court 1
658.0 1668.0 714.0 1692.0 574.0 2452.0 530.0 2428.0 bridge 0
108.0 433.0 104.0 458.0 2.0 439.0 1.0 416.0 ship 0
3323.0 1513.0 3379.0 1499.0 3403.0 1617.0 3348.0 1625.0 ground-track-field 0
276.0 3289.0 324.0 3291.0 312.0 3326.0 268.0 3322.0 bridge 0
475.0 3302.0 495.0 3302.0 494.0 3330.0 474.0 3331.0 bridge 0
2283.0 3367.0 2303.0 3362.0 2313.0 3411.0 2291.0 3419.0 bridge 0
1135.0 342.0 1130.0 320.0 1199.0 307.0 1204.0 328.0 ship 1
