imagesource:GF
gsd:1
1921.0 2888.0 1969.0 2816.0 2017.0 2837.0 1982.0 2919.0 bridge 0
340.0 3619.0 111.0 3497.0 153.0 3439.0 388.0 3561.0 harbor 0
582.0 3111.0 623.0 3111.0 623.0 3152.0 582.0 3152.0 storage-tank 0
559.0 3147.0 599.0 3147.0 599.0 3189.0 559.0 3189.0 storage-tank 0
521.0 3126.0 562.0 3126.0 562.0 3166.0 521.0 3166.0 storage-tank 0
502.0 3156.0 542.0 3156.0 542.0 3197.0 502.0 3197.0 storage-tank 0
539.0 3179.0 579.0 3179.0 579.0 3220.0 539.0 3220.0 storage-tank 0
478.0 3193.0 518.0 3193.0 518.0 3234.0 478.0 3234.0 storage-tank 0
515.0 3216.0 556.0 3216.0 556.0 3257.0 515.0 3257.0 storage-tank 0
459.0 3225.0 498.0 3225.0 498.0 3266.0 459.0 3266.0 storage-tank 0
495.0 3249.0 535.0 3249.0 535.0 3289.0 495.0 3289.0 storage-tank 0
435.0 3261.0 474.0 3261.0 474.0 3303.0 435.0 3303.0 storage-tank 0
471.0 3286.0 513.0 3286.0 513.0 3327.0 471.0 3327.0 storage-tank 0
413.0 3295.0 455.0 3295.0 455.0 3336.0 413.0 3336.0 storage-tank 0
451.0 3318.0 492.0 3318.0 492.0 3357.0 451.0 3357.0 storage-tank 0
38.0 1847.0 64.0 1811.0 93.0 1830.0 68.0 1866.0 bridge 0
482.0 2365.0 498.0 2373.0 484.0 2396.0 468.0 2387.0 bridge 0
1110.0 2456.0 1132.0 2421.0 1174.0 2444.0 1153.0 2479.0 bridge 0
1021.0 453.0 1045.0 422.0 1086.0 449.0 1063.0 480.0 bridge 0
1894.0 1351.0 1900.0 1341.0 1923.0 1356.0 1918.0 1365.0 bridge 0
1678.0 3095.0 1698.0 3106.0 1678.0 3141.0 1658.0 3131.0 bridge 0
2135.0 1036.0 2157.0 992.0 2187.0 1005.0 2165.0 1049.0 bridge 0
2577.0 3113.0 2589.0 3091.0 2635.0 3113.0 2624.0 3135.0 bridge 0
2559.0 3140.0 2571.0 3117.0 2623.0 3141.0 2612.0 3164.0 bridge 0
3114.0 2156.0 3122.0 2143.0 3149.0 2159.0 3142.0 2172.0 bridge 0
3403.0 1621.0 3423.0 1588.0 3449.0 1601.0 3431.0 1636.0 bridge 0
3362.0 1699.0 3369.0 1691.0 3392.0 1708.0 3386.0 1716.0 bridge 0
3288.0 3475.0 3302.0 3455.0 3328.0 3469.0 3315.0 3491.0 bridge 0
3272.0 3499.0 3285.0 3478.0 3323.0 3500.0 3310.0 3521.0 bridge 0
2073.0 1368.0 2083.0 1351.0 2116.0 1373.0 2103.0 1388.0 basketball-court 0
2516.0 1544.0 2570.0 1575.0 2507.0 1678.0 2452.0 1645.0 ground-track-field 0
548.0 3089.0 587.0 3089.0 587.0 3129.0 548.0 3129.0 storage-tank 0
