imagesource:GF
gsd:1
4558.0 1541.0 4553.0 1540.0 4551.0 1523.0 4556.0 1522.0 ship 1
1948.0 2045.0 1954.0 2042.0 1959.0 2060.0 1954.0 2061.0 ship 1
458.0 1096.0 446.0 1107.0 393.0 1042.0 405.0 1032.0 ship 0
41.0 1134.0 22.0 1139.0 1.0 1073.0 13.0 1064.0 ship 0
201.0 1438.0 176.0 1449.0 135.0 1378.0 160.0 1367.0 ship 0
2013.0 3585.0 1996.0 3592.0 1969.0 3512.0 1990.0 3503.0 ship 0
2162.0 2528.0 2154.0 2532.0 2150.0 2512.0 2160.0 2508.0 ship 0
2045.0 2333.0 2035.0 2337.0 2031.0 2319.0 2039.0 2316.0 ship 0
2650.0 2560.0 2651.0 2552.0 2672.0 2555.0 2669.0 2562.0 ship 0
2923.0 2191.0 2913.0 2190.0 2914.0 2171.0 2922.0 2171.0 ship 0
1936.0 2047.0 1943.0 2042.0 1953.0 2062.0 1947.0 2065.0 ship 1
4618.0 1510.0 4614.0 1509.0 4621.0 1491.0 4627.0 1492.0 ship 1
1926.0 2054.0 1932.0 2048.0 1946.0 2064.0 1940.0 2069.0 ship 1
1854.0 930.0 1861.0 927.0 1872.0 945.0 1864.0 952.0 ship 1
1594.0 509.0 1600.0 505.0 1609.0 524.0 1602.0 529.0 ship 1
2591.0 2295.0 2593.0 2287.0 2612.0 2296.0 2608.0 2302.0 ship 1
3130.0 3331.0 3134.0 3324.0 3151.0 3334.0 3147.0 3344.0 ship 1
3506.0 3579.0 3510.0 3572.0 3526.0 3584.0 3522.0 3590.0 ship 1
3493.0 2045.0 3491.0 2037.0 3507.0 2030.0 3510.0 2035.0 ship 1
4623.0 1518.0 4619.0 1511.0 4645.0 1493.0 4650.0 1499.0 ship 1
557.0 835.0 543.0 839.0 516.0 777.0 527.0 773.0 ship 0
