imagesource:GF
gsd:1
2442.0 3745.0 2456.0 3764.0 2403.0 3800.0 2392.0 3780.0 ship 0
3466.0 1814.0 3488.0 1822.0 3473.0 1882.0 3450.0 1875.0 ship 0
1893.0 2520.0 1893.0 2542.0 1806.0 2538.0 1809.0 2516.0 harbor 0
499.0 2935.0 504.0 2911.0 564.0 2919.0 561.0 2944.0 ship 0
3678.0 3810.0 3670.0 3807.0 3676.0 3788.0 3684.0 3790.0 ship 0
2731.0 3118.0 2756.0 3123.0 2741.0 3176.0 2719.0 3171.0 ship 0
2758.0 3117.0 2777.0 3122.0 2763.0 3182.0 2744.0 3177.0 ship 0
3148.0 3123.0 3148.0 3136.0 3084.0 3143.0 3084.0 3127.0 ship 0
3628.0 1720.0 3647.0 1719.0 3647.0 1776.0 3624.0 1777.0 ship 0
3602.0 1707.0 3627.0 1709.0 3624.0 1809.0 3602.0 1812.0 ship 0
3574.0 1733.0 3600.0 1732.0 3600.0 1794.0 3571.0 1794.0 ship 0
3450.0 1791.0 3469.0 1795.0 3447.0 1878.0 3426.0 1869.0 ship 0
2457.0 3766.0 2469.0 3782.0 2420.0 3817.0 2409.0 3800.0 ship 0
3236.0 1964.0 3227.0 1986.0 3174.0 1966.0 3184.0 1943.0 ship 0
3243.0 1871.0 3244.0 1895.0 3186.0 1895.0 3187.0 1871.0 ship 0
3244.0 1850.0 3234.0 1869.0 3179.0 1843.0 3191.0 1819.0 ship 0
3197.0 1497.0 3194.0 1514.0 3118.0 1495.0 3120.0 1475.0 ship 0
3523.0 1131.0 3543.0 1129.0 3556.0 1208.0 3536.0 1212.0 ship 0
3502.0 1134.0 3524.0 1131.0 3536.0 1209.0 3515.0 1212.0 ship 0
2524.0 1576.0 2504.0 1586.0 2486.0 1545.0 2506.0 1536.0 ship 0
2503.0 2875.0 2517.0 2880.0 2509.0 2911.0 2493.0 2904.0 ship 0
1891.0 2507.0 1891.0 2516.0 1867.0 2517.0 1865.0 2507.0 ship 0
2644.0 2715.0 2621.0 2709.0 2634.0 2641.0 2660.0 2644.0 ship 0
2669.0 2721.0 2645.0 2715.0 2659.0 2651.0 2685.0 2655.0 ship 0
3029.0 1325.0 3040.0 1301.0 3094.0 1325.0 3082.0 1351.0 ship 0
3111.0 1225.0 3113.0 1205.0 3187.0 1221.0 3185.0 1241.0 ship 0
2478.0 3805.0 2490.0 3820.0 2439.0 3852.0 2431.0 3835.0 ship 0
2494.0 3821.0 2508.0 3847.0 2449.0 3882.0 2435.0 3859.0 ship 0
2553.0 3921.0 2570.0 3944.0 2530.0 3981.0 2513.0 3959.0 ship 0
2660.0 3604.0 2681.0 3619.0 2640.0 3680.0 2619.0 3666.0 ship 0
2792.0 3801.0 2803.0 3818.0 2751.0 3855.0 2740.0 3838.0 ship 0
2799.0 3824.0 2805.0 3832.0 2760.0 3867.0 2753.0 3857.0 ship 0
2811.0 3833.0 2823.0 3850.0 2773.0 3884.0 2761.0 3867.0 ship 0
2842.0 3878.0 2857.0 3896.0 2807.0 3931.0 2794.0 3913.0 ship 0
3587.0 1936.0 3592.0 1941.0 3583.0 1955.0 3580.0 1954.0 ship 0
2624.0 2725.0 2633.0 2728.0 2628.0 2751.0 2620.0 2749.0 ship 0
3104.0 1228.0 3110.0 1221.0 3120.0 1237.0 3112.0 1240.0 ship 0
3259.0 3505.0 3249.0 3505.0 3248.0 3486.0 3256.0 3485.0 ship 0
3007.0 3562.0 2998.0 3562.0 2999.0 3544.0 3006.0 3544.0 ship 0
3146.0 3729.0 3149.0 3717.0 3187.0 3724.0 3184.0 3737.0 ship 0
2633.0 3624.0 2639.0 3629.0 2629.0 3645.0 2624.0 3642.0 ship 0
2657.0 3658.0 2662.0 3662.0 2648.0 3683.0 2644.0 3678.0 ship 0
2771.0 3807.0 2764.0 3810.0 2753.0 3791.0 2759.0 3787.0 ship 0
2517.0 3455.0 2515.0 3466.0 2481.0 3456.0 2485.0 3445.0 ship 1
2676.0 3056.0 2690.0 3059.0 2685.0 3098.0 2670.0 3097.0 ship 1
2077.0 2032.0 2087.0 2036.0 2082.0 2052.0 2071.0 2047.0 ship 0
