imagesource:GF
gsd:1
716.0 1238.0 586.0 1260.0 548.0 1052.0 675.0 1026.0 harbor 0
4666.0 1545.0 4689.0 1542.0 4691.0 1551.0 4666.0 1554.0 ship 0
3911.0 876.0 3933.0 872.0 3945.0 927.0 3921.0 934.0 ship 0
3880.0 844.0 3902.0 840.0 3933.0 985.0 3908.0 989.0 ship 0
3864.0 887.0 3887.0 881.0 3900.0 937.0 3874.0 943.0 ship 0
3410.0 1261.0 3428.0 1263.0 3414.0 1364.0 3395.0 1360.0 ship 0
3051.0 745.0 3099.0 778.0 3087.0 794.0 3039.0 758.0 ship 0
2724.0 721.0 2739.0 723.0 2736.0 785.0 2718.0 783.0 ship 0
2222.0 645.0 2240.0 646.0 2247.0 707.0 2229.0 710.0 ship 0
2240.0 641.0 2255.0 639.0 2262.0 701.0 2247.0 703.0 ship 0
2251.0 797.0 2263.0 796.0 2267.0 861.0 2253.0 859.0 ship 0
