imagesource:GF
gsd:1
3412.0 1022.0 3426.0 1022.0 3427.0 1045.0 3414.0 1046.0 ship 1
2759.0 3679.0 2761.0 3685.0 2753.0 3688.0 2751.0 3684.0 ship 1
2712.0 1018.0 2713.0 1024.0 2692.0 1034.0 2688.0 1026.0 ship 1
497.0 3843.0 508.0 3872.0 426.0 3914.0 407.0 3874.0 harbor 0
3860.0 207.0 3870.0 212.0 3859.0 241.0 3849.0 237.0 ship 0
2535.0 1034.0 2552.0 1051.0 2493.0 1101.0 2489.0 1091.0 harbor 0
1180.0 689.0 1202.0 689.0 1202.0 710.0 1180.0 710.0 roundabout 0
1098.0 349.0 1114.0 349.0 1114.0 365.0 1098.0 365.0 roundabout 0
