imagesource:GF
gsd:1
1794.0 1894.0 1767.0 1877.0 1859.0 1726.0 1890.0 1746.0 bridge 0
2178.0 2131.0 2168.0 2122.0 2232.0 2050.0 2242.0 2062.0 bridge 0
2324.0 2224.0 2316.0 2232.0 2279.0 2208.0 2287.0 2198.0 ship 0
2244.0 2195.0 2235.0 2191.0 2259.0 2148.0 2268.0 2153.0 ship 0
1084.0 1218.0 1074.0 1224.0 1044.0 1189.0 1050.0 1181.0 ship 0
962.0 1165.0 972.0 1156.0 1003.0 1202.0 994.0 1209.0 ship 0
971.0 1158.0 979.0 1151.0 1007.0 1187.0 996.0 1195.0 ship 0
979.0 1148.0 988.0 1142.0 1016.0 1181.0 1008.0 1188.0 ship 0
987.0 1143.0 996.0 1137.0 1024.0 1175.0 1015.0 1182.0 ship 0
1036.0 1172.0 1026.0 1180.0 994.0 1136.0 1004.0 1130.0 ship 0
1044.0 1165.0 1035.0 1171.0 1002.0 1132.0 1010.0 1123.0 ship 0
982.0 1128.0 992.0 1135.0 957.0 1169.0 947.0 1162.0 ship 0
974.0 1121.0 982.0 1128.0 949.0 1158.0 943.0 1151.0 ship 0
918.0 1047.0 925.0 1041.0 955.0 1072.0 948.0 1079.0 ship 0
813.0 928.0 817.0 932.0 804.0 950.0 801.0 945.0 ship 0
793.0 922.0 798.0 928.0 778.0 948.0 773.0 943.0 ship 0
767.0 952.0 773.0 946.0 793.0 970.0 787.0 974.0 ship 0
823.0 940.0 829.0 948.0 797.0 978.0 792.0 972.0 ship 0
805.0 985.0 799.0 977.0 827.0 949.0 832.0 956.0 ship 0
2756.0 2514.0 2746.0 2526.0 2702.0 2487.0 2713.0 2475.0 ship 0
3114.0 2776.0 3109.0 2785.0 3070.0 2760.0 3076.0 2751.0 ship 0
3288.0 2875.0 3282.0 2886.0 3233.0 2860.0 3239.0 2849.0 ship 0
3774.0 2871.0 3777.0 2880.0 3730.0 2894.0 3726.0 2885.0 ship 0
2470.0 2367.0 2437.0 2355.0 2504.0 2190.0 2538.0 2208.0 bridge 0
1948.0 3826.0 1960.0 3794.0 2024.0 3815.0 2014.0 3848.0 bridge 0
2718.0 1464.0 2735.0 1440.0 2777.0 1469.0 2758.0 1493.0 bridge 0
3208.0 1409.0 3222.0 1395.0 3264.0 1439.0 3249.0 1455.0 bridge 0
3480.0 1672.0 3491.0 1660.0 3513.0 1682.0 3501.0 1695.0 bridge 0
3372.0 1840.0 3381.0 1818.0 3408.0 1831.0 3400.0 1853.0 bridge 0
3457.0 2374.0 3509.0 2390.0 3499.0 2420.0 3448.0 2402.0 bridge 0
3778.0 2881.0 3782.0 2891.0 3733.0 2906.0 3731.0 2896.0 ship 0
3350.0 2816.0 3361.0 2821.0 3343.0 2877.0 3332.0 2871.0 ship 0
3407.0 2726.0 3417.0 2733.0 3401.0 2764.0 3390.0 2757.0 ship 0
3411.0 2781.0 3418.0 2787.0 3396.0 2822.0 3386.0 2816.0 ship 0
3405.0 2769.0 3413.0 2776.0 3387.0 2817.0 3381.0 2808.0 ship 0
3394.0 2766.0 3404.0 2773.0 3379.0 2814.0 3373.0 2808.0 ship 0
3380.0 2765.0 3391.0 2772.0 3363.0 2816.0 3353.0 2811.0 ship 0
3373.0 2817.0 3384.0 2824.0 3369.0 2870.0 3359.0 2867.0 ship 0
3363.0 2814.0 3374.0 2818.0 3357.0 2866.0 3349.0 2863.0 ship 0
416.0 713.0 427.0 720.0 392.0 834.0 378.0 827.0 bridge 0
