imagesource:GF
gsd:1
3620.0 1177.0 3615.0 1168.0 3638.0 1154.0 3642.0 1162.0 bridge 0
2566.0 2341.0 2582.0 2338.0 2596.0 2400.0 2580.0 2404.0 bridge 0
917.0 3806.0 907.0 3799.0 924.0 3775.0 935.0 3784.0 bridge 0
935.0 2576.0 971.0 2574.0 970.0 2602.0 933.0 2603.0 bridge 0
964.0 1830.0 987.0 1831.0 988.0 1863.0 964.0 1863.0 bridge 0
1408.0 1809.0 1405.0 1779.0 1430.0 1774.0 1431.0 1806.0 bridge 0
1086.0 1118.0 1116.0 1119.0 1115.0 1139.0 1085.0 1139.0 bridge 0
1195.0 770.0 1250.0 780.0 1243.0 801.0 1192.0 794.0 bridge 0
1900.0 181.0 1911.0 187.0 1903.0 207.0 1894.0 205.0 bridge 0
1777.0 276.0 1779.0 270.0 1804.0 279.0 1801.0 285.0 bridge 0
1872.0 1731.0 1896.0 1732.0 1893.0 1760.0 1869.0 1758.0 bridge 0
1657.0 2278.0 1684.0 2271.0 1696.0 2299.0 1667.0 2307.0 bridge 0
1821.0 2671.0 1834.0 2666.0 1866.0 2748.0 1852.0 2753.0 bridge 0
1923.0 2612.0 1953.0 2604.0 1955.0 2612.0 1926.0 2622.0 bridge 0
2042.0 3930.0 2053.0 3930.0 2051.0 3953.0 2040.0 3951.0 bridge 0
2269.0 3167.0 2269.0 3151.0 2333.0 3148.0 2334.0 3163.0 bridge 0
2511.0 1210.0 2524.0 1219.0 2502.0 1261.0 2490.0 1255.0 bridge 0
3832.0 2124.0 3832.0 2114.0 3858.0 2116.0 3859.0 2128.0 bridge 0
3372.0 454.0 3367.0 444.0 3393.0 434.0 3397.0 446.0 bridge 0
3526.0 533.0 3538.0 529.0 3545.0 556.0 3534.0 561.0 bridge 0
3313.0 712.0 3310.0 700.0 3345.0 691.0 3350.0 701.0 bridge 0
3489.0 2048.0 3493.0 2058.0 3457.0 2073.0 3451.0 2067.0 ship 0
3449.0 2073.0 3454.0 2079.0 3434.0 2094.0 3429.0 2089.0 ship 0
3487.0 2061.0 3490.0 2066.0 3468.0 2078.0 3465.0 2074.0 ship 0
3457.0 2076.0 3462.0 2082.0 3433.0 2102.0 3428.0 2095.0 ship 0
3321.0 2172.0 3326.0 2179.0 3287.0 2202.0 3284.0 2194.0 ship 0
3570.0 2005.0 3572.0 2011.0 3540.0 2025.0 3537.0 2020.0 ship 0
3313.0 3108.0 3322.0 3106.0 3326.0 3137.0 3317.0 3138.0 bridge 0
2883.0 2694.0 2883.0 2684.0 2906.0 2680.0 2908.0 2690.0 bridge 0
3264.0 2622.0 3262.0 2612.0 3287.0 2608.0 3288.0 2618.0 bridge 0
2781.0 3566.0 2781.0 3555.0 2801.0 3553.0 2801.0 3562.0 bridge 0
3726.0 3075.0 3728.0 3063.0 3774.0 3066.0 3773.0 3077.0 bridge 0
284.0 1697.0 308.0 1696.0 309.0 1720.0 287.0 1721.0 bridge 0
