imagesource:GF
gsd:1
3735.0 3273.0 3792.0 3266.0 3795.0 3286.0 3737.0 3295.0 bridge 0
2343.0 2264.0 2335.0 2251.0 2437.0 2195.0 2443.0 2210.0 bridge 0
650.0 2528.0 636.0 2495.0 716.0 2456.0 731.0 2486.0 bridge 0
269.0 3052.0 304.0 3061.0 277.0 3135.0 238.0 3126.0 bridge 0
350.0 3898.0 350.0 3887.0 381.0 3876.0 384.0 3886.0 bridge 0
1309.0 3832.0 1310.0 3815.0 1362.0 3816.0 1362.0 3834.0 bridge 0
1405.0 3473.0 1423.0 3471.0 1428.0 3527.0 1412.0 3527.0 bridge 0
1227.0 2339.0 1241.0 2336.0 1274.0 2489.0 1263.0 2492.0 bridge 0
1383.0 2132.0 1369.0 2096.0 1415.0 2074.0 1428.0 2109.0 bridge 0
1412.0 1005.0 1381.0 979.0 1440.0 900.0 1469.0 927.0 bridge 0
1180.0 211.0 1189.0 205.0 1200.0 226.0 1190.0 230.0 bridge 0
1480.0 73.0 1489.0 70.0 1499.0 89.0 1491.0 92.0 bridge 0
2042.0 1763.0 2024.0 1732.0 2131.0 1678.0 2146.0 1707.0 bridge 0
2035.0 2135.0 2045.0 2130.0 2064.0 2192.0 2056.0 2194.0 bridge 0
2238.0 3652.0 2234.0 3638.0 2281.0 3623.0 2287.0 3635.0 bridge 0
3681.0 2839.0 3711.0 2835.0 3725.0 2906.0 3693.0 2909.0 bridge 0
3013.0 47.0 3026.0 44.0 3035.0 86.0 3020.0 90.0 bridge 0
3331.0 148.0 3326.0 139.0 3356.0 125.0 3361.0 136.0 bridge 0
3461.0 455.0 3454.0 443.0 3488.0 432.0 3494.0 446.0 bridge 0
3365.0 1050.0 3353.0 1019.0 3399.0 999.0 3409.0 1027.0 bridge 0
3356.0 980.0 3349.0 970.0 3398.0 945.0 3405.0 959.0 bridge 0
3353.0 1290.0 3382.0 1285.0 3396.0 1329.0 3366.0 1339.0 bridge 0
3387.0 1283.0 3414.0 1280.0 3429.0 1322.0 3397.0 1330.0 bridge 0
3488.0 1908.0 3549.0 1905.0 3555.0 1980.0 3494.0 1983.0 bridge 0
3430.0 1865.0 3427.0 1856.0 3456.0 1851.0 3458.0 1859.0 bridge 0
3578.0 1841.0 3577.0 1829.0 3613.0 1825.0 3616.0 1837.0 bridge 0
3552.0 2380.0 3610.0 2367.0 3624.0 2426.0 3563.0 2440.0 bridge 0
3646.0 2845.0 3677.0 2843.0 3693.0 2908.0 3655.0 2916.0 bridge 0
629.0 53.0 616.0 33.0 672.0 2.0 687.0 16.0 bridge 0
