imagesource:GF
gsd:1
3510.0 910.0 3511.0 884.0 3550.0 884.0 3549.0 910.0 ship 0
1259.0 98.0 1264.0 107.0 1233.0 123.0 1225.0 114.0 ship 0
1682.0 1473.0 1682.0 1468.0 1709.0 1474.0 1707.0 1480.0 ship 0
2055.0 1314.0 2058.0 1307.0 2080.0 1318.0 2077.0 1323.0 ship 0
1418.0 1206.0 1415.0 1213.0 1390.0 1202.0 1391.0 1196.0 ship 0
1860.0 1137.0 1855.0 1144.0 1833.0 1133.0 1835.0 1126.0 ship 0
1932.0 1035.0 1929.0 1042.0 1908.0 1032.0 1912.0 1025.0 ship 0
1868.0 807.0 1871.0 815.0 1846.0 824.0 1844.0 817.0 ship 0
1893.0 848.0 1902.0 846.0 1910.0 888.0 1901.0 890.0 ship 0
1267.0 879.0 1268.0 889.0 1241.0 898.0 1238.0 891.0 ship 0
3712.0 1630.0 3709.0 1625.0 3728.0 1610.0 3733.0 1615.0 ship 0
131.0 3941.0 137.0 3935.0 159.0 3965.0 153.0 3970.0 bridge 0
319.0 1105.0 319.0 1117.0 278.0 1112.0 279.0 1103.0 ship 0
101.0 614.0 110.0 613.0 111.0 639.0 101.0 641.0 bridge 0
222.0 433.0 232.0 434.0 231.0 472.0 221.0 468.0 ship 0
253.0 392.0 251.0 405.0 215.0 399.0 216.0 389.0 ship 0
207.0 187.0 211.0 194.0 189.0 210.0 183.0 203.0 ship 0
203.0 193.0 192.0 192.0 196.0 165.0 205.0 168.0 ship 0
1586.0 1534.0 1585.0 1543.0 1562.0 1541.0 1562.0 1533.0 ship 0
1645.0 1672.0 1659.0 1678.0 1647.0 1710.0 1637.0 1704.0 ship 0
2036.0 1525.0 2035.0 1517.0 2065.0 1515.0 2065.0 1522.0 ship 0
2101.0 1672.0 2100.0 1660.0 2141.0 1661.0 2145.0 1672.0 ship 0
3377.0 2734.0 3372.0 2738.0 3367.0 2731.0 3371.0 2726.0 ship 1
3041.0 1982.0 3024.0 1991.0 2975.0 1899.0 2996.0 1890.0 ship 0
2997.0 1721.0 2999.0 1715.0 3020.0 1727.0 3016.0 1732.0 ship 0
2977.0 1791.0 2977.0 1779.0 3022.0 1785.0 3022.0 1795.0 ship 0
2905.0 483.0 2916.0 479.0 2927.0 504.0 2914.0 510.0 bridge 0
3202.0 406.0 3227.0 397.0 3238.0 430.0 3211.0 437.0 bridge 0
2709.0 1190.0 2707.0 1179.0 2741.0 1179.0 2743.0 1187.0 ship 0
2249.0 1610.0 2249.0 1619.0 2219.0 1618.0 2218.0 1609.0 ship 0
2401.0 1642.0 2410.0 1639.0 2422.0 1669.0 2413.0 1673.0 ship 0
2870.0 1830.0 2876.0 1837.0 2861.0 1857.0 2855.0 1850.0 ship 0
2418.0 2228.0 2425.0 2223.0 2438.0 2241.0 2431.0 2248.0 ship 0
2409.0 2195.0 2422.0 2186.0 2444.0 2230.0 2432.0 2236.0 ship 0
2668.0 2942.0 2664.0 2929.0 2720.0 2914.0 2725.0 2926.0 ship 0
1717.0 1861.0 1715.0 1848.0 1750.0 1851.0 1751.0 1862.0 ship 0
2156.0 1451.0 2164.0 1458.0 2148.0 1471.0 2141.0 1464.0 ship 0
211.0 12.0 211.0 25.0 172.0 21.0 173.0 8.0 ship 0
