imagesource:GF
gsd:1
1479.0 1107.0 1690.0 1080.0 1710.0 1189.0 1497.0 1218.0 ground-track-field 1
1786.0 2391.0 1787.0 2405.0 1732.0 2411.0 1731.0 2398.0 ship 0
3821.0 1510.0 3874.0 1496.0 3887.0 1552.0 3834.0 1564.0 bridge 0
3630.0 3542.0 3647.0 3537.0 3650.0 3545.0 3634.0 3550.0 bridge 0
3375.0 3248.0 3383.0 3241.0 3396.0 3257.0 3388.0 3263.0 bridge 0
3263.0 3108.0 3270.0 3114.0 3255.0 3135.0 3249.0 3131.0 bridge 0
3050.0 2965.0 3057.0 2971.0 3045.0 2988.0 3038.0 2983.0 bridge 0
2784.0 1731.0 2790.0 1723.0 2801.0 1732.0 2795.0 1739.0 bridge 1
2822.0 2875.0 2839.0 2883.0 2828.0 2901.0 2812.0 2894.0 bridge 0
2335.0 3495.0 2358.0 3470.0 2371.0 3483.0 2348.0 3507.0 bridge 0
2855.0 3940.0 2871.0 3933.0 2875.0 3941.0 2859.0 3948.0 bridge 0
1862.0 138.0 1892.0 132.0 1901.0 172.0 1872.0 180.0 bridge 0
1850.0 2378.0 1846.0 2367.0 1895.0 2352.0 1898.0 2362.0 ship 0
1882.0 2346.0 1885.0 2356.0 1848.0 2368.0 1844.0 2359.0 ship 0
1824.0 2366.0 1829.0 2380.0 1781.0 2400.0 1774.0 2387.0 ship 0
3785.0 792.0 3815.0 749.0 3827.0 758.0 3796.0 800.0 bridge 0
1920.0 2331.0 1935.0 2328.0 1944.0 2366.0 1929.0 2368.0 bridge 0
1364.0 1969.0 1414.0 1964.0 1417.0 1992.0 1367.0 1998.0 bridge 0
1438.0 2658.0 1488.0 2657.0 1487.0 2677.0 1438.0 2678.0 bridge 0
1412.0 3090.0 1499.0 3095.0 1496.0 3131.0 1410.0 3126.0 bridge 0
1169.0 3212.0 1179.0 3211.0 1183.0 3227.0 1173.0 3228.0 bridge 0
757.0 3310.0 770.0 3305.0 775.0 3324.0 761.0 3327.0 bridge 0
356.0 3469.0 375.0 3464.0 377.0 3472.0 358.0 3477.0 bridge 0
238.0 2969.0 258.0 2966.0 259.0 2977.0 240.0 2979.0 bridge 0
55.0 2520.0 91.0 2518.0 93.0 2563.0 57.0 2567.0 bridge 0
1078.0 2430.0 1097.0 2424.0 1112.0 2461.0 1091.0 2467.0 bridge 0
1266.0 1455.0 1304.0 1446.0 1314.0 1485.0 1277.0 1494.0 bridge 0
1131.0 527.0 1172.0 517.0 1179.0 553.0 1138.0 564.0 bridge 0
3806.0 1105.0 3861.0 981.0 3878.0 987.0 3821.0 1114.0 bridge 0
3775.0 771.0 3801.0 736.0 3810.0 743.0 3784.0 778.0 bridge 0
179.0 385.0 239.0 355.0 303.0 486.0 243.0 518.0 ground-track-field 0
3640.0 827.0 3652.0 822.0 3658.0 840.0 3645.0 843.0 bridge 0
3286.0 697.0 3414.0 660.0 3433.0 721.0 3305.0 759.0 ground-track-field 0
1821.0 646.0 1902.0 632.0 1924.0 776.0 1838.0 791.0 ground-track-field 0
1970.0 372.0 2037.0 354.0 2048.0 400.0 1982.0 417.0 soccer-ball-field 0
567.0 2253.0 773.0 2199.0 815.0 2309.0 608.0 2374.0 ground-track-field 0
3866.0 1677.0 3880.0 1677.0 3882.0 1722.0 3870.0 1726.0 ship 0
3857.0 1686.0 3868.0 1683.0 3872.0 1734.0 3861.0 1739.0 ship 0
3864.0 1620.0 3878.0 1618.0 3881.0 1674.0 3867.0 1675.0 ship 0
3845.0 1656.0 3860.0 1658.0 3857.0 1704.0 3844.0 1704.0 ship 0
2442.0 3371.0 2459.0 3352.0 2472.0 3363.0 2455.0 3383.0 bridge 0
2658.0 1863.0 2676.0 1861.0 2679.0 1887.0 2661.0 1887.0 bridge 0
2247.0 2469.0 2266.0 2462.0 2271.0 2478.0 2252.0 2484.0 bridge 0
2957.0 1032.0 2991.0 1026.0 2995.0 1044.0 2961.0 1050.0 bridge 0
3704.0 3677.0 3726.0 3674.0 3727.0 3686.0 3706.0 3688.0 bridge 0
3703.0 689.0 3755.0 625.0 3787.0 654.0 3734.0 718.0 bridge 0
2241.0 3473.0 2266.0 3473.0 2266.0 3499.0 2241.0 3499.0 storage-tank 1
2221.0 3479.0 2244.0 3479.0 2244.0 3504.0 2221.0 3504.0 storage-tank 1
2161.0 3493.0 2183.0 3493.0 2183.0 3518.0 2161.0 3518.0 storage-tank 1
2135.0 3497.0 2159.0 3497.0 2159.0 3523.0 2135.0 3523.0 storage-tank 1
2155.0 3465.0 2177.0 3465.0 2177.0 3489.0 2155.0 3489.0 storage-tank 1
2130.0 3472.0 2153.0 3472.0 2153.0 3493.0 2130.0 3493.0 storage-tank 1
2124.0 3445.0 2148.0 3445.0 2148.0 3467.0 2124.0 3467.0 storage-tank 1
2151.0 3440.0 2172.0 3440.0 2172.0 3461.0 2151.0 3461.0 storage-tank 1
334.0 3370.0 348.0 3367.0 354.0 3394.0 341.0 3397.0 bridge 0
2771.0 44.0 2802.0 40.0 2808.0 78.0 2778.0 84.0 bridge 0
1372.0 175.0 1410.0 168.0 1414.0 203.0 1377.0 208.0 bridge 0
3493.0 64.0 3540.0 51.0 3542.0 58.0 3495.0 72.0 bridge 0
1119.0 57.0 1173.0 45.0 1182.0 83.0 1129.0 96.0 bridge 0
