imagesource:GF
gsd:1
2021.0 690.0 2030.0 688.0 2034.0 705.0 2025.0 706.0 bridge 0
3328.0 3174.0 3343.0 3168.0 3346.0 3176.0 3332.0 3183.0 bridge 0
1139.0 3161.0 1124.0 3171.0 1082.0 3123.0 1093.0 3111.0 ship 0
1047.0 2835.0 1033.0 2842.0 1003.0 2785.0 1018.0 2778.0 ship 0
1463.0 3679.0 1452.0 3686.0 1432.0 3650.0 1442.0 3644.0 ship 0
1561.0 3471.0 1566.0 3484.0 1533.0 3494.0 1529.0 3480.0 ship 1
2037.0 3657.0 2051.0 3652.0 2054.0 3660.0 2040.0 3666.0 bridge 1
2032.0 3689.0 2043.0 3682.0 2051.0 3695.0 2040.0 3702.0 bridge 0
2391.0 3586.0 2400.0 3584.0 2401.0 3599.0 2394.0 3600.0 bridge 0
2785.0 3506.0 2793.0 3503.0 2798.0 3517.0 2789.0 3519.0 bridge 1
3371.0 3301.0 3385.0 3296.0 3387.0 3304.0 3373.0 3308.0 bridge 1
3392.0 3359.0 3406.0 3352.0 3410.0 3360.0 3395.0 3366.0 bridge 0
3200.0 2805.0 3215.0 2800.0 3218.0 2807.0 3202.0 2812.0 bridge 0
1853.0 2074.0 1870.0 2067.0 1873.0 2079.0 1858.0 2083.0 bridge 0
3130.0 2614.0 3148.0 2606.0 3155.0 2626.0 3136.0 2633.0 bridge 0
3282.0 2530.0 3290.0 2527.0 3297.0 2550.0 3291.0 2552.0 bridge 0
3005.0 2626.0 3012.0 2624.0 3019.0 2646.0 3012.0 2648.0 bridge 0
3539.0 2440.0 3550.0 2438.0 3559.0 2460.0 3548.0 2463.0 bridge 0
2958.0 2116.0 2973.0 2111.0 2976.0 2120.0 2960.0 2124.0 bridge 0
2917.0 1991.0 2930.0 1986.0 2932.0 1996.0 2920.0 2000.0 bridge 1
2706.0 2061.0 2713.0 2058.0 2718.0 2072.0 2711.0 2075.0 bridge 1
2537.0 2104.0 2552.0 2105.0 2552.0 2122.0 2537.0 2123.0 bridge 0
2708.0 1390.0 2723.0 1385.0 2725.0 1394.0 2710.0 1397.0 bridge 0
2219.0 1532.0 2227.0 1530.0 2231.0 1541.0 2224.0 1543.0 bridge 1
1167.0 3257.0 1156.0 3262.0 1136.0 3227.0 1147.0 3220.0 ship 0
1285.0 3178.0 1274.0 3185.0 1248.0 3144.0 1259.0 3136.0 ship 0
763.0 1200.0 773.0 1196.0 785.0 1234.0 775.0 1238.0 ship 0
735.0 1380.0 750.0 1377.0 763.0 1438.0 747.0 1441.0 ship 0
534.0 3640.0 570.0 3628.0 576.0 3650.0 541.0 3661.0 bridge 0
843.0 3572.0 870.0 3562.0 879.0 3584.0 851.0 3594.0 bridge 0
310.0 3668.0 328.0 3664.0 332.0 3679.0 314.0 3684.0 bridge 0
653.0 2937.0 663.0 2935.0 667.0 2949.0 658.0 2951.0 bridge 1
335.0 3008.0 344.0 3004.0 347.0 3017.0 339.0 3019.0 bridge 1
53.0 3068.0 63.0 3068.0 63.0 3084.0 54.0 3084.0 bridge 0
498.0 2178.0 508.0 2188.0 464.0 2224.0 455.0 2213.0 ship 0
1568.0 3777.0 1584.0 3770.0 1611.0 3831.0 1596.0 3836.0 ship 0
1223.0 3382.0 1435.0 3267.0 1444.0 3286.0 1230.0 3401.0 bridge 0
1419.0 3447.0 1430.0 3439.0 1460.0 3481.0 1449.0 3488.0 ship 0
860.0 12.0 866.0 28.0 810.0 48.0 805.0 34.0 ship 0
623.0 294.0 641.0 298.0 627.0 377.0 610.0 375.0 ship 0
596.0 577.0 610.0 575.0 618.0 623.0 604.0 624.0 ship 0
547.0 613.0 560.0 612.0 567.0 656.0 554.0 658.0 ship 0
533.0 662.0 521.0 664.0 512.0 612.0 526.0 609.0 ship 1
677.0 680.0 690.0 677.0 702.0 724.0 688.0 727.0 ship 0
775.0 1873.0 790.0 1873.0 794.0 1923.0 780.0 1925.0 ship 0
782.0 1774.0 794.0 1772.0 800.0 1829.0 787.0 1829.0 ship 0
895.0 1454.0 906.0 1451.0 917.0 1498.0 906.0 1499.0 ship 0
741.0 1561.0 755.0 1561.0 762.0 1613.0 749.0 1615.0 ship 0
665.0 1478.0 679.0 1478.0 683.0 1526.0 668.0 1526.0 ship 0
1692.0 1244.0 1711.0 1240.0 1712.0 1252.0 1694.0 1256.0 bridge 0
1772.0 1647.0 1786.0 1643.0 1787.0 1652.0 1774.0 1654.0 bridge 1
2246.0 630.0 2254.0 631.0 2256.0 644.0 2248.0 643.0 bridge 1
3785.0 613.0 3793.0 612.0 3796.0 624.0 3788.0 625.0 bridge 1
2776.0 1599.0 2794.0 1596.0 2796.0 1604.0 2778.0 1606.0 bridge 0
3524.0 3742.0 3540.0 3736.0 3543.0 3744.0 3526.0 3749.0 bridge 0
3472.0 3587.0 3491.0 3585.0 3491.0 3593.0 3472.0 3596.0 bridge 0
3538.0 3100.0 3544.0 3097.0 3548.0 3107.0 3542.0 3109.0 bridge 1
3207.0 979.0 3225.0 967.0 3229.0 974.0 3211.0 985.0 bridge 0
3323.0 1060.0 3329.0 1053.0 3341.0 1066.0 3335.0 1072.0 bridge 0
3539.0 978.0 3546.0 976.0 3552.0 987.0 3544.0 989.0 bridge 1
3387.0 139.0 3394.0 137.0 3396.0 152.0 3389.0 152.0 bridge 0
3660.0 80.0 3668.0 79.0 3670.0 89.0 3662.0 90.0 bridge 1
3922.0 320.0 3938.0 315.0 3941.0 326.0 3926.0 329.0 bridge 0
3844.0 860.0 3853.0 857.0 3856.0 869.0 3849.0 872.0 bridge 1
1457.0 39.0 1479.0 40.0 1479.0 51.0 1456.0 48.0 bridge 0
166.0 168.0 182.0 150.0 190.0 159.0 174.0 174.0 bridge 0
1572.0 3480.0 1576.0 3490.0 1542.0 3502.0 1537.0 3491.0 ship 0
1577.0 3490.0 1580.0 3499.0 1546.0 3511.0 1542.0 3500.0 ship 0
1581.0 3499.0 1584.0 3511.0 1550.0 3520.0 1547.0 3509.0 ship 0
1613.0 3556.0 1616.0 3566.0 1579.0 3575.0 1577.0 3565.0 ship 0
3550.0 3835.0 3556.0 3833.0 3559.0 3842.0 3552.0 3842.0 bridge 1
3941.0 2305.0 3952.0 2300.0 3957.0 2319.0 3946.0 2322.0 bridge 0
391.0 809.0 399.0 806.0 404.0 820.0 396.0 822.0 bridge 1
2546.0 1441.0 2583.0 1431.0 2590.0 1447.0 2551.0 1457.0 bridge 0
2500.0 561.0 2515.0 561.0 2514.0 582.0 2498.0 582.0 bridge 0
2663.0 300.0 2668.0 300.0 2671.0 320.0 2665.0 320.0 bridge 0
2752.0 979.0 2759.0 974.0 2768.0 985.0 2761.0 988.0 bridge 1
2603.0 1075.0 2610.0 1070.0 2617.0 1079.0 2610.0 1082.0 bridge 1
2577.0 290.0 2598.0 298.0 2595.0 308.0 2572.0 298.0 bridge 0
1493.0 229.0 1511.0 227.0 1512.0 235.0 1494.0 238.0 bridge 0
1522.0 376.0 1537.0 370.0 1539.0 380.0 1526.0 384.0 bridge 0
1570.0 609.0 1583.0 608.0 1584.0 616.0 1570.0 616.0 bridge 1
1309.0 446.0 1317.0 443.0 1322.0 455.0 1313.0 457.0 bridge 1
1115.0 500.0 1124.0 499.0 1126.0 512.0 1117.0 512.0 bridge 1
1239.0 1141.0 1250.0 1139.0 1252.0 1156.0 1243.0 1157.0 bridge 0
1706.0 1363.0 1716.0 1360.0 1720.0 1374.0 1710.0 1375.0 bridge 1
1850.0 1360.0 1858.0 1358.0 1861.0 1371.0 1853.0 1373.0 bridge 1
1029.0 2516.0 1037.0 2511.0 1048.0 2530.0 1040.0 2535.0 bridge 0
1485.0 2394.0 1493.0 2391.0 1497.0 2411.0 1488.0 2412.0 bridge 0
1600.0 2362.0 1609.0 2360.0 1615.0 2376.0 1606.0 2378.0 bridge 0
1306.0 1466.0 1314.0 1464.0 1316.0 1477.0 1309.0 1479.0 bridge 1
1558.0 1718.0 1566.0 1715.0 1570.0 1729.0 1562.0 1730.0 bridge 1
1766.0 1660.0 1773.0 1658.0 1777.0 1672.0 1769.0 1672.0 bridge 1
1908.0 1623.0 1915.0 1621.0 1917.0 1630.0 1910.0 1632.0 bridge 1
1785.0 1653.0 1791.0 1652.0 1795.0 1664.0 1789.0 1666.0 bridge 1
1912.0 3278.0 1925.0 3273.0 1928.0 3285.0 1915.0 3287.0 bridge 1
1842.0 3068.0 1854.0 3064.0 1860.0 3081.0 1848.0 3086.0 bridge 0
1789.0 2912.0 1806.0 2906.0 1807.0 2915.0 1791.0 2918.0 bridge 0
1724.0 2711.0 1738.0 2705.0 1741.0 2712.0 1726.0 2718.0 bridge 0
1935.0 267.0 1947.0 264.0 1951.0 278.0 1939.0 280.0 bridge 1
144.0 3728.0 169.0 3718.0 175.0 3736.0 150.0 3745.0 bridge 0
