imagesource:GF
gsd:1
1452.0 3108.0 1496.0 3155.0 1447.0 3196.0 1408.0 3148.0 plane 0
1365.0 2179.0 1384.0 2165.0 1407.0 2194.0 1390.0 2208.0 basketball-court 0
649.0 3190.0 613.0 3215.0 580.0 3181.0 618.0 3145.0 plane 0
189.0 3538.0 141.0 3516.0 173.0 3463.0 219.0 3487.0 plane 0
119.0 3519.0 72.0 3517.0 76.0 3457.0 126.0 3463.0 plane 0
65.0 3528.0 21.0 3537.0 6.0 3484.0 56.0 3474.0 plane 0
2010.0 3116.0 1968.0 3118.0 1965.0 3075.0 2007.0 3072.0 plane 0
25.0 1263.0 2.0 1284.0 1.0 1251.0 8.0 1250.0 plane 0
2230.0 1812.0 2250.0 1821.0 2241.0 1858.0 2219.0 1850.0 basketball-court 0
1753.0 3868.0 1719.0 3827.0 1765.0 3787.0 1797.0 3828.0 plane 0
2254.0 1821.0 2276.0 1826.0 2266.0 1862.0 2245.0 1855.0 basketball-court 0
1670.0 2535.0 1685.0 2521.0 1709.0 2550.0 1693.0 2565.0 basketball-court 0
1686.0 2522.0 1702.0 2507.0 1727.0 2538.0 1710.0 2551.0 basketball-court 0
1703.0 2505.0 1721.0 2493.0 1743.0 2524.0 1728.0 2539.0 basketball-court 0
1998.0 2563.0 2013.0 2550.0 2041.0 2580.0 2021.0 2592.0 basketball-court 0
2015.0 2549.0 2034.0 2534.0 2059.0 2566.0 2042.0 2581.0 basketball-court 0
688.0 2210.0 710.0 2235.0 680.0 2268.0 653.0 2240.0 plane 0
295.0 2106.0 270.0 2073.0 307.0 2043.0 334.0 2082.0 plane 0
343.0 2167.0 320.0 2134.0 355.0 2102.0 380.0 2136.0 plane 0
2992.0 3900.0 3024.0 3900.0 3024.0 3936.0 2992.0 3936.0 storage-tank 0
3038.0 3872.0 3078.0 3872.0 3078.0 3913.0 3038.0 3913.0 storage-tank 0
2967.0 3857.0 3002.0 3857.0 3002.0 3890.0 2967.0 3890.0 storage-tank 0
3024.0 3832.0 3052.0 3832.0 3052.0 3865.0 3024.0 3865.0 storage-tank 0
2994.0 3787.0 3031.0 3787.0 3031.0 3820.0 2994.0 3820.0 storage-tank 0
2944.0 3810.0 2978.0 3810.0 2978.0 3846.0 2944.0 3846.0 storage-tank 0
2734.0 3959.0 2777.0 3959.0 2777.0 4002.0 2734.0 4002.0 storage-tank 0
2780.0 3934.0 2821.0 3934.0 2821.0 3980.0 2780.0 3980.0 storage-tank 0
2646.0 3916.0 2679.0 3916.0 2679.0 3949.0 2646.0 3949.0 storage-tank 0
2682.0 3903.0 2706.0 3903.0 2706.0 3935.0 2682.0 3935.0 storage-tank 0
2710.0 3890.0 2739.0 3890.0 2739.0 3917.0 2710.0 3917.0 storage-tank 0
2744.0 3874.0 2773.0 3874.0 2773.0 3900.0 2744.0 3900.0 storage-tank 0
2728.0 3837.0 2754.0 3837.0 2754.0 3869.0 2728.0 3869.0 storage-tank 0
2693.0 3858.0 2721.0 3858.0 2721.0 3884.0 2693.0 3884.0 storage-tank 0
2034.0 2535.0 2050.0 2522.0 2075.0 2552.0 2058.0 2565.0 basketball-court 0
2023.0 2602.0 2082.0 2554.0 2169.0 2656.0 2110.0 2711.0 ground-track-field 0
2861.0 808.0 2943.0 716.0 3109.0 856.0 3026.0 952.0 ground-track-field 0
629.0 2125.0 664.0 2165.0 620.0 2208.0 581.0 2166.0 plane 0
1916.0 3660.0 1964.0 3710.0 1910.0 3769.0 1859.0 3715.0 plane 0
1439.0 3470.0 1412.0 3434.0 1450.0 3405.0 1479.0 3440.0 plane 0
1660.0 3358.0 1699.0 3399.0 1649.0 3442.0 1614.0 3400.0 plane 0
1585.0 3280.0 1614.0 3311.0 1583.0 3339.0 1555.0 3306.0 plane 0
1275.0 2880.0 1308.0 2917.0 1270.0 2952.0 1237.0 2913.0 plane 0
1090.0 2860.0 1126.0 2829.0 1158.0 2866.0 1121.0 2898.0 plane 0
1012.0 2703.0 1048.0 2676.0 1078.0 2716.0 1040.0 2745.0 plane 0
1054.0 2670.0 1093.0 2642.0 1124.0 2684.0 1086.0 2712.0 plane 0
822.0 2443.0 857.0 2414.0 888.0 2454.0 855.0 2482.0 plane 0
651.0 2542.0 621.0 2503.0 660.0 2473.0 690.0 2513.0 plane 0
601.0 2480.0 575.0 2446.0 612.0 2416.0 639.0 2453.0 plane 0
748.0 2283.0 775.0 2316.0 740.0 2346.0 713.0 2312.0 plane 0
506.0 2360.0 482.0 2329.0 516.0 2303.0 541.0 2336.0 plane 0
456.0 2307.0 430.0 2271.0 470.0 2241.0 496.0 2276.0 plane 0
568.0 2045.0 614.0 2096.0 561.0 2143.0 516.0 2092.0 plane 0
2883.0 1.0 3011.0 4.0 3006.0 176.0 2887.0 169.0 ground-track-field 0
250.0 2049.0 225.0 2017.0 260.0 1992.0 283.0 2024.0 plane 0
507.0 1988.0 538.0 2020.0 503.0 2051.0 474.0 2018.0 plane 0
393.0 1834.0 429.0 1874.0 381.0 1917.0 344.0 1873.0 plane 0
332.0 1758.0 368.0 1805.0 320.0 1844.0 282.0 1797.0 plane 0
207.0 1609.0 250.0 1662.0 196.0 1704.0 156.0 1654.0 plane 0
230.0 1315.0 260.0 1294.0 279.0 1318.0 248.0 1340.0 plane 0
200.0 1343.0 226.0 1324.0 246.0 1351.0 220.0 1372.0 plane 0
162.0 1370.0 192.0 1346.0 215.0 1378.0 184.0 1400.0 plane 0
109.0 1432.0 136.0 1413.0 155.0 1440.0 128.0 1460.0 plane 0
86.0 1456.0 110.0 1439.0 125.0 1463.0 102.0 1479.0 plane 0
24.0 1467.0 63.0 1470.0 60.0 1511.0 19.0 1507.0 plane 0
58.0 1250.0 38.0 1265.0 20.0 1237.0 40.0 1223.0 plane 0
93.0 1229.0 67.0 1249.0 45.0 1216.0 70.0 1198.0 plane 0
130.0 1206.0 98.0 1229.0 73.0 1194.0 104.0 1171.0 plane 0
2659.0 3873.0 2688.0 3873.0 2688.0 3900.0 2659.0 3900.0 storage-tank 0
