imagesource:GoogleEarth
gsd:0.27007553646
1983.0 3657.0 2016.0 3621.0 2079.0 3691.0 2049.0 3723.0 swimming-pool 0
836.0 2697.0 836.0 2705.0 819.0 2707.0 817.0 2698.0 small-vehicle 1
702.0 2804.0 695.0 2798.0 706.0 2785.0 715.0 2790.0 small-vehicle 1
717.0 2788.0 708.0 2781.0 721.0 2770.0 728.0 2776.0 small-vehicle 1
734.0 2758.0 741.0 2762.0 731.0 2775.0 725.0 2770.0 small-vehicle 1
751.0 2742.0 757.0 2747.0 745.0 2761.0 740.0 2756.0 small-vehicle 1
762.0 2728.0 771.0 2734.0 759.0 2747.0 752.0 2741.0 small-vehicle 1
781.0 2711.0 785.0 2717.0 772.0 2734.0 765.0 2727.0 small-vehicle 1
856.0 2715.0 850.0 2722.0 835.0 2713.0 839.0 2705.0 small-vehicle 1
659.0 2844.0 653.0 2840.0 665.0 2828.0 671.0 2833.0 small-vehicle 1
868.0 2729.0 863.0 2737.0 849.0 2727.0 854.0 2719.0 small-vehicle 1
577.0 2897.0 588.0 2907.0 566.0 2928.0 556.0 2920.0 large-vehicle 1
883.0 2740.0 878.0 2749.0 863.0 2738.0 869.0 2730.0 small-vehicle 1
896.0 2756.0 892.0 2762.0 878.0 2753.0 885.0 2745.0 small-vehicle 1
910.0 2768.0 906.0 2776.0 889.0 2764.0 897.0 2756.0 small-vehicle 1
923.0 2783.0 917.0 2790.0 905.0 2778.0 911.0 2771.0 small-vehicle 1
688.0 2816.0 681.0 2812.0 694.0 2799.0 700.0 2804.0 small-vehicle 1
647.0 2860.0 639.0 2854.0 652.0 2842.0 658.0 2847.0 small-vehicle 1
4488.0 2216.0 4498.0 2212.0 4503.0 2230.0 4493.0 2232.0 small-vehicle 1
665.0 2788.0 665.0 2782.0 681.0 2784.0 680.0 2792.0 small-vehicle 1
634.0 2833.0 634.0 2841.0 617.0 2837.0 619.0 2829.0 small-vehicle 1
622.0 2829.0 624.0 2823.0 640.0 2825.0 640.0 2831.0 small-vehicle 1
652.0 2819.0 650.0 2826.0 631.0 2821.0 633.0 2814.0 small-vehicle 1
658.0 2809.0 658.0 2816.0 641.0 2813.0 641.0 2808.0 small-vehicle 1
668.0 2800.0 666.0 2808.0 648.0 2806.0 650.0 2799.0 small-vehicle 1
673.0 2791.0 671.0 2799.0 653.0 2796.0 654.0 2789.0 small-vehicle 1
694.0 2775.0 689.0 2782.0 674.0 2776.0 679.0 2770.0 small-vehicle 1
744.0 2720.0 743.0 2726.0 724.0 2723.0 724.0 2716.0 small-vehicle 1
680.0 2768.0 683.0 2760.0 701.0 2767.0 698.0 2775.0 small-vehicle 1
707.0 2758.0 704.0 2766.0 683.0 2760.0 685.0 2754.0 small-vehicle 1
717.0 2751.0 715.0 2759.0 696.0 2754.0 697.0 2749.0 small-vehicle 1
724.0 2741.0 722.0 2747.0 705.0 2746.0 704.0 2741.0 small-vehicle 1
731.0 2735.0 728.0 2742.0 710.0 2738.0 711.0 2731.0 small-vehicle 1
736.0 2727.0 735.0 2735.0 717.0 2732.0 719.0 2725.0 small-vehicle 1
936.0 2797.0 929.0 2802.0 916.0 2792.0 924.0 2784.0 small-vehicle 1
949.0 2813.0 943.0 2818.0 931.0 2808.0 936.0 2801.0 small-vehicle 1
963.0 2826.0 956.0 2832.0 944.0 2821.0 951.0 2813.0 small-vehicle 1
1645.0 3412.0 1651.0 3418.0 1636.0 3432.0 1633.0 3427.0 small-vehicle 1
1504.0 3418.0 1510.0 3424.0 1499.0 3435.0 1493.0 3430.0 small-vehicle 1
1510.0 3426.0 1518.0 3430.0 1506.0 3443.0 1498.0 3438.0 small-vehicle 1
1458.0 3457.0 1451.0 3450.0 1464.0 3436.0 1471.0 3442.0 small-vehicle 1
1471.0 3468.0 1465.0 3462.0 1480.0 3448.0 1484.0 3455.0 small-vehicle 1
1606.0 3402.0 1599.0 3395.0 1615.0 3385.0 1620.0 3391.0 small-vehicle 1
1637.0 3405.0 1644.0 3411.0 1630.0 3426.0 1625.0 3420.0 small-vehicle 1
1651.0 3420.0 1656.0 3426.0 1643.0 3440.0 1638.0 3434.0 small-vehicle 1
979.0 2840.0 973.0 2848.0 959.0 2836.0 966.0 2827.0 small-vehicle 1
1620.0 3920.0 1611.0 3926.0 1600.0 3915.0 1606.0 3907.0 small-vehicle 1
1610.0 3910.0 1613.0 3902.0 1626.0 3911.0 1620.0 3919.0 small-vehicle 1
1736.0 3866.0 1727.0 3872.0 1716.0 3863.0 1725.0 3854.0 small-vehicle 1
1540.0 51.0 1545.0 55.0 1533.0 73.0 1527.0 68.0 small-vehicle 1
1411.0 108.0 1403.0 101.0 1418.0 82.0 1425.0 89.0 small-vehicle 1
1463.0 144.0 1469.0 152.0 1452.0 169.0 1447.0 164.0 small-vehicle 1
1498.0 3411.0 1503.0 3416.0 1491.0 3429.0 1488.0 3422.0 small-vehicle 1
1454.0 3246.0 1462.0 3253.0 1447.0 3271.0 1440.0 3265.0 small-vehicle 1
1330.0 3229.0 1324.0 3223.0 1334.0 3212.0 1341.0 3216.0 small-vehicle 1
1390.0 3179.0 1396.0 3184.0 1384.0 3197.0 1379.0 3192.0 small-vehicle 1
1402.0 2964.0 1396.0 2974.0 1376.0 2959.0 1387.0 2949.0 small-vehicle 1
1381.0 2980.0 1377.0 2987.0 1363.0 2979.0 1370.0 2970.0 small-vehicle 1
1373.0 2984.0 1371.0 2990.0 1349.0 2983.0 1350.0 2973.0 small-vehicle 1
1101.0 2108.0 1094.0 2102.0 1108.0 2081.0 1115.0 2085.0 large-vehicle 1
1095.0 2135.0 1088.0 2129.0 1106.0 2109.0 1114.0 2116.0 large-vehicle 1
1190.0 3010.0 1184.0 3005.0 1198.0 2991.0 1203.0 2995.0 small-vehicle 1
1157.0 2979.0 1150.0 2974.0 1160.0 2962.0 1169.0 2967.0 small-vehicle 1
1096.0 2953.0 1090.0 2960.0 1077.0 2949.0 1085.0 2941.0 small-vehicle 1
1081.0 2940.0 1077.0 2945.0 1065.0 2933.0 1071.0 2928.0 small-vehicle 1
1038.0 2893.0 1032.0 2902.0 1018.0 2890.0 1026.0 2882.0 small-vehicle 1
1026.0 2883.0 1018.0 2890.0 1004.0 2876.0 1011.0 2868.0 small-vehicle 1
1009.0 2867.0 1001.0 2874.0 988.0 2861.0 997.0 2853.0 small-vehicle 1
995.0 2856.0 987.0 2863.0 974.0 2851.0 983.0 2843.0 small-vehicle 1
626.0 2842.0 623.0 2848.0 605.0 2843.0 609.0 2836.0 small-vehicle 1
733.0 2695.0 735.0 2687.0 749.0 2689.0 749.0 2695.0 small-vehicle 1
744.0 2697.0 743.0 2705.0 727.0 2705.0 727.0 2698.0 small-vehicle 1
700.0 2560.0 705.0 2551.0 718.0 2562.0 713.0 2569.0 small-vehicle 1
476.0 1235.0 481.0 1242.0 468.0 1256.0 462.0 1252.0 small-vehicle 1
156.0 1589.0 164.0 1596.0 150.0 1608.0 145.0 1602.0 small-vehicle 1
752.0 1511.0 759.0 1523.0 725.0 1545.0 717.0 1536.0 large-vehicle 1
575.0 2568.0 570.0 2582.0 535.0 2568.0 540.0 2555.0 large-vehicle 1
543.0 2512.0 548.0 2518.0 535.0 2530.0 530.0 2526.0 small-vehicle 1
629.0 2484.0 623.0 2491.0 609.0 2481.0 616.0 2474.0 small-vehicle 1
735.0 2571.0 728.0 2578.0 715.0 2569.0 720.0 2561.0 small-vehicle 1
644.0 2674.0 637.0 2679.0 629.0 2666.0 636.0 2662.0 small-vehicle 1
819.0 2645.0 825.0 2637.0 839.0 2648.0 833.0 2653.0 small-vehicle 1
869.0 2671.0 862.0 2665.0 872.0 2651.0 879.0 2656.0 small-vehicle 1
581.0 2721.0 576.0 2727.0 564.0 2714.0 572.0 2707.0 small-vehicle 1
592.0 2746.0 601.0 2749.0 595.0 2761.0 586.0 2757.0 small-vehicle 1
579.0 2709.0 588.0 2709.0 592.0 2725.0 584.0 2726.0 small-vehicle 1
588.0 2706.0 597.0 2702.0 604.0 2716.0 597.0 2719.0 small-vehicle 1
500.0 1133.0 494.0 1125.0 511.0 1109.0 518.0 1116.0 small-vehicle 1
894.0 733.0 888.0 728.0 897.0 714.0 904.0 718.0 small-vehicle 1
1138.0 2399.0 1002.0 2272.0 1143.0 2130.0 1269.0 2246.0 plane 0
2366.0 4658.0 2248.0 4630.0 2282.0 4523.0 2391.0 4546.0 plane 0
2620.0 3307.0 2541.0 3249.0 2594.0 3169.0 2680.0 3224.0 plane 0
2536.0 3235.0 2460.0 3166.0 2512.0 3086.0 2596.0 3148.0 plane 0
2474.0 3334.0 2547.0 3262.0 2624.0 3359.0 2544.0 3428.0 plane 0
2390.0 3408.0 2475.0 3336.0 2543.0 3433.0 2460.0 3502.0 plane 0
2313.0 3157.0 2148.0 3006.0 2289.0 2844.0 2475.0 2980.0 plane 0
2148.0 2879.0 2072.0 2801.0 2144.0 2712.0 2232.0 2797.0 plane 0
1526.0 1911.0 1359.0 1753.0 1530.0 1588.0 1698.0 1753.0 plane 0
1733.0 2112.0 1572.0 1954.0 1720.0 1791.0 1881.0 1944.0 plane 0
1751.0 2231.0 1772.0 2010.0 1992.0 2022.0 1988.0 2252.0 plane 0
1832.0 2076.0 1894.0 2313.0 1652.0 2372.0 1591.0 2144.0 plane 0
3135.0 1364.0 3149.0 1248.0 3265.0 1267.0 3251.0 1384.0 plane 0
2909.0 1496.0 3007.0 1591.0 2912.0 1707.0 2808.0 1608.0 plane 0
2640.0 1364.0 2847.0 1340.0 2869.0 1547.0 2678.0 1572.0 plane 0
635.0 2682.0 625.0 2687.0 618.0 2673.0 627.0 2668.0 small-vehicle 1
651.0 2664.0 643.0 2669.0 635.0 2654.0 643.0 2650.0 small-vehicle 1
754.0 2712.0 750.0 2721.0 734.0 2715.0 738.0 2708.0 small-vehicle 1
786.0 2683.0 780.0 2689.0 767.0 2681.0 772.0 2673.0 small-vehicle 1
674.0 2738.0 669.0 2743.0 656.0 2734.0 662.0 2727.0 small-vehicle 1
661.0 2727.0 665.0 2721.0 680.0 2730.0 676.0 2737.0 small-vehicle 1
668.0 2716.0 673.0 2711.0 687.0 2719.0 682.0 2725.0 small-vehicle 1
694.0 2710.0 690.0 2719.0 673.0 2710.0 681.0 2701.0 small-vehicle 1
748.0 2653.0 756.0 2656.0 751.0 2668.0 743.0 2665.0 small-vehicle 1
756.0 2659.0 764.0 2661.0 760.0 2675.0 751.0 2672.0 small-vehicle 1
786.0 2661.0 797.0 2661.0 797.0 2677.0 788.0 2678.0 small-vehicle 1
659.0 2656.0 652.0 2661.0 644.0 2649.0 654.0 2645.0 small-vehicle 1
792.0 2655.0 787.0 2661.0 773.0 2652.0 779.0 2644.0 small-vehicle 1
752.0 2621.0 751.0 2627.0 736.0 2626.0 735.0 2620.0 small-vehicle 1
781.0 2645.0 773.0 2651.0 763.0 2641.0 769.0 2634.0 small-vehicle 1
776.0 2690.0 774.0 2697.0 756.0 2692.0 756.0 2684.0 small-vehicle 1
769.0 2698.0 767.0 2706.0 752.0 2701.0 752.0 2693.0 small-vehicle 1
763.0 2707.0 760.0 2714.0 746.0 2709.0 747.0 2700.0 small-vehicle 1
667.0 2746.0 661.0 2752.0 648.0 2743.0 654.0 2735.0 small-vehicle 1
657.0 2755.0 650.0 2760.0 638.0 2750.0 644.0 2742.0 small-vehicle 1
739.0 2644.0 735.0 2650.0 723.0 2640.0 729.0 2631.0 small-vehicle 1
712.0 2644.0 719.0 2638.0 734.0 2652.0 726.0 2658.0 small-vehicle 1
725.0 2659.0 717.0 2667.0 704.0 2653.0 711.0 2644.0 small-vehicle 1
696.0 2661.0 703.0 2656.0 717.0 2668.0 711.0 2674.0 small-vehicle 1
711.0 2675.0 708.0 2683.0 690.0 2672.0 696.0 2662.0 small-vehicle 1
703.0 2684.0 697.0 2689.0 684.0 2679.0 692.0 2673.0 small-vehicle 1
699.0 2657.0 689.0 2651.0 703.0 2637.0 711.0 2645.0 small-vehicle 1
689.0 2650.0 696.0 2657.0 683.0 2671.0 677.0 2665.0 small-vehicle 1
675.0 2666.0 681.0 2672.0 672.0 2686.0 663.0 2681.0 small-vehicle 1
689.0 2602.0 699.0 2598.0 703.0 2610.0 698.0 2616.0 small-vehicle 1
698.0 2616.0 691.0 2623.0 682.0 2613.0 690.0 2606.0 small-vehicle 1
677.0 2619.0 682.0 2615.0 689.0 2627.0 682.0 2633.0 small-vehicle 1
681.0 2632.0 674.0 2637.0 667.0 2623.0 675.0 2620.0 small-vehicle 1
660.0 2634.0 667.0 2629.0 673.0 2641.0 666.0 2648.0 small-vehicle 1
666.0 2650.0 660.0 2654.0 652.0 2642.0 660.0 2637.0 small-vehicle 1
1404.0 137.0 1397.0 132.0 1410.0 117.0 1417.0 123.0 small-vehicle 1
1351.0 203.0 1343.0 198.0 1356.0 182.0 1363.0 188.0 small-vehicle 1
1302.0 271.0 1295.0 266.0 1308.0 250.0 1315.0 257.0 small-vehicle 1
3669.0 499.0 3663.0 492.0 3676.0 481.0 3684.0 488.0 small-vehicle 1
3437.0 491.0 3441.0 499.0 3424.0 513.0 3420.0 504.0 small-vehicle 1
3446.0 512.0 3452.0 517.0 3441.0 527.0 3435.0 522.0 small-vehicle 1
3524.0 560.0 3516.0 551.0 3528.0 541.0 3535.0 548.0 small-vehicle 1
3514.0 552.0 3510.0 546.0 3521.0 536.0 3528.0 541.0 small-vehicle 1
3588.0 523.0 3587.0 516.0 3604.0 514.0 3605.0 523.0 small-vehicle 1
3609.0 525.0 3608.0 514.0 3624.0 510.0 3626.0 521.0 small-vehicle 1
3482.0 491.0 3473.0 493.0 3464.0 476.0 3473.0 472.0 small-vehicle 1
3582.0 746.0 3577.0 738.0 3592.0 727.0 3598.0 737.0 small-vehicle 1
3481.0 470.0 3488.0 466.0 3498.0 481.0 3488.0 484.0 small-vehicle 1
3416.0 497.0 3409.0 487.0 3425.0 476.0 3432.0 487.0 small-vehicle 1
3421.0 472.0 3411.0 480.0 3399.0 463.0 3410.0 455.0 small-vehicle 1
3561.0 368.0 3568.0 360.0 3582.0 376.0 3576.0 385.0 small-vehicle 1
3561.0 387.0 3554.0 393.0 3543.0 380.0 3552.0 374.0 small-vehicle 1
3543.0 396.0 3533.0 403.0 3524.0 391.0 3533.0 383.0 small-vehicle 1
3415.0 437.0 3422.0 432.0 3432.0 446.0 3424.0 451.0 small-vehicle 1
3524.0 437.0 3531.0 433.0 3539.0 450.0 3533.0 455.0 small-vehicle 1
3566.0 435.0 3557.0 440.0 3550.0 425.0 3560.0 420.0 small-vehicle 1
3574.0 430.0 3568.0 435.0 3559.0 418.0 3567.0 414.0 small-vehicle 1
3582.0 423.0 3576.0 427.0 3567.0 410.0 3574.0 407.0 small-vehicle 1
3590.0 421.0 3583.0 424.0 3576.0 410.0 3585.0 405.0 small-vehicle 1
3601.0 416.0 3593.0 419.0 3584.0 404.0 3591.0 399.0 small-vehicle 1
3608.0 408.0 3604.0 414.0 3594.0 399.0 3601.0 395.0 small-vehicle 1
3618.0 405.0 3610.0 409.0 3600.0 393.0 3608.0 390.0 small-vehicle 1
3623.0 399.0 3616.0 402.0 3608.0 391.0 3617.0 385.0 small-vehicle 1
3631.0 395.0 3625.0 399.0 3616.0 385.0 3622.0 381.0 small-vehicle 1
3639.0 390.0 3632.0 394.0 3621.0 380.0 3631.0 375.0 small-vehicle 1
3648.0 382.0 3642.0 387.0 3630.0 373.0 3639.0 368.0 small-vehicle 1
3656.0 378.0 3649.0 382.0 3640.0 368.0 3649.0 363.0 small-vehicle 1
3668.0 370.0 3659.0 375.0 3650.0 361.0 3659.0 357.0 small-vehicle 1
3658.0 356.0 3665.0 353.0 3674.0 363.0 3668.0 369.0 small-vehicle 1
3686.0 360.0 3678.0 364.0 3666.0 350.0 3676.0 344.0 small-vehicle 1
3446.0 459.0 3439.0 450.0 3456.0 436.0 3462.0 444.0 small-vehicle 1
3588.0 754.0 3582.0 749.0 3602.0 735.0 3605.0 742.0 small-vehicle 1
3580.0 351.0 3587.0 346.0 3599.0 363.0 3591.0 365.0 small-vehicle 1
3931.0 1689.0 3928.0 1682.0 3947.0 1677.0 3948.0 1684.0 small-vehicle 1
3943.0 1783.0 3949.0 1776.0 3962.0 1786.0 3956.0 1794.0 small-vehicle 1
3970.0 1789.0 3980.0 1785.0 3984.0 1800.0 3973.0 1803.0 small-vehicle 1
3948.0 1775.0 3945.0 1785.0 3929.0 1774.0 3934.0 1763.0 small-vehicle 1
3971.0 1765.0 3962.0 1771.0 3954.0 1754.0 3965.0 1750.0 small-vehicle 1
3963.0 1750.0 3954.0 1754.0 3948.0 1734.0 3955.0 1733.0 small-vehicle 1
3894.0 1635.0 3903.0 1631.0 3907.0 1646.0 3898.0 1648.0 small-vehicle 1
3930.0 1684.0 3926.0 1672.0 3943.0 1665.0 3947.0 1675.0 small-vehicle 1
3622.0 744.0 3629.0 739.0 3641.0 756.0 3631.0 759.0 small-vehicle 1
3926.0 1751.0 3933.0 1745.0 3941.0 1756.0 3934.0 1761.0 small-vehicle 1
3524.0 3497.0 3526.0 3489.0 3545.0 3490.0 3545.0 3500.0 small-vehicle 1
3371.0 485.0 3357.0 494.0 3340.0 464.0 3350.0 456.0 small-vehicle 1
4240.0 1443.0 4283.0 1443.0 4283.0 1472.0 4240.0 1472.0 storage-tank 0
4272.0 1502.0 4316.0 1502.0 4316.0 1533.0 4272.0 1533.0 storage-tank 0
4478.0 2218.0 4487.0 2215.0 4492.0 2233.0 4483.0 2236.0 small-vehicle 1
3989.0 1826.0 3994.0 1821.0 4010.0 1837.0 4005.0 1842.0 small-vehicle 1
3910.0 1780.0 3903.0 1771.0 3922.0 1763.0 3926.0 1773.0 small-vehicle 1
3914.0 1790.0 3911.0 1780.0 3928.0 1772.0 3930.0 1782.0 small-vehicle 1
3901.0 1250.0 3892.0 1241.0 3921.0 1224.0 3928.0 1235.0 large-vehicle 1
3912.0 1207.0 3918.0 1217.0 3885.0 1241.0 3878.0 1233.0 large-vehicle 1
3988.0 1193.0 3980.0 1180.0 4027.0 1153.0 4036.0 1166.0 large-vehicle 1
3904.0 1095.0 3898.0 1081.0 3951.0 1050.0 3962.0 1060.0 large-vehicle 1
3900.0 1076.0 3892.0 1063.0 3944.0 1032.0 3952.0 1044.0 large-vehicle 1
3884.0 1051.0 3880.0 1039.0 3926.0 1010.0 3932.0 1021.0 large-vehicle 1
3877.0 1040.0 3869.0 1029.0 3918.0 998.0 3924.0 1010.0 large-vehicle 1
3838.0 979.0 3830.0 969.0 3885.0 931.0 3893.0 944.0 large-vehicle 1
3828.0 967.0 3822.0 956.0 3876.0 921.0 3883.0 930.0 large-vehicle 1
3796.0 912.0 3790.0 903.0 3836.0 874.0 3842.0 883.0 large-vehicle 1
3791.0 903.0 3782.0 892.0 3825.0 863.0 3835.0 874.0 large-vehicle 1
3784.0 891.0 3777.0 880.0 3818.0 854.0 3826.0 864.0 large-vehicle 1
3652.0 780.0 3663.0 778.0 3665.0 795.0 3656.0 796.0 small-vehicle 1
3653.0 773.0 3647.0 777.0 3635.0 761.0 3643.0 756.0 small-vehicle 1
3570.0 358.0 3578.0 352.0 3591.0 367.0 3583.0 374.0 small-vehicle 1
3588.0 346.0 3598.0 342.0 3606.0 356.0 3597.0 359.0 small-vehicle 1
1240.0 336.0 1234.0 331.0 1248.0 317.0 1254.0 322.0 small-vehicle 1
1751.0 3520.0 1756.0 3527.0 1743.0 3537.0 1738.0 3535.0 small-vehicle 1
1710.0 3481.0 1716.0 3487.0 1705.0 3497.0 1699.0 3492.0 small-vehicle 1
1719.0 3485.0 1724.0 3492.0 1711.0 3505.0 1705.0 3498.0 small-vehicle 1
1724.0 3492.0 1729.0 3497.0 1719.0 3511.0 1713.0 3505.0 small-vehicle 1
1722.0 3518.0 1719.0 3509.0 1730.0 3503.0 1736.0 3509.0 small-vehicle 1
1737.0 3504.0 1743.0 3511.0 1732.0 3524.0 1726.0 3520.0 small-vehicle 1
1744.0 3514.0 1751.0 3519.0 1739.0 3533.0 1732.0 3526.0 small-vehicle 1
1758.0 3528.0 1765.0 3531.0 1752.0 3548.0 1747.0 3542.0 small-vehicle 1
2323.0 2611.0 2314.0 2603.0 2328.0 2586.0 2337.0 2593.0 small-vehicle 1
1766.0 3535.0 1772.0 3542.0 1760.0 3554.0 1754.0 3548.0 small-vehicle 1
1772.0 3543.0 1779.0 3550.0 1766.0 3561.0 1760.0 3556.0 small-vehicle 1
1782.0 3549.0 1787.0 3556.0 1772.0 3571.0 1767.0 3565.0 small-vehicle 1
1665.0 2032.0 1675.0 2032.0 1673.0 2054.0 1662.0 2052.0 small-vehicle 1
1709.0 2039.0 1711.0 2047.0 1695.0 2054.0 1693.0 2047.0 small-vehicle 1
1049.0 1295.0 1055.0 1305.0 1029.0 1325.0 1024.0 1315.0 small-vehicle 1
1705.0 3473.0 1711.0 3477.0 1697.0 3493.0 1690.0 3488.0 small-vehicle 1
1683.0 3710.0 1692.0 3706.0 1703.0 3719.0 1694.0 3725.0 small-vehicle 1
1702.0 3689.0 1695.0 3696.0 1681.0 3686.0 1687.0 3677.0 small-vehicle 1
1690.0 3703.0 1683.0 3708.0 1670.0 3698.0 1676.0 3692.0 small-vehicle 1
1682.0 3711.0 1679.0 3715.0 1664.0 3706.0 1670.0 3701.0 small-vehicle 1
1658.0 3711.0 1664.0 3705.0 1677.0 3715.0 1669.0 3722.0 small-vehicle 1
1651.0 3714.0 1658.0 3711.0 1668.0 3723.0 1661.0 3728.0 small-vehicle 1
1643.0 3723.0 1651.0 3717.0 1662.0 3728.0 1658.0 3735.0 small-vehicle 1
1656.0 3736.0 1653.0 3744.0 1637.0 3735.0 1645.0 3726.0 small-vehicle 1
1660.0 3819.0 1668.0 3813.0 1677.0 3825.0 1672.0 3832.0 small-vehicle 1
1765.0 3738.0 1756.0 3745.0 1745.0 3734.0 1755.0 3727.0 small-vehicle 1
1837.0 3770.0 1832.0 3776.0 1815.0 3766.0 1819.0 3757.0 small-vehicle 1
1805.0 3793.0 1799.0 3800.0 1785.0 3788.0 1792.0 3780.0 small-vehicle 1
1682.0 3783.0 1694.0 3770.0 1711.0 3789.0 1703.0 3804.0 small-vehicle 1
1041.0 653.0 1049.0 660.0 1039.0 673.0 1031.0 668.0 small-vehicle 1
1050.0 541.0 1043.0 537.0 1054.0 524.0 1060.0 529.0 small-vehicle 1
1151.0 524.0 1154.0 529.0 1145.0 542.0 1139.0 536.0 small-vehicle 1
1731.0 687.0 1737.0 694.0 1712.0 719.0 1705.0 712.0 large-vehicle 1
2230.0 2291.0 2224.0 2302.0 2206.0 2290.0 2213.0 2280.0 small-vehicle 1
3600.0 343.0 3608.0 340.0 3615.0 356.0 3607.0 359.0 small-vehicle 1
3651.0 312.0 3645.0 316.0 3638.0 302.0 3644.0 299.0 small-vehicle 1
3771.0 1926.0 3772.0 1915.0 3788.0 1917.0 3788.0 1926.0 small-vehicle 1
3780.0 1916.0 3780.0 1907.0 3798.0 1909.0 3799.0 1918.0 small-vehicle 1
3823.0 1880.0 3822.0 1890.0 3807.0 1889.0 3806.0 1880.0 small-vehicle 1
3612.0 267.0 3619.0 263.0 3628.0 276.0 3620.0 281.0 small-vehicle 1
3722.0 309.0 3727.0 315.0 3705.0 332.0 3697.0 325.0 small-vehicle 1
3709.0 302.0 3714.0 312.0 3699.0 320.0 3693.0 311.0 small-vehicle 1
3643.0 315.0 3635.0 320.0 3625.0 307.0 3635.0 301.0 small-vehicle 1
2171.0 2333.0 2170.0 2322.0 2196.0 2324.0 2194.0 2336.0 small-vehicle 1
3635.0 324.0 3628.0 326.0 3618.0 311.0 3628.0 307.0 small-vehicle 1
3625.0 326.0 3618.0 329.0 3609.0 314.0 3616.0 312.0 small-vehicle 1
3640.0 320.0 3648.0 318.0 3654.0 330.0 3648.0 335.0 small-vehicle 1
3631.0 327.0 3640.0 322.0 3647.0 337.0 3639.0 341.0 small-vehicle 1
3623.0 330.0 3628.0 327.0 3638.0 342.0 3631.0 345.0 small-vehicle 1
3627.0 346.0 3621.0 351.0 3610.0 337.0 3619.0 332.0 small-vehicle 1
3828.0 1959.0 3821.0 1965.0 3809.0 1954.0 3818.0 1947.0 small-vehicle 1
3748.0 3032.0 3739.0 3037.0 3727.0 3019.0 3738.0 3016.0 small-vehicle 1
3815.0 3055.0 3823.0 3052.0 3827.0 3069.0 3820.0 3073.0 small-vehicle 1
3101.0 1141.0 3101.0 1134.0 3117.0 1134.0 3117.0 1142.0 small-vehicle 1
3343.0 1222.0 3347.0 1228.0 3334.0 1236.0 3332.0 1231.0 small-vehicle 1
3174.0 1109.0 3170.0 1102.0 3181.0 1092.0 3187.0 1097.0 small-vehicle 1
2710.0 1361.0 2717.0 1364.0 2711.0 1381.0 2702.0 1378.0 small-vehicle 1
2444.0 4337.0 2438.0 4332.0 2452.0 4322.0 2456.0 4327.0 small-vehicle 1
2400.0 4217.0 2410.0 4206.0 2430.0 4228.0 2423.0 4239.0 small-vehicle 1
3190.0 3621.0 3185.0 3614.0 3198.0 3606.0 3203.0 3611.0 small-vehicle 1
2453.0 4400.0 2462.0 4396.0 2472.0 4412.0 2462.0 4414.0 small-vehicle 1
2226.0 4131.0 2220.0 4122.0 2230.0 4110.0 2238.0 4116.0 small-vehicle 1
2272.0 4164.0 2264.0 4157.0 2274.0 4139.0 2283.0 4144.0 small-vehicle 1
2278.0 4187.0 2273.0 4181.0 2290.0 4164.0 2294.0 4170.0 small-vehicle 1
2316.0 2146.0 2308.0 2137.0 2326.0 2122.0 2331.0 2130.0 small-vehicle 1
2308.0 2140.0 2312.0 2148.0 2293.0 2164.0 2288.0 2158.0 small-vehicle 1
2145.0 2343.0 2155.0 2351.0 2134.0 2371.0 2128.0 2364.0 small-vehicle 1
2428.0 1112.0 2562.0 1094.0 2576.0 1240.0 2441.0 1254.0 plane 0
