imagesource:GoogleEarth
gsd:0.269373400905
2772.0 682.0 2777.0 676.0 2786.0 688.0 2782.0 694.0 small-vehicle 1
1692.0 3824.0 1696.0 3813.0 1713.0 3821.0 1709.0 3831.0 small-vehicle 1
1773.0 2245.0 1763.0 2241.0 1771.0 2228.0 1780.0 2230.0 small-vehicle 1
1747.0 2288.0 1738.0 2283.0 1749.0 2270.0 1755.0 2274.0 small-vehicle 1
1688.0 2344.0 1682.0 2338.0 1696.0 2328.0 1700.0 2334.0 small-vehicle 1
1595.0 2367.0 1595.0 2356.0 1614.0 2358.0 1613.0 2367.0 small-vehicle 1
1534.0 2357.0 1538.0 2349.0 1552.0 2353.0 1549.0 2360.0 small-vehicle 1
1485.0 2341.0 1488.0 2334.0 1505.0 2340.0 1501.0 2349.0 small-vehicle 1
1437.0 2316.0 1442.0 2310.0 1454.0 2322.0 1450.0 2326.0 small-vehicle 1
1399.0 2267.0 1406.0 2262.0 1412.0 2276.0 1405.0 2281.0 small-vehicle 1
1388.0 2196.0 1397.0 2196.0 1401.0 2212.0 1392.0 2213.0 small-vehicle 1
1372.0 2181.0 1382.0 2180.0 1383.0 2198.0 1374.0 2200.0 small-vehicle 1
1384.0 2152.0 1393.0 2151.0 1393.0 2172.0 1384.0 2174.0 small-vehicle 1
1390.0 2113.0 1400.0 2115.0 1395.0 2133.0 1386.0 2131.0 small-vehicle 1
1411.0 2066.0 1419.0 2071.0 1411.0 2083.0 1404.0 2081.0 small-vehicle 1
1761.0 1957.0 1761.0 1964.0 1742.0 1963.0 1743.0 1956.0 small-vehicle 1
1722.0 1975.0 1721.0 1965.0 1739.0 1965.0 1740.0 1974.0 small-vehicle 1
1682.0 1950.0 1681.0 1957.0 1664.0 1957.0 1664.0 1951.0 small-vehicle 1
1578.0 1919.0 1578.0 1909.0 1591.0 1910.0 1591.0 1919.0 small-vehicle 1
1585.0 1949.0 1585.0 1958.0 1562.0 1958.0 1562.0 1949.0 small-vehicle 1
1520.0 1922.0 1518.0 1930.0 1500.0 1930.0 1500.0 1920.0 small-vehicle 1
958.0 2046.0 950.0 2042.0 959.0 2021.0 967.0 2026.0 small-vehicle 1
967.0 2037.0 971.0 2030.0 986.0 2039.0 983.0 2049.0 small-vehicle 1
1020.0 2060.0 1016.0 2065.0 1004.0 2057.0 1007.0 2050.0 small-vehicle 1
1091.0 2101.0 1085.0 2109.0 1073.0 2100.0 1078.0 2091.0 small-vehicle 1
964.0 1933.0 961.0 1937.0 951.0 1933.0 953.0 1926.0 small-vehicle 1
1035.0 1896.0 1036.0 1903.0 1021.0 1905.0 1020.0 1897.0 small-vehicle 1
1762.0 2493.0 1752.0 2492.0 1754.0 2473.0 1764.0 2475.0 small-vehicle 1
1783.0 2598.0 1774.0 2597.0 1776.0 2577.0 1787.0 2578.0 small-vehicle 1
1675.0 3918.0 1685.0 3920.0 1680.0 3937.0 1671.0 3934.0 small-vehicle 1
1709.0 3764.0 1712.0 3754.0 1729.0 3759.0 1727.0 3770.0 small-vehicle 1
1794.0 2432.0 1785.0 2430.0 1791.0 2413.0 1799.0 2416.0 small-vehicle 1
1733.0 2312.0 1727.0 2305.0 1741.0 2291.0 1746.0 2298.0 small-vehicle 1
1815.0 2134.0 1808.0 2131.0 1813.0 2111.0 1820.0 2114.0 small-vehicle 1
1565.0 1310.0 1558.0 1305.0 1568.0 1292.0 1574.0 1297.0 small-vehicle 1
1977.0 3610.0 1985.0 3605.0 1995.0 3616.0 1988.0 3622.0 small-vehicle 1
1962.0 735.0 1971.0 735.0 1971.0 752.0 1962.0 752.0 small-vehicle 1
1942.0 786.0 1950.0 788.0 1949.0 808.0 1940.0 808.0 small-vehicle 1
1906.0 910.0 1896.0 908.0 1899.0 887.0 1908.0 889.0 small-vehicle 1
1678.0 1142.0 1671.0 1140.0 1679.0 1123.0 1684.0 1126.0 small-vehicle 1
1859.0 1034.0 1850.0 1033.0 1852.0 1013.0 1860.0 1014.0 small-vehicle 1
1909.0 1047.0 1898.0 1045.0 1898.0 1021.0 1910.0 1021.0 small-vehicle 1
1885.0 1065.0 1874.0 1065.0 1875.0 1046.0 1885.0 1047.0 small-vehicle 1
1884.0 1123.0 1874.0 1124.0 1873.0 1106.0 1882.0 1105.0 small-vehicle 1
1893.0 1171.0 1883.0 1170.0 1885.0 1151.0 1893.0 1152.0 small-vehicle 1
1877.0 1191.0 1868.0 1191.0 1868.0 1173.0 1877.0 1174.0 small-vehicle 1
1902.0 1311.0 1893.0 1310.0 1895.0 1291.0 1903.0 1293.0 small-vehicle 1
1904.0 1229.0 1893.0 1228.0 1893.0 1207.0 1904.0 1206.0 small-vehicle 1
1513.0 1380.0 1506.0 1376.0 1516.0 1361.0 1523.0 1366.0 small-vehicle 1
1827.0 2083.0 1819.0 2081.0 1821.0 2064.0 1830.0 2065.0 small-vehicle 1
1889.0 1388.0 1876.0 1388.0 1875.0 1360.0 1888.0 1358.0 small-vehicle 1
1918.0 1420.0 1927.0 1419.0 1929.0 1436.0 1920.0 1436.0 small-vehicle 1
1882.0 1576.0 1872.0 1576.0 1873.0 1558.0 1882.0 1559.0 small-vehicle 1
1868.0 1492.0 1859.0 1492.0 1859.0 1476.0 1867.0 1476.0 small-vehicle 1
1921.0 1557.0 1928.0 1557.0 1927.0 1578.0 1919.0 1576.0 small-vehicle 1
1859.0 1654.0 1851.0 1654.0 1852.0 1637.0 1861.0 1637.0 small-vehicle 1
1199.0 1673.0 1194.0 1666.0 1211.0 1656.0 1215.0 1663.0 small-vehicle 1
1139.0 1705.0 1136.0 1699.0 1150.0 1691.0 1154.0 1697.0 small-vehicle 1
1423.0 1731.0 1430.0 1730.0 1432.0 1749.0 1424.0 1749.0 small-vehicle 1
1906.0 1869.0 1915.0 1869.0 1914.0 1889.0 1904.0 1888.0 small-vehicle 1
1923.0 1991.0 1922.0 1982.0 1938.0 1980.0 1939.0 1989.0 small-vehicle 1
1786.0 1965.0 1789.0 1956.0 1805.0 1961.0 1804.0 1969.0 small-vehicle 1
1866.0 1972.0 1866.0 1980.0 1850.0 1982.0 1848.0 1976.0 small-vehicle 1
1700.0 3807.0 1704.0 3801.0 1718.0 3807.0 1715.0 3815.0 small-vehicle 1
1775.0 3658.0 1765.0 3654.0 1772.0 3635.0 1782.0 3637.0 small-vehicle 1
1911.0 581.0 1902.0 579.0 1903.0 560.0 1913.0 561.0 small-vehicle 1
1749.0 3698.0 1750.0 3689.0 1765.0 3691.0 1764.0 3701.0 small-vehicle 1
3418.0 3843.0 3435.0 3831.0 3449.0 3859.0 3431.0 3871.0 swimming-pool 0
3264.0 3762.0 3308.0 3735.0 3322.0 3756.0 3283.0 3782.0 swimming-pool 0
3017.0 3502.0 3032.0 3492.0 3048.0 3516.0 3033.0 3526.0 swimming-pool 0
2943.0 3504.0 2931.0 3484.0 2940.0 3478.0 2954.0 3497.0 swimming-pool 0
2909.0 3482.0 2896.0 3467.0 2926.0 3447.0 2936.0 3464.0 swimming-pool 0
3098.0 3270.0 3136.0 3246.0 3174.0 3316.0 3142.0 3336.0 swimming-pool 0
3028.0 3029.0 3056.0 3010.0 3066.0 3026.0 3039.0 3045.0 swimming-pool 0
2891.0 3082.0 2900.0 3055.0 2918.0 3062.0 2904.0 3087.0 swimming-pool 0
2907.0 2475.0 3012.0 2410.0 3016.0 2416.0 2909.0 2480.0 bridge 0
2807.0 2853.0 2824.0 2833.0 2861.0 2862.0 2841.0 2888.0 swimming-pool 0
2808.0 3529.0 2820.0 3506.0 2838.0 3509.0 2828.0 3546.0 swimming-pool 0
2846.0 3493.0 2877.0 3470.0 2891.0 3489.0 2858.0 3512.0 swimming-pool 0
2678.0 3331.0 2698.0 3318.0 2716.0 3347.0 2700.0 3361.0 swimming-pool 0
2756.0 3234.0 2785.0 3216.0 2797.0 3236.0 2770.0 3256.0 swimming-pool 0
2763.0 2954.0 2793.0 2937.0 2803.0 2956.0 2774.0 2974.0 swimming-pool 0
2738.0 2840.0 2740.0 2830.0 2778.0 2839.0 2772.0 2857.0 swimming-pool 0
2610.0 2792.0 2607.0 2770.0 2645.0 2761.0 2645.0 2782.0 swimming-pool 0
2362.0 3174.0 2352.0 3160.0 2378.0 3145.0 2388.0 3160.0 swimming-pool 0
2370.0 3268.0 2394.0 3258.0 2408.0 3292.0 2386.0 3302.0 swimming-pool 0
2388.0 3482.0 2406.0 3468.0 2428.0 3488.0 2421.0 3503.0 swimming-pool 0
2224.0 3588.0 2267.0 3565.0 2276.0 3585.0 2236.0 3607.0 swimming-pool 0
1940.0 3459.0 1972.0 3451.0 1986.0 3498.0 1955.0 3507.0 swimming-pool 0
1995.0 3290.0 2016.0 3283.0 2024.0 3314.0 2003.0 3322.0 swimming-pool 0
2354.0 3243.0 2380.0 3228.0 2388.0 3240.0 2366.0 3256.0 swimming-pool 0
2648.0 3159.0 2683.0 3136.0 2698.0 3156.0 2660.0 3180.0 swimming-pool 0
2576.0 3170.0 2605.0 3148.0 2620.0 3170.0 2587.0 3189.0 swimming-pool 0
2628.0 3066.0 2651.0 3076.0 2634.0 3110.0 2608.0 3102.0 swimming-pool 0
2473.0 3048.0 2490.0 3034.0 2511.0 3057.0 2495.0 3072.0 swimming-pool 0
2587.0 2813.0 2609.0 2813.0 2605.0 2848.0 2584.0 2845.0 swimming-pool 0
3509.0 3866.0 3520.0 3852.0 3540.0 3880.0 3526.0 3892.0 swimming-pool 0
3541.0 3863.0 3555.0 3852.0 3578.0 3883.0 3562.0 3898.0 swimming-pool 0
3396.0 3675.0 3425.0 3659.0 3444.0 3678.0 3412.0 3705.0 swimming-pool 0
1614.0 3248.0 1606.0 3248.0 1609.0 3230.0 1617.0 3230.0 small-vehicle 1
1738.0 3047.0 1745.0 3049.0 1741.0 3068.0 1734.0 3066.0 small-vehicle 1
1777.0 2677.0 1768.0 2675.0 1772.0 2655.0 1782.0 2657.0 small-vehicle 1
1721.0 2665.0 1728.0 2666.0 1724.0 2682.0 1716.0 2681.0 small-vehicle 1
1698.0 2729.0 1689.0 2727.0 1695.0 2708.0 1703.0 2710.0 small-vehicle 1
1711.0 2764.0 1704.0 2761.0 1707.0 2743.0 1715.0 2746.0 small-vehicle 1
1698.0 2783.0 1690.0 2781.0 1691.0 2765.0 1699.0 2765.0 small-vehicle 1
1685.0 2900.0 1677.0 2897.0 1680.0 2880.0 1688.0 2881.0 small-vehicle 1
1657.0 2902.0 1650.0 2900.0 1653.0 2881.0 1661.0 2883.0 small-vehicle 1
1655.0 2941.0 1650.0 2941.0 1651.0 2925.0 1658.0 2926.0 small-vehicle 1
1651.0 3031.0 1660.0 3034.0 1657.0 3052.0 1648.0 3050.0 small-vehicle 1
1635.0 3147.0 1645.0 3149.0 1640.0 3167.0 1631.0 3165.0 small-vehicle 1
1624.0 3206.0 1616.0 3204.0 1620.0 3189.0 1627.0 3191.0 small-vehicle 1
1577.0 3195.0 1586.0 3195.0 1585.0 3214.0 1577.0 3214.0 small-vehicle 1
1616.0 3534.0 1623.0 3536.0 1620.0 3556.0 1612.0 3554.0 small-vehicle 1
3371.0 3562.0 3398.0 3545.0 3409.0 3561.0 3380.0 3579.0 swimming-pool 0
1531.0 3665.0 1520.0 3663.0 1531.0 3618.0 1543.0 3620.0 large-vehicle 1
968.0 1874.0 961.0 1877.0 950.0 1865.0 961.0 1859.0 small-vehicle 1
946.0 1829.0 954.0 1830.0 954.0 1849.0 946.0 1847.0 small-vehicle 1
731.0 1754.0 745.0 1758.0 727.0 1808.0 713.0 1803.0 large-vehicle 1
789.0 1798.0 790.0 1809.0 738.0 1815.0 738.0 1804.0 large-vehicle 1
662.0 1859.0 662.0 1851.0 680.0 1851.0 680.0 1858.0 small-vehicle 1
217.0 1789.0 209.0 1787.0 219.0 1774.0 225.0 1777.0 small-vehicle 1
207.0 1788.0 205.0 1796.0 189.0 1792.0 191.0 1785.0 small-vehicle 1
149.0 1812.0 151.0 1804.0 167.0 1806.0 168.0 1815.0 small-vehicle 1
58.0 1803.0 59.0 1795.0 79.0 1798.0 77.0 1807.0 small-vehicle 1
82.0 1814.0 82.0 1822.0 63.0 1824.0 64.0 1814.0 small-vehicle 1
81.0 795.0 106.0 795.0 106.0 821.0 81.0 821.0 storage-tank 0
634.0 88.0 892.0 97.0 878.0 488.0 623.0 475.0 soccer-ball-field 0
1930.0 569.0 1922.0 569.0 1922.0 551.0 1931.0 550.0 small-vehicle 1
1905.0 507.0 1892.0 506.0 1896.0 478.0 1907.0 478.0 small-vehicle 1
2793.0 692.0 2794.0 683.0 2814.0 687.0 2813.0 695.0 small-vehicle 1
2675.0 3584.0 2679.0 3593.0 2659.0 3602.0 2657.0 3592.0 small-vehicle 1
2974.0 2460.0 2968.0 2464.0 2954.0 2452.0 2961.0 2445.0 small-vehicle 1
2921.0 2395.0 2915.0 2402.0 2900.0 2391.0 2907.0 2382.0 small-vehicle 1
2872.0 2344.0 2868.0 2352.0 2854.0 2343.0 2859.0 2335.0 small-vehicle 1
3013.0 2225.0 3024.0 2231.0 3017.0 2248.0 3006.0 2243.0 small-vehicle 1
2845.0 2314.0 2839.0 2321.0 2824.0 2311.0 2829.0 2301.0 small-vehicle 1
2797.0 2289.0 2792.0 2297.0 2778.0 2285.0 2784.0 2279.0 small-vehicle 1
2768.0 2255.0 2774.0 2246.0 2785.0 2257.0 2781.0 2265.0 small-vehicle 1
2751.0 2247.0 2746.0 2255.0 2731.0 2245.0 2736.0 2238.0 small-vehicle 1
2643.0 2149.0 2638.0 2154.0 2622.0 2147.0 2625.0 2139.0 small-vehicle 1
2659.0 1870.0 2664.0 1865.0 2674.0 1879.0 2665.0 1881.0 small-vehicle 1
3021.0 1034.0 3012.0 1034.0 3012.0 1020.0 3021.0 1020.0 small-vehicle 1
2982.0 534.0 2989.0 532.0 2991.0 552.0 2982.0 554.0 small-vehicle 1
2980.0 509.0 2989.0 509.0 2989.0 528.0 2981.0 528.0 small-vehicle 1
3050.0 2623.0 3058.0 2617.0 3067.0 2629.0 3061.0 2635.0 small-vehicle 1
2820.0 3140.0 2825.0 3132.0 2839.0 3147.0 2833.0 3155.0 small-vehicle 1
2831.0 3156.0 2825.0 3163.0 2812.0 3150.0 2818.0 3143.0 small-vehicle 1
2870.0 3212.0 2861.0 3216.0 2853.0 3203.0 2862.0 3197.0 small-vehicle 1
2851.0 3304.0 2845.0 3297.0 2863.0 3286.0 2868.0 3294.0 small-vehicle 1
2829.0 3317.0 2825.0 3311.0 2841.0 3300.0 2846.0 3306.0 small-vehicle 1
2877.0 3317.0 2873.0 3309.0 2890.0 3299.0 2895.0 3307.0 small-vehicle 1
2855.0 3333.0 2847.0 3325.0 2862.0 3315.0 2869.0 3323.0 small-vehicle 1
2755.0 3384.0 2760.0 3389.0 2750.0 3405.0 2743.0 3401.0 small-vehicle 1
2715.0 3388.0 2714.0 3399.0 2695.0 3399.0 2695.0 3390.0 small-vehicle 1
2708.0 3428.0 2703.0 3423.0 2720.0 3411.0 2724.0 3418.0 small-vehicle 1
2697.0 3424.0 2701.0 3431.0 2688.0 3440.0 2682.0 3434.0 small-vehicle 1
2670.0 3452.0 2664.0 3446.0 2683.0 3434.0 2687.0 3441.0 small-vehicle 1
2595.0 3503.0 2591.0 3492.0 2605.0 3487.0 2609.0 3495.0 small-vehicle 1
2673.0 3514.0 2666.0 3520.0 2656.0 3507.0 2664.0 3499.0 small-vehicle 1
2634.0 3547.0 2626.0 3546.0 2627.0 3532.0 2637.0 3532.0 small-vehicle 1
3026.0 2497.0 3035.0 2490.0 3043.0 2504.0 3034.0 2509.0 small-vehicle 1
3034.0 2544.0 3026.0 2549.0 3014.0 2535.0 3021.0 2528.0 small-vehicle 1
2993.0 2529.0 3003.0 2523.0 3014.0 2542.0 3006.0 2548.0 small-vehicle 1
3344.0 2976.0 3352.0 2971.0 3359.0 2985.0 3351.0 2989.0 small-vehicle 1
2727.0 931.0 2720.0 930.0 2717.0 907.0 2727.0 907.0 small-vehicle 1
3502.0 3790.0 3509.0 3783.0 3523.0 3799.0 3516.0 3806.0 swimming-pool 1
2877.0 3288.0 2873.0 3280.0 2888.0 3271.0 2892.0 3278.0 small-vehicle 1
3758.0 3696.0 3751.0 3701.0 3735.0 3684.0 3744.0 3676.0 small-vehicle 1
3722.0 3618.0 3714.0 3621.0 3701.0 3603.0 3710.0 3600.0 small-vehicle 1
3662.0 3557.0 3654.0 3562.0 3644.0 3548.0 3652.0 3542.0 small-vehicle 1
3473.0 3599.0 3465.0 3605.0 3454.0 3589.0 3463.0 3583.0 small-vehicle 1
3511.0 3325.0 3503.0 3328.0 3491.0 3312.0 3498.0 3307.0 small-vehicle 1
3549.0 3385.0 3541.0 3390.0 3527.0 3373.0 3538.0 3368.0 small-vehicle 1
3433.0 3198.0 3417.0 3206.0 3398.0 3178.0 3413.0 3169.0 large-vehicle 1
3472.0 3231.0 3461.0 3237.0 3451.0 3218.0 3462.0 3212.0 small-vehicle 1
3334.0 3044.0 3340.0 3038.0 3351.0 3052.0 3343.0 3057.0 small-vehicle 1
3375.0 2948.0 3385.0 2941.0 3399.0 2966.0 3390.0 2972.0 small-vehicle 1
3305.0 2894.0 3317.0 2889.0 3327.0 2907.0 3318.0 2913.0 small-vehicle 1
3120.0 2713.0 3111.0 2718.0 3101.0 2703.0 3112.0 2698.0 small-vehicle 1
3310.0 2911.0 3303.0 2915.0 3293.0 2899.0 3302.0 2894.0 small-vehicle 1
3306.0 2988.0 3298.0 2992.0 3290.0 2979.0 3298.0 2973.0 small-vehicle 1
3289.0 2953.0 3281.0 2956.0 3271.0 2944.0 3280.0 2938.0 small-vehicle 1
3234.0 2865.0 3225.0 2871.0 3213.0 2857.0 3224.0 2849.0 small-vehicle 1
3244.0 2803.0 3250.0 2795.0 3264.0 2813.0 3255.0 2820.0 small-vehicle 1
3231.0 2786.0 3241.0 2779.0 3250.0 2794.0 3241.0 2801.0 small-vehicle 1
3192.0 2757.0 3201.0 2752.0 3211.0 2768.0 3203.0 2774.0 small-vehicle 1
3146.0 2671.0 3137.0 2676.0 3129.0 2661.0 3138.0 2656.0 small-vehicle 1
3165.0 3740.0 3165.0 3748.0 3149.0 3747.0 3149.0 3741.0 small-vehicle 1
3160.0 3649.0 3168.0 3645.0 3175.0 3658.0 3168.0 3661.0 small-vehicle 1
3104.0 3173.0 3097.0 3167.0 3113.0 3154.0 3119.0 3162.0 small-vehicle 1
3201.0 2839.0 3193.0 2844.0 3182.0 2827.0 3192.0 2821.0 small-vehicle 1
3161.0 2775.0 3154.0 2782.0 3142.0 2767.0 3150.0 2762.0 small-vehicle 1
2663.0 3533.0 2661.0 3542.0 2642.0 3537.0 2644.0 3529.0 small-vehicle 1
2661.0 3626.0 2656.0 3619.0 2673.0 3612.0 2677.0 3621.0 small-vehicle 1
1898.0 415.0 1890.0 415.0 1890.0 400.0 1899.0 399.0 small-vehicle 1
2653.0 3636.0 2653.0 3628.0 2674.0 3626.0 2674.0 3635.0 small-vehicle 1
2451.0 3336.0 2446.0 3328.0 2462.0 3318.0 2466.0 3326.0 small-vehicle 1
2041.0 3576.0 2052.0 3574.0 2056.0 3594.0 2044.0 3596.0 small-vehicle 1
2025.0 3624.0 2015.0 3625.0 2011.0 3606.0 2021.0 3605.0 small-vehicle 1
1736.0 3727.0 1728.0 3733.0 1719.0 3720.0 1726.0 3714.0 small-vehicle 1
1747.0 3729.0 1749.0 3737.0 1732.0 3742.0 1728.0 3735.0 small-vehicle 1
1707.0 3736.0 1713.0 3728.0 1727.0 3737.0 1724.0 3746.0 small-vehicle 1
2400.0 3426.0 2391.0 3418.0 2412.0 3401.0 2420.0 3410.0 small-vehicle 1
2246.0 3474.0 2250.0 3481.0 2232.0 3488.0 2230.0 3481.0 small-vehicle 1
2147.0 3509.0 2156.0 3505.0 2163.0 3520.0 2154.0 3524.0 small-vehicle 1
2174.0 3569.0 2180.0 3567.0 2186.0 3579.0 2179.0 3581.0 small-vehicle 1
2223.0 3662.0 2215.0 3667.0 2209.0 3655.0 2216.0 3650.0 small-vehicle 1
2303.0 3603.0 2299.0 3597.0 2317.0 3584.0 2322.0 3591.0 small-vehicle 1
2196.0 3597.0 2188.0 3600.0 2182.0 3586.0 2189.0 3583.0 small-vehicle 1
2487.0 3529.0 2493.0 3534.0 2476.0 3546.0 2471.0 3542.0 small-vehicle 1
2546.0 3584.0 2533.0 3583.0 2535.0 3557.0 2546.0 3554.0 small-vehicle 1
2375.0 3614.0 2370.0 3608.0 2385.0 3595.0 2391.0 3601.0 small-vehicle 1
2396.0 3713.0 2389.0 3712.0 2392.0 3697.0 2399.0 3698.0 small-vehicle 1
2479.0 3753.0 2479.0 3745.0 2496.0 3750.0 2495.0 3756.0 small-vehicle 1
2469.0 3793.0 2473.0 3787.0 2490.0 3804.0 2487.0 3808.0 small-vehicle 1
2465.0 3799.0 2456.0 3800.0 2452.0 3788.0 2462.0 3784.0 small-vehicle 1
2220.0 3645.0 2209.0 3650.0 2203.0 3634.0 2213.0 3628.0 small-vehicle 1
2248.0 3643.0 2239.0 3647.0 2228.0 3635.0 2238.0 3629.0 small-vehicle 1
2317.0 3652.0 2312.0 3645.0 2331.0 3634.0 2334.0 3641.0 small-vehicle 1
2271.0 3681.0 2268.0 3674.0 2284.0 3665.0 2287.0 3671.0 small-vehicle 1
1993.0 67.0 2003.0 67.0 2003.0 84.0 1993.0 83.0 small-vehicle 1
1979.0 56.0 1984.0 56.0 1984.0 73.0 1977.0 73.0 small-vehicle 1
1974.0 332.0 1983.0 332.0 1982.0 350.0 1973.0 349.0 small-vehicle 1
1920.0 358.0 1912.0 356.0 1913.0 339.0 1921.0 339.0 small-vehicle 1
1931.0 358.0 1922.0 359.0 1922.0 339.0 1932.0 338.0 small-vehicle 1
2419.0 3353.0 2415.0 3346.0 2431.0 3336.0 2435.0 3342.0 small-vehicle 1
2433.0 2983.0 2430.0 2975.0 2448.0 2966.0 2452.0 2973.0 small-vehicle 1
2249.0 2899.0 2241.0 2903.0 2232.0 2885.0 2240.0 2882.0 small-vehicle 1
1715.0 2619.0 1717.0 2629.0 1698.0 2633.0 1696.0 2626.0 small-vehicle 1
2650.0 3647.0 2650.0 3639.0 2666.0 3638.0 2668.0 3647.0 small-vehicle 1
2638.0 3678.0 2639.0 3670.0 2657.0 3668.0 2658.0 3677.0 small-vehicle 1
2639.0 3688.0 2639.0 3680.0 2660.0 3678.0 2660.0 3686.0 small-vehicle 1
2697.0 3626.0 2705.0 3629.0 2701.0 3649.0 2690.0 3646.0 small-vehicle 1
2797.0 3695.0 2789.0 3699.0 2781.0 3685.0 2790.0 3682.0 small-vehicle 1
2794.0 3709.0 2803.0 3705.0 2809.0 3720.0 2800.0 3723.0 small-vehicle 1
2808.0 3740.0 2820.0 3739.0 2823.0 3757.0 2814.0 3759.0 small-vehicle 1
2939.0 3923.0 2941.0 3913.0 2963.0 3917.0 2961.0 3925.0 small-vehicle 1
2939.0 3930.0 2940.0 3921.0 2962.0 3925.0 2961.0 3934.0 small-vehicle 1
2937.0 3940.0 2938.0 3932.0 2956.0 3934.0 2955.0 3941.0 small-vehicle 1
2921.0 3928.0 2920.0 3935.0 2902.0 3933.0 2902.0 3926.0 small-vehicle 1
2930.0 3944.0 2940.0 3945.0 2937.0 3967.0 2925.0 3965.0 small-vehicle 1
2788.0 3971.0 2780.0 3969.0 2784.0 3952.0 2791.0 3953.0 small-vehicle 1
2599.0 2119.0 2599.0 2128.0 2579.0 2126.0 2579.0 2117.0 small-vehicle 1
2028.0 2515.0 2040.0 2515.0 2041.0 2543.0 2029.0 2543.0 large-vehicle 1
2557.0 2097.0 2553.0 2104.0 2534.0 2097.0 2540.0 2089.0 small-vehicle 1
2500.0 2071.0 2497.0 2079.0 2481.0 2072.0 2484.0 2065.0 small-vehicle 1
1984.0 167.0 1994.0 166.0 1994.0 185.0 1985.0 187.0 small-vehicle 1
2136.0 950.0 2145.0 947.0 2151.0 959.0 2142.0 963.0 small-vehicle 1
2341.0 2030.0 2342.0 2020.0 2363.0 2023.0 2362.0 2033.0 small-vehicle 1
2318.0 2035.0 2320.0 2026.0 2339.0 2028.0 2337.0 2038.0 small-vehicle 1
2235.0 2023.0 2235.0 2014.0 2256.0 2015.0 2255.0 2024.0 small-vehicle 1
2197.0 1996.0 2198.0 2004.0 2180.0 2006.0 2178.0 1998.0 small-vehicle 1
2149.0 2013.0 2149.0 2006.0 2167.0 2009.0 2167.0 2016.0 small-vehicle 1
2142.0 1993.0 2142.0 2000.0 2126.0 2000.0 2126.0 1992.0 small-vehicle 1
2080.0 1996.0 2081.0 1985.0 2100.0 1986.0 2100.0 1996.0 small-vehicle 1
2085.0 2008.0 2085.0 2000.0 2104.0 1999.0 2104.0 2008.0 small-vehicle 1
2013.0 1999.0 2015.0 1990.0 2035.0 1992.0 2034.0 2001.0 small-vehicle 1
2333.0 2824.0 2350.0 2815.0 2364.0 2844.0 2344.0 2856.0 swimming-pool 0
