imagesource:GoogleEarth
gsd:0.5202625011
5604.0 1520.0 5672.0 1520.0 5672.0 1586.0 5604.0 1586.0 storage-tank 0
1803.0 2021.0 1799.0 2046.0 1780.0 2043.0 1782.0 2017.0 plane 0
1636.0 1867.0 1654.0 1868.0 1652.0 1884.0 1634.0 1883.0 plane 0
1661.0 1886.0 1659.0 1867.0 1676.0 1865.0 1677.0 1887.0 plane 0
1712.0 1900.0 1693.0 1895.0 1695.0 1881.0 1715.0 1882.0 plane 0
1743.0 1904.0 1723.0 1901.0 1726.0 1885.0 1748.0 1888.0 plane 0
1754.0 1972.0 1732.0 1972.0 1731.0 1955.0 1755.0 1953.0 plane 0
1713.0 1998.0 1733.0 2021.0 1714.0 2036.0 1692.0 2010.0 plane 0
1808.0 1983.0 1783.0 1981.0 1784.0 1960.0 1809.0 1960.0 plane 0
1785.0 1898.0 1763.0 1896.0 1766.0 1882.0 1787.0 1885.0 plane 0
1813.0 3702.0 1842.0 3702.0 1842.0 3722.0 1813.0 3722.0 swimming-pool 0
1807.0 1903.0 1784.0 1900.0 1787.0 1885.0 1810.0 1888.0 plane 0
1827.0 1911.0 1805.0 1908.0 1807.0 1893.0 1830.0 1896.0 plane 0
1899.0 1999.0 1878.0 1997.0 1878.0 1979.0 1901.0 1980.0 plane 0
1861.0 2052.0 1864.0 2030.0 1879.0 2034.0 1876.0 2056.0 plane 0
1902.0 1910.0 1926.0 1913.0 1924.0 1930.0 1900.0 1928.0 plane 0
1862.0 1914.0 1865.0 1900.0 1877.0 1903.0 1873.0 1918.0 plane 1
1954.0 2009.0 1933.0 2005.0 1935.0 1985.0 1959.0 1989.0 plane 0
1632.0 1866.0 1622.0 1884.0 1605.0 1874.0 1616.0 1855.0 plane 0
1698.0 1965.0 1677.0 1962.0 1679.0 1943.0 1703.0 1946.0 plane 0
1671.0 1960.0 1654.0 1955.0 1655.0 1938.0 1676.0 1942.0 plane 0
1649.0 1955.0 1626.0 1953.0 1627.0 1935.0 1650.0 1936.0 plane 0
1401.0 2205.0 1419.0 2194.0 1425.0 2208.0 1408.0 2216.0 plane 0
1432.0 2202.0 1453.0 2201.0 1454.0 2217.0 1432.0 2218.0 plane 0
1451.0 2234.0 1471.0 2234.0 1470.0 2250.0 1451.0 2249.0 plane 0
1517.0 2201.0 1496.0 2199.0 1498.0 2184.0 1520.0 2186.0 plane 0
1585.0 2239.0 1586.0 2217.0 1603.0 2219.0 1601.0 2242.0 plane 0
1487.0 2094.0 1488.0 2073.0 1504.0 2073.0 1503.0 2096.0 plane 0
1489.0 2067.0 1490.0 2047.0 1509.0 2048.0 1508.0 2071.0 plane 0
1492.0 2044.0 1494.0 2024.0 1512.0 2025.0 1512.0 2046.0 plane 0
1497.0 2016.0 1498.0 1996.0 1516.0 1999.0 1513.0 2019.0 plane 0
1512.0 1973.0 1535.0 1976.0 1533.0 1992.0 1510.0 1989.0 plane 0
1576.0 1984.0 1600.0 1987.0 1596.0 2003.0 1573.0 2000.0 plane 0
1524.0 1822.0 1514.0 1855.0 1487.0 1847.0 1499.0 1813.0 plane 0
1526.0 1811.0 1504.0 1807.0 1508.0 1791.0 1530.0 1794.0 plane 0
1594.0 1945.0 1573.0 1942.0 1574.0 1928.0 1596.0 1929.0 plane 0
1622.0 1949.0 1600.0 1946.0 1601.0 1930.0 1624.0 1933.0 plane 0
2014.0 2017.0 1992.0 2016.0 1993.0 1995.0 2016.0 1996.0 plane 0
1909.0 2058.0 1937.0 2036.0 1950.0 2060.0 1921.0 2080.0 plane 0
1890.0 2032.0 1916.0 2041.0 1905.0 2062.0 1882.0 2050.0 plane 0
2129.0 1969.0 2108.0 1966.0 2110.0 1948.0 2134.0 1950.0 plane 0
2151.0 2042.0 2129.0 2038.0 2132.0 2016.0 2153.0 2021.0 plane 0
2181.0 2083.0 2202.0 2090.0 2198.0 2108.0 2175.0 2102.0 plane 0
2182.0 1978.0 2161.0 1976.0 2163.0 1956.0 2187.0 1959.0 plane 0
2205.0 2036.0 2222.0 2028.0 2228.0 2044.0 2208.0 2052.0 plane 0
2233.0 2034.0 2254.0 2038.0 2251.0 2056.0 2229.0 2052.0 plane 0
2256.0 2039.0 2277.0 2043.0 2275.0 2060.0 2252.0 2056.0 plane 0
2281.0 2043.0 2306.0 2047.0 2302.0 2065.0 2277.0 2061.0 plane 0
2274.0 2100.0 2268.0 2122.0 2251.0 2119.0 2254.0 2095.0 plane 0
2349.0 2174.0 2345.0 2206.0 2320.0 2206.0 2321.0 2172.0 plane 0
2203.0 2206.0 2213.0 2226.0 2198.0 2236.0 2188.0 2214.0 plane 0
2184.0 2253.0 2186.0 2234.0 2204.0 2236.0 2200.0 2257.0 plane 0
2200.0 2250.0 2203.0 2273.0 2186.0 2277.0 2182.0 2252.0 plane 0
2198.0 2268.0 2194.0 2291.0 2177.0 2289.0 2182.0 2264.0 plane 0
2349.0 2388.0 2367.0 2378.0 2374.0 2399.0 2354.0 2405.0 plane 0
2380.0 2342.0 2381.0 2328.0 2396.0 2330.0 2394.0 2347.0 plane 0
2130.0 2037.0 2108.0 2034.0 2110.0 2014.0 2134.0 2016.0 plane 0
2103.0 1966.0 2082.0 1962.0 2084.0 1942.0 2108.0 1944.0 plane 0
1980.0 2059.0 2003.0 2063.0 2000.0 2078.0 1977.0 2074.0 plane 0
2079.0 1960.0 2058.0 1957.0 2058.0 1940.0 2081.0 1941.0 plane 0
1832.0 2135.0 1807.0 2133.0 1808.0 2113.0 1834.0 2112.0 plane 0
1790.0 2125.0 1800.0 2146.0 1787.0 2155.0 1775.0 2132.0 plane 0
1774.0 2134.0 1766.0 2154.0 1751.0 2150.0 1758.0 2126.0 plane 0
1782.0 2164.0 1790.0 2184.0 1774.0 2192.0 1765.0 2168.0 plane 0
1829.0 2183.0 1803.0 2182.0 1803.0 2160.0 1829.0 2160.0 plane 0
1834.0 2172.0 1849.0 2158.0 1860.0 2169.0 1842.0 2189.0 plane 0
1868.0 2179.0 1873.0 2157.0 1891.0 2160.0 1884.0 2186.0 plane 0
2027.0 2205.0 2023.0 2227.0 2008.0 2226.0 2011.0 2201.0 plane 0
2063.0 2236.0 2063.0 2215.0 2083.0 2216.0 2082.0 2239.0 plane 0
2115.0 2287.0 2115.0 2261.0 2137.0 2262.0 2138.0 2288.0 plane 0
2047.0 2092.0 2044.0 2112.0 2028.0 2111.0 2030.0 2085.0 plane 0
2039.0 2138.0 2034.0 2156.0 2021.0 2152.0 2024.0 2133.0 plane 0
2002.0 1934.0 1982.0 1928.0 1984.0 1912.0 2007.0 1916.0 plane 0
2026.0 1948.0 2006.0 1945.0 2008.0 1931.0 2031.0 1934.0 plane 0
2052.0 1956.0 2031.0 1954.0 2032.0 1937.0 2055.0 1938.0 plane 0
1370.0 2203.0 1366.0 2180.0 1384.0 2176.0 1387.0 2199.0 plane 0
1414.0 2139.0 1434.0 2141.0 1432.0 2156.0 1411.0 2153.0 plane 0
1418.0 2130.0 1420.0 2109.0 1438.0 2110.0 1435.0 2134.0 plane 0
257.0 2083.0 250.0 2082.0 252.0 2070.0 260.0 2071.0 swimming-pool 1
336.0 2285.0 352.0 2283.0 351.0 2288.0 339.0 2294.0 swimming-pool 0
218.0 2320.0 232.0 2320.0 230.0 2328.0 218.0 2327.0 swimming-pool 1
294.0 2426.0 298.0 2426.0 298.0 2442.0 292.0 2442.0 swimming-pool 0
164.0 2565.0 169.0 2564.0 167.0 2579.0 161.0 2578.0 swimming-pool 0
136.0 2849.0 142.0 2845.0 149.0 2859.0 143.0 2862.0 swimming-pool 0
150.0 2892.0 163.0 2887.0 168.0 2896.0 156.0 2901.0 swimming-pool 1
50.0 2994.0 64.0 2987.0 68.0 2995.0 54.0 3004.0 swimming-pool 0
229.0 3103.0 236.0 3106.0 231.0 3122.0 224.0 3117.0 swimming-pool 0
158.0 3348.0 160.0 3342.0 174.0 3349.0 172.0 3354.0 swimming-pool 0
157.0 3387.0 163.0 3382.0 171.0 3391.0 168.0 3394.0 swimming-pool 1
138.0 3548.0 147.0 3549.0 144.0 3573.0 134.0 3568.0 swimming-pool 0
95.0 3822.0 104.0 3821.0 100.0 3841.0 93.0 3840.0 swimming-pool 0
280.0 4102.0 284.0 4081.0 328.0 4089.0 326.0 4109.0 tennis-court 0
94.0 3538.0 94.0 3546.0 76.0 3548.0 77.0 3540.0 swimming-pool 0
179.0 2855.0 175.0 2849.0 162.0 2853.0 165.0 2861.0 swimming-pool 1
320.0 2178.0 330.0 2181.0 328.0 2188.0 318.0 2183.0 swimming-pool 1
88.0 1936.0 77.0 1939.0 75.0 1932.0 78.0 1930.0 swimming-pool 1
885.0 184.0 897.0 186.0 895.0 192.0 885.0 190.0 swimming-pool 1
60.0 1569.0 68.0 1567.0 70.0 1583.0 62.0 1585.0 swimming-pool 0
1510.0 240.0 1615.0 257.0 1585.0 430.0 1481.0 413.0 soccer-ball-field 0
180.0 2154.0 194.0 2154.0 194.0 2169.0 180.0 2169.0 roundabout 0
256.0 2346.0 271.0 2346.0 271.0 2360.0 256.0 2360.0 roundabout 0
439.0 3221.0 411.0 3216.0 420.0 3158.0 449.0 3163.0 soccer-ball-field 0
792.0 3820.0 804.0 3820.0 804.0 3832.0 792.0 3832.0 roundabout 1
812.0 4717.0 824.0 4717.0 824.0 4731.0 812.0 4731.0 roundabout 1
164.0 521.0 169.0 521.0 167.0 534.0 161.0 534.0 swimming-pool 1
433.0 724.0 442.0 719.0 450.0 733.0 443.0 738.0 swimming-pool 0
366.0 739.0 364.0 747.0 348.0 744.0 350.0 736.0 swimming-pool 0
614.0 683.0 622.0 684.0 619.0 700.0 612.0 698.0 swimming-pool 0
457.0 681.0 442.0 676.0 444.0 668.0 458.0 672.0 swimming-pool 0
150.0 897.0 160.0 898.0 157.0 917.0 147.0 915.0 swimming-pool 0
306.0 962.0 307.0 955.0 319.0 956.0 318.0 963.0 swimming-pool 1
219.0 1121.0 230.0 1120.0 230.0 1124.0 219.0 1130.0 swimming-pool 1
315.0 1055.0 314.0 1047.0 330.0 1048.0 329.0 1055.0 swimming-pool 0
114.0 2404.0 118.0 2404.0 118.0 2414.0 112.0 2412.0 swimming-pool 1
834.0 3133.0 848.0 3126.0 851.0 3133.0 837.0 3142.0 swimming-pool 0
1432.0 2058.0 1433.0 2037.0 1448.0 2038.0 1447.0 2059.0 plane 0
2156.0 1590.0 2158.0 1569.0 2176.0 1569.0 2173.0 1593.0 plane 0
1360.0 1835.0 1359.0 1810.0 1381.0 1810.0 1380.0 1836.0 plane 0
1429.0 1842.0 1429.0 1824.0 1444.0 1821.0 1444.0 1845.0 plane 0
1424.0 1880.0 1424.0 1856.0 1444.0 1855.0 1444.0 1881.0 plane 0
1424.0 1911.0 1425.0 1890.0 1442.0 1889.0 1442.0 1912.0 plane 0
1340.0 2020.0 1339.0 1994.0 1359.0 1992.0 1360.0 2018.0 plane 0
1338.0 2049.0 1338.0 2028.0 1355.0 2029.0 1354.0 2050.0 plane 0
1329.0 2099.0 1329.0 2078.0 1347.0 2078.0 1344.0 2103.0 plane 0
1381.0 2104.0 1385.0 2083.0 1400.0 2085.0 1395.0 2108.0 plane 0
1385.0 2079.0 1385.0 2056.0 1405.0 2056.0 1403.0 2082.0 plane 0
1388.0 2052.0 1390.0 2031.0 1407.0 2032.0 1404.0 2055.0 plane 0
1390.0 2028.0 1392.0 2005.0 1410.0 2007.0 1407.0 2029.0 plane 0
1397.0 1975.0 1398.0 1956.0 1414.0 1956.0 1412.0 1977.0 plane 0
1444.0 1984.0 1448.0 1962.0 1464.0 1964.0 1461.0 1987.0 plane 0
1441.0 2008.0 1443.0 1989.0 1459.0 1990.0 1455.0 2012.0 plane 0
1435.0 2031.0 1438.0 2011.0 1453.0 2014.0 1450.0 2034.0 plane 0
1344.0 1987.0 1346.0 1964.0 1363.0 1964.0 1360.0 1988.0 plane 0
2073.0 1659.0 2077.0 1639.0 2095.0 1642.0 2089.0 1661.0 plane 0
703.0 3849.0 718.0 3848.0 718.0 3856.0 703.0 3855.0 swimming-pool 0
2063.0 1575.0 2065.0 1553.0 2083.0 1555.0 2080.0 1580.0 plane 0
863.0 3889.0 880.0 3890.0 880.0 3900.0 861.0 3899.0 swimming-pool 0
895.0 3926.0 903.0 3926.0 900.0 3942.0 894.0 3943.0 swimming-pool 0
1279.0 4370.0 1297.0 4372.0 1295.0 4380.0 1276.0 4376.0 swimming-pool 0
1296.0 4420.0 1315.0 4422.0 1315.0 4431.0 1292.0 4427.0 swimming-pool 0
1025.0 5029.0 1040.0 5030.0 1039.0 5041.0 1023.0 5039.0 swimming-pool 0
274.0 4530.0 263.0 4545.0 269.0 4548.0 279.0 4533.0 swimming-pool 0
884.0 5367.0 881.0 5385.0 888.0 5387.0 890.0 5367.0 swimming-pool 0
2037.0 789.0 2172.0 812.0 2139.0 1018.0 2005.0 996.0 soccer-ball-field 0
2074.0 587.0 2201.0 603.0 2173.0 799.0 2038.0 780.0 soccer-ball-field 0
1389.0 3285.0 1410.0 3285.0 1410.0 3301.0 1389.0 3301.0 roundabout 0
2232.0 90.0 2257.0 90.0 2257.0 116.0 2232.0 116.0 storage-tank 0
2259.0 94.0 2281.0 94.0 2281.0 120.0 2259.0 120.0 storage-tank 0
1912.0 1569.0 1908.0 1599.0 1888.0 1596.0 1891.0 1565.0 plane 0
1970.0 1559.0 1972.0 1537.0 1990.0 1538.0 1987.0 1562.0 plane 0
2016.0 1566.0 2018.0 1545.0 2035.0 1546.0 2032.0 1569.0 plane 0
1871.0 2592.0 1880.0 2528.0 1921.0 2533.0 1909.0 2598.0 plane 0
1902.0 2531.0 1954.0 2536.0 1950.0 2593.0 1897.0 2583.0 plane 0
1997.0 2531.0 2017.0 2556.0 1994.0 2576.0 1973.0 2545.0 plane 0
2266.0 4125.0 2278.0 4126.0 2275.0 4145.0 2263.0 4144.0 swimming-pool 0
2782.0 5336.0 2780.0 5347.0 2763.0 5344.0 2766.0 5331.0 swimming-pool 0
3120.0 4784.0 3122.0 4777.0 3142.0 4779.0 3140.0 4787.0 swimming-pool 0
3393.0 4099.0 3393.0 4121.0 3376.0 4124.0 3377.0 4098.0 plane 0
3959.0 1721.0 3984.0 1721.0 3984.0 1743.0 3959.0 1743.0 storage-tank 0
4328.0 1733.0 4353.0 1733.0 4353.0 1757.0 4328.0 1757.0 storage-tank 0
3577.0 1812.0 3600.0 1812.0 3600.0 1833.0 3577.0 1833.0 storage-tank 0
4077.0 2010.0 4104.0 2010.0 4104.0 2038.0 4077.0 2038.0 storage-tank 0
4057.0 2570.0 4078.0 2570.0 4078.0 2590.0 4057.0 2590.0 storage-tank 0
4431.0 2120.0 4456.0 2120.0 4456.0 2144.0 4431.0 2144.0 storage-tank 0
4521.0 2304.0 4544.0 2304.0 4544.0 2327.0 4521.0 2327.0 storage-tank 0
4998.0 1200.0 5013.0 1186.0 5017.0 1190.0 5002.0 1205.0 bridge 0
5057.0 1258.0 5072.0 1242.0 5076.0 1246.0 5061.0 1262.0 bridge 0
4900.0 2446.0 4917.0 2446.0 4917.0 2460.0 4900.0 2460.0 storage-tank 0
4919.0 2448.0 4936.0 2448.0 4936.0 2462.0 4919.0 2462.0 storage-tank 0
5566.0 5385.0 5580.0 5385.0 5580.0 5399.0 5566.0 5399.0 storage-tank 1
2880.0 5158.0 2892.0 5147.0 2900.0 5157.0 2885.0 5169.0 swimming-pool 0
2633.0 233.0 2631.0 233.0 2640.0 207.0 2642.0 207.0 bridge 0
5627.0 3196.0 5615.0 3208.0 5605.0 3184.0 5618.0 3177.0 swimming-pool 0
2246.0 1111.0 2263.0 1111.0 2263.0 1126.0 2246.0 1126.0 roundabout 0
1198.0 3327.0 1208.0 3329.0 1206.0 3347.0 1195.0 3346.0 swimming-pool 0
1278.0 3350.0 1294.0 3352.0 1292.0 3366.0 1274.0 3364.0 swimming-pool 0
1437.0 3567.0 1450.0 3566.0 1450.0 3578.0 1434.0 3578.0 swimming-pool 1
1810.0 3770.0 1810.0 3763.0 1826.0 3763.0 1826.0 3775.0 swimming-pool 0
1820.0 3530.0 1837.0 3533.0 1837.0 3540.0 1816.0 3539.0 swimming-pool 0
2033.0 3471.0 2033.0 3461.0 2052.0 3464.0 2050.0 3474.0 swimming-pool 0
2134.0 3886.0 2121.0 3883.0 2131.0 3869.0 2140.0 3869.0 swimming-pool 0
1774.0 3990.0 1786.0 3990.0 1782.0 4012.0 1769.0 4009.0 swimming-pool 0
2060.0 4189.0 2070.0 4189.0 2068.0 4206.0 2057.0 4205.0 swimming-pool 0
1660.0 4490.0 1662.0 4478.0 1683.0 4482.0 1680.0 4494.0 swimming-pool 0
1693.0 4948.0 1699.0 4938.0 1712.0 4948.0 1705.0 4958.0 swimming-pool 0
1717.0 5133.0 1729.0 5134.0 1729.0 5153.0 1715.0 5153.0 swimming-pool 0
1792.0 5197.0 1805.0 5200.0 1802.0 5224.0 1786.0 5222.0 swimming-pool 0
2218.0 5081.0 2218.0 5070.0 2240.0 5074.0 2239.0 5087.0 swimming-pool 0
2190.0 5004.0 2192.0 4995.0 2214.0 4996.0 2212.0 5008.0 swimming-pool 0
5343.0 3676.0 5361.0 3676.0 5361.0 3693.0 5343.0 3693.0 storage-tank 0
259.0 843.0 261.0 837.0 272.0 839.0 272.0 844.0 small-vehicle 1
1374.0 4000.0 1380.0 3991.0 1396.0 4006.0 1387.0 4014.0 swimming-pool 0
515.0 4761.0 544.0 4761.0 544.0 4781.0 515.0 4781.0 swimming-pool 0
589.0 5204.0 600.0 5204.0 600.0 5223.0 589.0 5223.0 swimming-pool 0
1004.0 5423.0 1034.0 5423.0 1034.0 5440.0 1004.0 5440.0 swimming-pool 0
1012.0 5194.0 1038.0 5194.0 1038.0 5210.0 1012.0 5210.0 swimming-pool 0
954.0 5381.0 980.0 5381.0 980.0 5401.0 954.0 5401.0 swimming-pool 0
1604.0 5416.0 1621.0 5416.0 1621.0 5439.0 1604.0 5439.0 swimming-pool 0
1115.0 5040.0 1134.0 5040.0 1134.0 5056.0 1115.0 5056.0 swimming-pool 0
1243.0 5033.0 1261.0 5033.0 1261.0 5058.0 1243.0 5058.0 swimming-pool 0
954.0 5175.0 968.0 5175.0 968.0 5197.0 954.0 5197.0 swimming-pool 0
877.0 4660.0 890.0 4660.0 890.0 4681.0 877.0 4681.0 swimming-pool 0
791.0 4439.0 814.0 4439.0 814.0 4459.0 791.0 4459.0 swimming-pool 0
1233.0 4352.0 1264.0 4352.0 1264.0 4372.0 1233.0 4372.0 swimming-pool 0
1144.0 4254.0 1168.0 4254.0 1168.0 4280.0 1144.0 4280.0 swimming-pool 0
1034.0 3831.0 1061.0 3831.0 1061.0 3849.0 1034.0 3849.0 swimming-pool 0
1609.0 3638.0 1638.0 3638.0 1638.0 3660.0 1609.0 3660.0 swimming-pool 0
1782.0 3770.0 1801.0 3770.0 1801.0 3800.0 1782.0 3800.0 swimming-pool 0
582.0 5303.0 612.0 5303.0 612.0 5323.0 582.0 5323.0 swimming-pool 0
531.0 4525.0 560.0 4525.0 560.0 4541.0 531.0 4541.0 swimming-pool 0
382.0 3425.0 393.0 3428.0 389.0 3448.0 379.0 3447.0 swimming-pool 0
633.0 4345.0 657.0 4345.0 657.0 4373.0 633.0 4373.0 swimming-pool 0
575.0 3463.0 583.0 3463.0 580.0 3480.0 572.0 3478.0 swimming-pool 0
661.0 4566.0 674.0 4567.0 669.0 4594.0 657.0 4593.0 swimming-pool 0
704.0 4583.0 717.0 4585.0 713.0 4605.0 701.0 4603.0 swimming-pool 0
322.0 520.0 322.0 533.0 336.0 535.0 337.0 522.0 swimming-pool 1
641.0 580.0 663.0 583.0 657.0 605.0 640.0 602.0 swimming-pool 0
175.0 1564.0 198.0 1559.0 204.0 1575.0 181.0 1578.0 swimming-pool 0
134.0 2421.0 148.0 2429.0 145.0 2443.0 129.0 2442.0 swimming-pool 0
149.0 2431.0 171.0 2431.0 168.0 2448.0 148.0 2448.0 swimming-pool 0
261.0 2447.0 278.0 2448.0 273.0 2471.0 261.0 2468.0 swimming-pool 0
136.0 2568.0 153.0 2569.0 152.0 2591.0 134.0 2588.0 swimming-pool 0
62.0 3056.0 82.0 3051.0 82.0 3071.0 66.0 3072.0 swimming-pool 0
185.0 4091.0 202.0 4091.0 196.0 4117.0 180.0 4113.0 swimming-pool 0
515.0 4153.0 526.0 4166.0 514.0 4185.0 502.0 4172.0 swimming-pool 0
302.0 4325.0 314.0 4339.0 300.0 4352.0 296.0 4340.0 swimming-pool 0
506.0 4358.0 529.0 4358.0 529.0 4381.0 506.0 4381.0 swimming-pool 0
970.0 3838.0 973.0 3827.0 992.0 3830.0 989.0 3840.0 swimming-pool 0
1142.0 4311.0 1148.0 4312.0 1146.0 4326.0 1138.0 4327.0 swimming-pool 1
1922.0 2606.0 1929.0 2566.0 1963.0 2571.0 1954.0 2614.0 plane 0
2635.0 2182.0 2637.0 2161.0 2654.0 2162.0 2652.0 2185.0 plane 0
2545.0 2352.0 2546.0 2332.0 2567.0 2333.0 2562.0 2356.0 plane 0
2566.0 2408.0 2590.0 2405.0 2591.0 2421.0 2567.0 2424.0 plane 0
2633.0 2447.0 2658.0 2435.0 2667.0 2456.0 2642.0 2468.0 plane 0
2669.0 2509.0 2648.0 2517.0 2638.0 2497.0 2664.0 2486.0 plane 0
2706.0 2483.0 2704.0 2458.0 2726.0 2455.0 2726.0 2483.0 plane 0
2706.0 2421.0 2708.0 2396.0 2724.0 2397.0 2722.0 2423.0 plane 0
2743.0 2481.0 2739.0 2449.0 2760.0 2447.0 2764.0 2480.0 plane 0
2634.0 1882.0 2635.0 1859.0 2656.0 1860.0 2653.0 1886.0 plane 0
2719.0 2005.0 2739.0 2008.0 2735.0 2027.0 2716.0 2022.0 plane 0
2723.0 2186.0 2744.0 2189.0 2742.0 2208.0 2720.0 2205.0 plane 0
2722.0 2243.0 2744.0 2242.0 2744.0 2258.0 2723.0 2258.0 plane 0
2726.0 2289.0 2748.0 2286.0 2749.0 2304.0 2726.0 2306.0 plane 0
2632.0 2754.0 2635.0 2731.0 2652.0 2733.0 2648.0 2756.0 plane 0
2664.0 2758.0 2664.0 2736.0 2683.0 2734.0 2682.0 2760.0 plane 0
2666.0 2732.0 2668.0 2713.0 2686.0 2713.0 2682.0 2736.0 plane 0
2541.0 2377.0 2544.0 2358.0 2560.0 2359.0 2558.0 2380.0 plane 0
2614.0 2300.0 2616.0 2272.0 2637.0 2273.0 2636.0 2302.0 plane 0
2728.0 2738.0 2732.0 2714.0 2749.0 2716.0 2745.0 2743.0 plane 0
2570.0 2194.0 2572.0 2173.0 2593.0 2174.0 2592.0 2198.0 plane 0
2030.0 2542.0 2042.0 2560.0 2020.0 2574.0 2009.0 2552.0 plane 0
2386.0 2265.0 2388.0 2242.0 2404.0 2243.0 2402.0 2268.0 plane 0
2394.0 2214.0 2400.0 2192.0 2418.0 2196.0 2412.0 2216.0 plane 0
2400.0 2191.0 2403.0 2168.0 2421.0 2166.0 2422.0 2194.0 plane 0
2450.0 2279.0 2454.0 2256.0 2471.0 2259.0 2468.0 2282.0 plane 0
2458.0 2227.0 2459.0 2202.0 2480.0 2204.0 2478.0 2231.0 plane 0
2464.0 2199.0 2466.0 2177.0 2484.0 2179.0 2483.0 2201.0 plane 0
2469.0 2172.0 2472.0 2152.0 2490.0 2155.0 2487.0 2178.0 plane 0
2442.0 2084.0 2438.0 2103.0 2422.0 2101.0 2425.0 2080.0 plane 0
2231.0 1592.0 2245.0 1594.0 2247.0 1619.0 2221.0 1617.0 helicopter 0
2294.0 1561.0 2315.0 1565.0 2311.0 1588.0 2290.0 1586.0 helicopter 0
2331.0 1580.0 2353.0 1582.0 2349.0 1605.0 2324.0 1603.0 helicopter 0
2520.0 2221.0 2523.0 2199.0 2543.0 2201.0 2538.0 2225.0 plane 0
2527.0 2192.0 2531.0 2170.0 2549.0 2173.0 2542.0 2197.0 plane 0
2533.0 2161.0 2536.0 2140.0 2554.0 2140.0 2551.0 2164.0 plane 0
2668.0 2713.0 2671.0 2690.0 2689.0 2691.0 2685.0 2716.0 plane 0
2777.0 2777.0 2753.0 2774.0 2755.0 2758.0 2779.0 2758.0 plane 0
1083.0 4857.0 1098.0 4858.0 1098.0 4867.0 1082.0 4865.0 swimming-pool 0
2451.0 3149.0 2470.0 3163.0 2458.0 3181.0 2438.0 3167.0 plane 0
5454.0 2866.0 5488.0 2866.0 5488.0 2897.0 5454.0 2897.0 roundabout 0
4113.0 474.0 4106.0 519.0 4124.0 523.0 4130.0 476.0 tennis-court 0
4148.0 480.0 4169.0 482.0 4161.0 528.0 4142.0 524.0 tennis-court 0
4833.0 742.0 4857.0 742.0 4857.0 766.0 4833.0 766.0 storage-tank 0
4825.0 766.0 4854.0 766.0 4854.0 794.0 4825.0 794.0 storage-tank 0
5588.0 2070.0 5625.0 2070.0 5625.0 2107.0 5588.0 2107.0 roundabout 0
5344.0 3212.0 5357.0 3212.0 5357.0 3224.0 5344.0 3224.0 roundabout 1
691.0 94.0 701.0 90.0 704.0 97.0 692.0 99.0 swimming-pool 1
100.0 2694.0 103.0 2702.0 92.0 2706.0 88.0 2698.0 swimming-pool 1
130.0 2729.0 138.0 2730.0 134.0 2753.0 124.0 2751.0 swimming-pool 0
81.0 3381.0 78.0 3374.0 94.0 3367.0 97.0 3377.0 swimming-pool 0
172.0 4289.0 182.0 4290.0 183.0 4306.0 172.0 4309.0 swimming-pool 0
386.0 4957.0 396.0 4958.0 392.0 4978.0 384.0 4977.0 swimming-pool 0
1384.0 5281.0 1393.0 5281.0 1392.0 5296.0 1383.0 5296.0 swimming-pool 0
1148.0 5329.0 1159.0 5329.0 1159.0 5342.0 1148.0 5342.0 roundabout 1
4508.0 1979.0 4574.0 1979.0 4574.0 2046.0 4508.0 2046.0 roundabout 0
2492.0 3145.0 2470.0 3135.0 2478.0 3116.0 2502.0 3126.0 plane 0
2618.0 2834.0 2621.0 2810.0 2640.0 2814.0 2636.0 2837.0 plane 0
2471.0 3142.0 2446.0 3138.0 2449.0 3118.0 2475.0 3119.0 plane 0
2613.0 2892.0 2615.0 2870.0 2634.0 2871.0 2630.0 2896.0 plane 0
2607.0 2926.0 2609.0 2900.0 2628.0 2899.0 2626.0 2929.0 plane 0
2604.0 2953.0 2603.0 2928.0 2622.0 2926.0 2623.0 2956.0 plane 0
2666.0 2964.0 2670.0 2942.0 2689.0 2944.0 2685.0 2970.0 plane 0
2671.0 2936.0 2675.0 2910.0 2695.0 2910.0 2691.0 2940.0 plane 0
2683.0 2903.0 2687.0 2881.0 2703.0 2883.0 2699.0 2907.0 plane 0
2684.0 2875.0 2685.0 2852.0 2708.0 2854.0 2705.0 2878.0 plane 0
2688.0 2849.0 2690.0 2824.0 2711.0 2824.0 2708.0 2851.0 plane 0
2746.0 2887.0 2748.0 2867.0 2768.0 2868.0 2766.0 2891.0 plane 0
2585.0 3056.0 2586.0 3033.0 2603.0 3034.0 2601.0 3057.0 plane 0
2588.0 3029.0 2592.0 3008.0 2611.0 3011.0 2606.0 3034.0 plane 0
2594.0 3006.0 2595.0 2983.0 2614.0 2984.0 2610.0 3010.0 plane 0
2647.0 3101.0 2651.0 3083.0 2668.0 3085.0 2664.0 3105.0 plane 0
2654.0 3071.0 2656.0 3052.0 2671.0 3053.0 2668.0 3072.0 plane 0
2660.0 3043.0 2661.0 3020.0 2680.0 3020.0 2677.0 3044.0 plane 0
1398.0 266.0 1384.0 339.0 1314.0 324.0 1326.0 250.0 baseball-diamond 0
