imagesource:GoogleEarth
gsd:0.13106080649
4242.0 1871.0 4274.0 1896.0 4214.0 1960.0 4184.0 1936.0 ship 1
1909.0 1455.0 1894.0 1500.0 1765.0 1470.0 1775.0 1418.0 ship 0
2059.0 1601.0 2075.0 1570.0 2145.0 1597.0 2134.0 1631.0 ship 0
2055.0 1564.0 2070.0 1535.0 2155.0 1562.0 2141.0 1598.0 ship 0
2068.0 1534.0 2076.0 1507.0 2163.0 1532.0 2152.0 1562.0 ship 0
2055.0 1501.0 2072.0 1467.0 2166.0 1499.0 2153.0 1529.0 ship 0
2075.0 1466.0 2084.0 1429.0 2179.0 1451.0 2169.0 1489.0 ship 0
2067.0 1405.0 2087.0 1364.0 2198.0 1407.0 2177.0 1445.0 ship 0
1704.0 1271.0 1946.0 1322.0 1858.0 1704.0 1572.0 1631.0 harbor 0
1835.0 1611.0 1826.0 1648.0 1727.0 1625.0 1739.0 1589.0 ship 0
1854.0 1576.0 1846.0 1613.0 1740.0 1592.0 1748.0 1549.0 ship 0
1864.0 1541.0 1854.0 1575.0 1748.0 1550.0 1757.0 1509.0 ship 0
1900.0 1501.0 1891.0 1538.0 1752.0 1508.0 1761.0 1464.0 ship 0
1906.0 1422.0 1898.0 1454.0 1770.0 1426.0 1784.0 1387.0 ship 0
1475.0 1520.0 1461.0 1554.0 1341.0 1523.0 1356.0 1483.0 ship 0
1912.0 1377.0 1902.0 1416.0 1785.0 1390.0 1798.0 1348.0 ship 0
1938.0 1329.0 1930.0 1365.0 1789.0 1343.0 1800.0 1297.0 ship 0
1647.0 1635.0 1654.0 1604.0 1715.0 1612.0 1714.0 1650.0 ship 0
1593.0 1584.0 1608.0 1542.0 1727.0 1576.0 1711.0 1618.0 ship 0
1611.0 1543.0 1623.0 1507.0 1734.0 1532.0 1722.0 1576.0 ship 0
1611.0 1513.0 1618.0 1467.0 1746.0 1490.0 1738.0 1535.0 ship 0
1648.0 1433.0 1654.0 1393.0 1764.0 1415.0 1758.0 1451.0 ship 0
1677.0 1396.0 1684.0 1367.0 1769.0 1382.0 1765.0 1415.0 ship 0
1681.0 1353.0 1692.0 1316.0 1784.0 1340.0 1773.0 1378.0 ship 0
1693.0 1317.0 1705.0 1281.0 1795.0 1303.0 1785.0 1340.0 ship 0
1327.0 1199.0 1544.0 1262.0 1461.0 1596.0 1228.0 1534.0 harbor 0
2045.0 1631.0 2056.0 1598.0 2136.0 1627.0 2124.0 1652.0 ship 0
2030.0 1658.0 2039.0 1628.0 2126.0 1651.0 2118.0 1679.0 ship 0
2027.0 1724.0 2038.0 1690.0 2114.0 1713.0 2107.0 1742.0 ship 0
2046.0 1746.0 2058.0 1722.0 2113.0 1737.0 2105.0 1760.0 ship 0
2579.0 1570.0 2591.0 1534.0 2687.0 1559.0 2671.0 1597.0 ship 0
2403.0 1819.0 2413.0 1791.0 2496.0 1816.0 2485.0 1843.0 ship 0
2419.0 1792.0 2430.0 1768.0 2500.0 1786.0 2491.0 1814.0 ship 0
2420.0 1767.0 2430.0 1740.0 2508.0 1758.0 2500.0 1789.0 ship 0
2418.0 1734.0 2432.0 1702.0 2519.0 1730.0 2504.0 1762.0 ship 0
2436.0 1668.0 2451.0 1639.0 2536.0 1661.0 2523.0 1693.0 ship 0
2440.0 1630.0 2454.0 1598.0 2544.0 1630.0 2529.0 1663.0 ship 0
2466.0 1612.0 2470.0 1578.0 2555.0 1589.0 2551.0 1624.0 ship 0
2563.0 1562.0 2553.0 1594.0 2461.0 1576.0 2478.0 1535.0 ship 0
2474.0 1541.0 2486.0 1507.0 2575.0 1531.0 2562.0 1571.0 ship 0
2431.0 1502.0 2444.0 1455.0 2603.0 1479.0 2596.0 1533.0 ship 0
2084.0 1346.0 2350.0 1444.0 2214.0 1806.0 1982.0 1736.0 harbor 0
2114.0 1745.0 2126.0 1717.0 2190.0 1743.0 2174.0 1770.0 ship 0
2202.0 1713.0 2188.0 1741.0 2126.0 1721.0 2131.0 1688.0 ship 0
2208.0 1678.0 2199.0 1705.0 2133.0 1686.0 2140.0 1658.0 ship 0
2208.0 1646.0 2200.0 1669.0 2141.0 1656.0 2149.0 1621.0 ship 0
2219.0 1611.0 2209.0 1638.0 2150.0 1621.0 2160.0 1592.0 ship 0
2240.0 1592.0 2226.0 1613.0 2158.0 1590.0 2170.0 1568.0 ship 0
2228.0 1556.0 2224.0 1578.0 2163.0 1575.0 2171.0 1534.0 ship 0
2262.0 1545.0 2250.0 1570.0 2168.0 1541.0 2180.0 1512.0 ship 0
2260.0 1511.0 2247.0 1538.0 2176.0 1516.0 2186.0 1486.0 ship 0
2263.0 1482.0 2258.0 1506.0 2181.0 1493.0 2188.0 1457.0 ship 0
2322.0 1458.0 2306.0 1492.0 2185.0 1447.0 2206.0 1402.0 ship 0
1412.0 1540.0 1401.0 1565.0 1335.0 1551.0 1342.0 1519.0 ship 0
1460.0 1471.0 1449.0 1504.0 1356.0 1488.0 1368.0 1447.0 ship 0
2408.0 1957.0 2421.0 1964.0 2403.0 1997.0 2390.0 1992.0 small-vehicle 1
635.0 1213.0 648.0 1185.0 715.0 1209.0 705.0 1239.0 ship 0
924.0 1215.0 936.0 1183.0 1008.0 1205.0 1001.0 1236.0 ship 0
922.0 1178.0 935.0 1146.0 1020.0 1175.0 1006.0 1207.0 ship 0
695.0 1356.0 705.0 1329.0 761.0 1352.0 742.0 1383.0 ship 0
770.0 1296.0 763.0 1319.0 708.0 1306.0 716.0 1277.0 ship 0
798.0 1269.0 786.0 1301.0 714.0 1282.0 725.0 1250.0 ship 0
801.0 1236.0 794.0 1266.0 721.0 1255.0 731.0 1219.0 ship 0
811.0 1210.0 800.0 1237.0 730.0 1221.0 741.0 1188.0 ship 0
816.0 1172.0 810.0 1202.0 738.0 1192.0 743.0 1159.0 ship 0
828.0 1144.0 822.0 1173.0 745.0 1160.0 754.0 1129.0 ship 0
616.0 1311.0 627.0 1282.0 691.0 1301.0 680.0 1330.0 ship 0
628.0 1282.0 637.0 1252.0 700.0 1273.0 690.0 1301.0 ship 0
636.0 1149.0 648.0 1118.0 732.0 1140.0 724.0 1171.0 ship 0
1486.0 1432.0 1479.0 1468.0 1365.0 1454.0 1373.0 1408.0 ship 0
671.0 1117.0 678.0 1096.0 738.0 1116.0 728.0 1138.0 ship 0
818.0 1106.0 803.0 1134.0 670.0 1095.0 684.0 1055.0 ship 0
425.0 1274.0 432.0 1249.0 484.0 1260.0 475.0 1284.0 ship 0
492.0 1237.0 486.0 1261.0 434.0 1250.0 437.0 1227.0 ship 0
496.0 1217.0 490.0 1237.0 438.0 1228.0 445.0 1201.0 ship 0
502.0 1198.0 494.0 1217.0 445.0 1204.0 449.0 1182.0 ship 0
447.0 1182.0 457.0 1153.0 510.0 1171.0 501.0 1197.0 ship 0
532.0 1097.0 522.0 1120.0 468.0 1113.0 474.0 1084.0 ship 0
543.0 1070.0 535.0 1097.0 474.0 1088.0 478.0 1061.0 ship 0
477.0 1060.0 484.0 1034.0 540.0 1044.0 532.0 1067.0 ship 0
556.0 1021.0 547.0 1046.0 487.0 1035.0 494.0 1004.0 ship 0
925.0 1249.0 929.0 1220.0 1000.0 1228.0 999.0 1257.0 ship 0
888.0 1270.0 902.0 1232.0 996.0 1266.0 983.0 1300.0 ship 0
672.0 1047.0 853.0 1099.0 755.0 1400.0 595.0 1354.0 harbor 0
910.0 1302.0 922.0 1280.0 984.0 1300.0 971.0 1326.0 ship 0
1470.0 1392.0 1458.0 1425.0 1372.0 1408.0 1383.0 1368.0 ship 0
1490.0 1353.0 1482.0 1385.0 1386.0 1372.0 1393.0 1339.0 ship 0
1523.0 1280.0 1512.0 1322.0 1396.0 1296.0 1407.0 1249.0 ship 0
1253.0 1529.0 1260.0 1502.0 1334.0 1518.0 1329.0 1547.0 ship 0
1245.0 1495.0 1253.0 1463.0 1342.0 1484.0 1333.0 1515.0 ship 0
1257.0 1466.0 1265.0 1434.0 1352.0 1446.0 1347.0 1479.0 ship 0
1264.0 1393.0 1274.0 1363.0 1369.0 1382.0 1363.0 1414.0 ship 0
1292.0 1361.0 1294.0 1330.0 1374.0 1338.0 1373.0 1372.0 ship 0
1274.0 1324.0 1283.0 1289.0 1383.0 1314.0 1376.0 1349.0 ship 0
1302.0 1295.0 1315.0 1261.0 1394.0 1287.0 1380.0 1316.0 ship 0
1319.0 1271.0 1328.0 1240.0 1397.0 1261.0 1386.0 1291.0 ship 0
1320.0 1242.0 1330.0 1211.0 1407.0 1235.0 1395.0 1265.0 ship 0
929.0 1094.0 1176.0 1176.0 1086.0 1489.0 850.0 1423.0 harbor 0
913.0 1148.0 930.0 1101.0 1029.0 1144.0 1015.0 1180.0 ship 0
1052.0 1368.0 1044.0 1391.0 978.0 1374.0 986.0 1345.0 ship 0
1090.0 1329.0 1080.0 1366.0 985.0 1341.0 998.0 1302.0 ship 0
1102.0 1292.0 1089.0 1327.0 998.0 1306.0 1010.0 1261.0 ship 0
1144.0 1262.0 1130.0 1300.0 1007.0 1266.0 1021.0 1222.0 ship 0
1154.0 1218.0 1145.0 1255.0 1022.0 1228.0 1035.0 1180.0 ship 0
1167.0 1181.0 1153.0 1219.0 1029.0 1182.0 1044.0 1133.0 ship 0
871.0 1400.0 876.0 1370.0 956.0 1376.0 954.0 1406.0 ship 0
886.0 1368.0 892.0 1338.0 963.0 1350.0 959.0 1381.0 ship 0
888.0 1330.0 904.0 1298.0 976.0 1330.0 962.0 1359.0 ship 0
2672.0 1604.0 2658.0 1638.0 2565.0 1610.0 2583.0 1568.0 ship 0
2652.0 1637.0 2646.0 1673.0 2552.0 1658.0 2562.0 1611.0 ship 0
2653.0 1678.0 2638.0 1720.0 2548.0 1696.0 2559.0 1655.0 ship 0
3234.0 1530.0 3472.0 1591.0 3345.0 2081.0 3116.0 2016.0 harbor 0
3885.0 2072.0 3890.0 2042.0 3971.0 2057.0 3964.0 2089.0 ship 0
3884.0 2028.0 3904.0 2000.0 3979.0 2036.0 3962.0 2064.0 ship 0
3890.0 2008.0 3896.0 1975.0 3983.0 1986.0 3974.0 2020.0 ship 0
3913.0 1973.0 3920.0 1946.0 3986.0 1955.0 3981.0 1988.0 ship 0
3908.0 1941.0 3913.0 1906.0 3994.0 1926.0 3985.0 1957.0 ship 0
3999.0 1901.0 3990.0 1924.0 3931.0 1906.0 3941.0 1882.0 ship 0
3920.0 1872.0 3930.0 1834.0 4012.0 1857.0 4002.0 1892.0 ship 0
4014.0 1821.0 3999.0 1848.0 3936.0 1823.0 3954.0 1794.0 ship 0
3946.0 1792.0 3960.0 1767.0 4026.0 1796.0 4010.0 1828.0 ship 0
4106.0 1768.0 4088.0 1805.0 3953.0 1775.0 3970.0 1722.0 ship 0
3634.0 1618.0 3849.0 1672.0 3710.0 2184.0 3475.0 2117.0 harbor 0
2840.0 1469.0 3105.0 1520.0 2997.0 1986.0 2733.0 1944.0 harbor 0
2644.0 1710.0 2633.0 1748.0 2538.0 1726.0 2548.0 1685.0 ship 0
2445.0 1444.0 2710.0 1527.0 2606.0 1910.0 2347.0 1843.0 harbor 0
3705.0 2131.0 3695.0 2152.0 3630.0 2133.0 3643.0 2107.0 ship 0
3738.0 2068.0 3728.0 2094.0 3649.0 2072.0 3659.0 2046.0 ship 0
3724.0 2030.0 3720.0 2057.0 3651.0 2051.0 3652.0 2014.0 ship 0
3758.0 1974.0 3748.0 2003.0 3668.0 1979.0 3679.0 1947.0 ship 0
3748.0 1941.0 3738.0 1966.0 3677.0 1948.0 3686.0 1920.0 ship 0
3758.0 1912.0 3748.0 1937.0 3680.0 1916.0 3693.0 1885.0 ship 0
3786.0 1871.0 3774.0 1908.0 3691.0 1884.0 3700.0 1854.0 ship 0
3788.0 1831.0 3780.0 1867.0 3697.0 1856.0 3703.0 1815.0 ship 0
3698.0 1806.0 3710.0 1772.0 3808.0 1802.0 3794.0 1839.0 ship 0
3804.0 1767.0 3797.0 1799.0 3709.0 1783.0 3719.0 1741.0 ship 0
3865.0 2101.0 3869.0 2064.0 3961.0 2079.0 3954.0 2110.0 ship 0
3865.0 2130.0 3874.0 2098.0 3952.0 2114.0 3946.0 2144.0 ship 0
3868.0 2160.0 3876.0 2134.0 3944.0 2144.0 3938.0 2171.0 ship 0
3857.0 2186.0 3864.0 2156.0 3941.0 2171.0 3930.0 2206.0 ship 0
2385.0 1951.0 2400.0 1960.0 2368.0 1999.0 2350.0 1987.0 small-vehicle 1
4249.0 1798.0 4206.0 1790.0 4223.0 1731.0 4258.0 1734.0 ship 0
4240.0 1862.0 4205.0 1856.0 4224.0 1772.0 4259.0 1780.0 ship 0
4192.0 2042.0 4226.0 2051.0 4204.0 2146.0 4154.0 2136.0 ship 0
3963.0 1718.0 4140.0 1764.0 4013.0 2271.0 3819.0 2213.0 harbor 0
4004.0 2226.0 3994.0 2247.0 3934.0 2228.0 3944.0 2205.0 ship 0
4008.0 2205.0 4004.0 2224.0 3947.0 2206.0 3955.0 2184.0 ship 0
4028.0 2184.0 4018.0 2208.0 3953.0 2189.0 3961.0 2162.0 ship 0
3963.0 2167.0 3966.0 2135.0 4026.0 2152.0 4016.0 2184.0 ship 0
4035.0 2133.0 4025.0 2155.0 3964.0 2141.0 3968.0 2111.0 ship 0
4039.0 2111.0 4033.0 2135.0 3970.0 2116.0 3976.0 2090.0 ship 0
4041.0 2083.0 4033.0 2111.0 3974.0 2094.0 3983.0 2064.0 ship 0
4057.0 2062.0 4044.0 2085.0 3983.0 2068.0 3992.0 2038.0 ship 0
4074.0 2036.0 4065.0 2062.0 3990.0 2040.0 3997.0 2012.0 ship 0
4064.0 2012.0 4059.0 2032.0 3996.0 2017.0 4000.0 1991.0 ship 0
4080.0 1984.0 4075.0 2009.0 4001.0 1994.0 4006.0 1962.0 ship 0
4080.0 1948.0 4073.0 1976.0 4008.0 1961.0 4016.0 1927.0 ship 0
4014.0 1926.0 4021.0 1904.0 4089.0 1925.0 4077.0 1949.0 ship 0
4018.0 1903.0 4027.0 1876.0 4095.0 1896.0 4085.0 1925.0 ship 0
4102.0 1876.0 4089.0 1896.0 4023.0 1874.0 4036.0 1847.0 ship 0
4110.0 1840.0 4102.0 1867.0 4030.0 1850.0 4039.0 1818.0 ship 0
4118.0 1813.0 4112.0 1835.0 4039.0 1824.0 4042.0 1795.0 ship 0
3872.0 2212.0 3882.0 2192.0 3932.0 2204.0 3920.0 2231.0 ship 0
3831.0 1733.0 3824.0 1766.0 3720.0 1751.0 3726.0 1709.0 ship 0
3508.0 2100.0 3515.0 2063.0 3628.0 2087.0 3614.0 2127.0 ship 0
3544.0 2026.0 3554.0 2001.0 3641.0 2020.0 3633.0 2054.0 ship 0
3396.0 1581.0 3385.0 1615.0 3256.0 1586.0 3268.0 1543.0 ship 0
2993.0 1880.0 2984.0 1916.0 2891.0 1897.0 2900.0 1853.0 ship 0
3005.0 1845.0 2996.0 1881.0 2900.0 1862.0 2910.0 1821.0 ship 0
3006.0 1806.0 2999.0 1843.0 2909.0 1826.0 2916.0 1786.0 ship 0
3020.0 1782.0 3004.0 1814.0 2913.0 1784.0 2928.0 1752.0 ship 0
3042.0 1734.0 3032.0 1781.0 2920.0 1764.0 2926.0 1713.0 ship 0
3041.0 1700.0 3037.0 1732.0 2930.0 1722.0 2933.0 1681.0 ship 0
3056.0 1652.0 3042.0 1697.0 2937.0 1663.0 2952.0 1619.0 ship 0
3058.0 1613.0 3050.0 1651.0 2944.0 1633.0 2956.0 1581.0 ship 0
3082.0 1578.0 3074.0 1620.0 2960.0 1593.0 2966.0 1552.0 ship 0
2752.0 1918.0 2763.0 1886.0 2828.0 1905.0 2817.0 1936.0 ship 0
2752.0 1884.0 2767.0 1845.0 2879.0 1882.0 2867.0 1917.0 ship 0
2786.0 1854.0 2799.0 1824.0 2890.0 1850.0 2876.0 1884.0 ship 0
2810.0 1833.0 2813.0 1802.0 2896.0 1811.0 2890.0 1849.0 ship 0
2765.0 1796.0 2775.0 1756.0 2900.0 1777.0 2894.0 1815.0 ship 0
2795.0 1764.0 2802.0 1728.0 2905.0 1748.0 2899.0 1784.0 ship 0
2804.0 1733.0 2813.0 1695.0 2915.0 1712.0 2908.0 1756.0 ship 0
2833.0 1702.0 2840.0 1665.0 2922.0 1682.0 2915.0 1717.0 ship 0
2799.0 1657.0 2814.0 1610.0 2933.0 1634.0 2922.0 1685.0 ship 0
2816.0 1613.0 2828.0 1570.0 2940.0 1598.0 2930.0 1639.0 ship 0
2825.0 1567.0 2836.0 1519.0 2951.0 1555.0 2938.0 1599.0 ship 0
3037.0 1522.0 3028.0 1563.0 2909.0 1542.0 2922.0 1490.0 ship 0
2585.0 1838.0 2575.0 1869.0 2494.0 1850.0 2508.0 1817.0 ship 0
2614.0 1777.0 2605.0 1804.0 2521.0 1785.0 2528.0 1748.0 ship 0
2993.0 1921.0 2977.0 1962.0 2878.0 1928.0 2894.0 1888.0 ship 0
3213.0 1612.0 3228.0 1570.0 3324.0 1602.0 3309.0 1645.0 ship 0
3518.0 1992.0 3532.0 1951.0 3653.0 1992.0 3640.0 2021.0 ship 0
3202.0 1656.0 3209.0 1616.0 3311.0 1633.0 3309.0 1673.0 ship 0
3576.0 1973.0 3582.0 1944.0 3656.0 1953.0 3651.0 1985.0 ship 0
3542.0 1928.0 3560.0 1889.0 3665.0 1922.0 3653.0 1963.0 ship 0
3542.0 1885.0 3557.0 1848.0 3673.0 1884.0 3659.0 1924.0 ship 0
3555.0 1853.0 3563.0 1816.0 3679.0 1835.0 3674.0 1871.0 ship 0
3583.0 1770.0 3603.0 1719.0 3701.0 1761.0 3683.0 1803.0 ship 0
3806.0 1675.0 3794.0 1719.0 3654.0 1688.0 3662.0 1641.0 ship 0
3348.0 2022.0 3326.0 2054.0 3246.0 2020.0 3267.0 1986.0 ship 0
3352.0 1974.0 3340.0 2007.0 3258.0 1988.0 3266.0 1951.0 ship 0
3375.0 1944.0 3361.0 1979.0 3263.0 1948.0 3276.0 1912.0 ship 0
3364.0 1906.0 3358.0 1932.0 3270.0 1916.0 3275.0 1885.0 ship 0
3396.0 1872.0 3385.0 1911.0 3275.0 1888.0 3285.0 1845.0 ship 0
3396.0 1823.0 3386.0 1863.0 3283.0 1844.0 3294.0 1802.0 ship 0
3414.0 1736.0 3400.0 1772.0 3299.0 1744.0 3311.0 1707.0 ship 0
3436.0 1697.0 3425.0 1730.0 3310.0 1705.0 3321.0 1664.0 ship 0
3456.0 1645.0 3446.0 1684.0 3326.0 1656.0 3336.0 1612.0 ship 0
3144.0 1968.0 3154.0 1935.0 3252.0 1955.0 3240.0 1991.0 ship 0
3178.0 1912.0 3183.0 1884.0 3256.0 1886.0 3252.0 1918.0 ship 0
3183.0 1874.0 3188.0 1846.0 3267.0 1858.0 3258.0 1889.0 ship 0
3173.0 1843.0 3185.0 1804.0 3278.0 1826.0 3271.0 1859.0 ship 0
3190.0 1796.0 3203.0 1765.0 3280.0 1797.0 3265.0 1826.0 ship 0
3201.0 1760.0 3213.0 1730.0 3293.0 1758.0 3277.0 1790.0 ship 0
3198.0 1726.0 3211.0 1695.0 3300.0 1725.0 3284.0 1757.0 ship 0
3200.0 1685.0 3217.0 1651.0 3304.0 1681.0 3295.0 1718.0 ship 0
584.0 996.0 575.0 1022.0 493.0 1003.0 502.0 970.0 ship 0
