imagesource:GoogleEarth
gsd:0.141809666669
556.0 4802.0 564.0 4700.0 780.0 4706.0 774.0 4826.0 plane 0
992.0 1734.0 992.0 1444.0 1215.0 1437.0 1215.0 1736.0 plane 0
825.0 3156.0 822.0 2862.0 1041.0 2860.0 1040.0 3154.0 plane 0
820.0 2838.0 821.0 2545.0 1040.0 2540.0 1046.0 2837.0 plane 0
816.0 2525.0 817.0 2229.0 1040.0 2227.0 1040.0 2529.0 plane 0
817.0 2211.0 818.0 1916.0 1045.0 1916.0 1048.0 2208.0 plane 0
822.0 1896.0 819.0 1602.0 1045.0 1596.0 1044.0 1896.0 plane 0
818.0 1586.0 818.0 1288.0 1042.0 1283.0 1042.0 1588.0 plane 0
818.0 1268.0 819.0 971.0 1042.0 969.0 1042.0 1271.0 plane 0
824.0 952.0 818.0 660.0 1038.0 659.0 1037.0 954.0 plane 0
992.0 794.0 992.0 502.0 1214.0 500.0 1214.0 795.0 plane 0
991.0 1105.0 991.0 812.0 1214.0 810.0 1214.0 1110.0 plane 0
992.0 2057.0 993.0 1758.0 1214.0 1757.0 1214.0 2056.0 plane 0
1572.0 2118.0 1567.0 2018.0 1710.0 2014.0 1710.0 2115.0 plane 0
995.0 2364.0 995.0 2073.0 1210.0 2070.0 1210.0 2367.0 plane 0
993.0 2677.0 994.0 2384.0 1209.0 2385.0 1208.0 2679.0 plane 0
996.0 2992.0 997.0 2703.0 1217.0 2700.0 1216.0 2995.0 plane 0
996.0 3309.0 996.0 3012.0 1216.0 3012.0 1217.0 3308.0 plane 0
1008.0 4036.0 1007.0 3748.0 1232.0 3740.0 1232.0 4040.0 plane 0
986.0 4340.0 1019.0 4055.0 1243.0 4076.0 1208.0 4378.0 plane 0
1192.0 4542.0 1172.0 4256.0 1384.0 4234.0 1404.0 4534.0 plane 0
1385.0 4350.0 1388.0 4058.0 1610.0 4062.0 1609.0 4354.0 plane 0
1254.0 3933.0 1256.0 3652.0 1479.0 3648.0 1481.0 3938.0 plane 0
1256.0 3630.0 1256.0 3335.0 1486.0 3332.0 1486.0 3632.0 plane 0
818.0 3461.0 818.0 3177.0 1043.0 3172.0 1046.0 3461.0 plane 0
832.0 3874.0 832.0 3584.0 1046.0 3581.0 1048.0 3871.0 plane 0
811.0 4184.0 844.0 3894.0 1062.0 3906.0 1040.0 4203.0 plane 0
818.0 4816.0 819.0 4523.0 1046.0 4522.0 1046.0 4816.0 plane 0
254.0 1265.0 255.0 970.0 486.0 970.0 487.0 1265.0 plane 0
248.0 1569.0 249.0 1277.0 484.0 1275.0 484.0 1578.0 plane 0
249.0 1893.0 249.0 1591.0 474.0 1591.0 474.0 1894.0 plane 0
351.0 2160.0 360.0 2070.0 499.0 2082.0 489.0 2175.0 plane 0
346.0 2400.0 348.0 2312.0 493.0 2312.0 491.0 2407.0 plane 0
342.0 2524.0 349.0 2428.0 491.0 2436.0 486.0 2534.0 plane 0
344.0 2639.0 348.0 2545.0 486.0 2554.0 481.0 2648.0 plane 0
248.0 3147.0 249.0 2850.0 467.0 2849.0 467.0 3148.0 plane 0
248.0 3466.0 248.0 3164.0 468.0 3163.0 468.0 3462.0 plane 0
242.0 3776.0 243.0 3476.0 471.0 3478.0 470.0 3773.0 plane 0
246.0 4090.0 247.0 3795.0 469.0 3790.0 469.0 4090.0 plane 0
245.0 4402.0 246.0 4110.0 464.0 4109.0 465.0 4403.0 plane 0
244.0 4716.0 244.0 4427.0 463.0 4424.0 463.0 4722.0 plane 0
324.0 4801.0 325.0 4886.0 180.0 4889.0 178.0 4797.0 plane 0
322.0 4902.0 317.0 4985.0 178.0 4979.0 182.0 4899.0 plane 0
321.0 5013.0 318.0 5103.0 174.0 5103.0 176.0 5010.0 plane 0
316.0 5126.0 312.0 5215.0 170.0 5209.0 176.0 5114.0 plane 0
311.0 5240.0 311.0 5338.0 168.0 5332.0 169.0 5241.0 plane 0
310.0 5345.0 312.0 5435.0 172.0 5438.0 168.0 5348.0 plane 0
308.0 5459.0 308.0 5554.0 166.0 5550.0 166.0 5459.0 plane 0
308.0 5567.0 309.0 5655.0 167.0 5656.0 166.0 5565.0 plane 0
1538.0 1277.0 1538.0 1120.0 1724.0 1116.0 1722.0 1276.0 plane 0
1698.0 2164.0 1694.0 2070.0 1839.0 2064.0 1840.0 2163.0 plane 0
560.0 4941.0 560.0 4856.0 740.0 4860.0 741.0 4945.0 plane 0
3863.0 2932.0 3842.0 3434.0 3295.0 3390.0 3326.0 2890.0 plane 0
3341.0 482.0 3288.0 982.0 2722.0 937.0 2798.0 433.0 plane 0
3306.0 991.0 3287.0 1500.0 2718.0 1459.0 2747.0 971.0 plane 0
3292.0 1500.0 3293.0 1987.0 2726.0 1976.0 2728.0 1495.0 plane 0
3284.0 2011.0 3282.0 2496.0 2715.0 2497.0 2722.0 1997.0 plane 0
3268.0 2515.0 3269.0 3003.0 2705.0 3004.0 2712.0 2492.0 plane 0
3269.0 3036.0 3253.0 3539.0 2691.0 3512.0 2704.0 3013.0 plane 0
3252.0 3553.0 3219.0 4056.0 2667.0 4015.0 2692.0 3526.0 plane 0
3246.0 4071.0 3214.0 4564.0 2642.0 4512.0 2680.0 4031.0 plane 0
3917.0 4604.0 3635.0 5023.0 3166.0 4684.0 3469.0 4313.0 plane 0
3844.0 3450.0 3836.0 3935.0 3279.0 3918.0 3303.0 3423.0 plane 0
3879.0 2417.0 3859.0 2916.0 3304.0 2878.0 3334.0 2388.0 plane 0
1568.0 2232.0 1567.0 2136.0 1716.0 2135.0 1716.0 2230.0 plane 0
3884.0 1905.0 3870.0 2412.0 3317.0 2370.0 3348.0 1878.0 plane 0
3900.0 1400.0 3880.0 1894.0 3328.0 1865.0 3359.0 1368.0 plane 0
3897.0 892.0 3899.0 1382.0 3340.0 1369.0 3353.0 881.0 plane 0
3936.0 364.0 3925.0 868.0 3356.0 869.0 3354.0 360.0 plane 0
1569.0 1989.0 1564.0 1919.0 1697.0 1920.0 1700.0 1991.0 plane 0
1562.0 1877.0 1558.0 1806.0 1697.0 1812.0 1697.0 1882.0 plane 0
1567.0 1780.0 1570.0 1707.0 1703.0 1716.0 1696.0 1780.0 plane 0
1711.0 1931.0 1715.0 1867.0 1847.0 1880.0 1841.0 1939.0 plane 0
1715.0 1831.0 1717.0 1760.0 1848.0 1763.0 1844.0 1833.0 plane 0
561.0 5113.0 560.0 5004.0 787.0 4996.0 785.0 5112.0 plane 0
2699.0 831.0 2668.0 1344.0 2093.0 1268.0 2148.0 773.0 plane 0
2676.0 1332.0 2672.0 1812.0 2106.0 1808.0 2112.0 1323.0 plane 0
2667.0 1840.0 2667.0 2345.0 2100.0 2333.0 2105.0 1828.0 plane 0
2668.0 2369.0 2632.0 2855.0 2056.0 2799.0 2108.0 2317.0 plane 0
1718.0 2292.0 1716.0 2193.0 1855.0 2190.0 1857.0 2289.0 plane 0
1578.0 2351.0 1581.0 2252.0 1721.0 2257.0 1716.0 2358.0 plane 0
1713.0 2407.0 1718.0 2311.0 1859.0 2321.0 1853.0 2415.0 plane 0
1581.0 2467.0 1583.0 2370.0 1725.0 2376.0 1717.0 2475.0 plane 0
1718.0 2519.0 1723.0 2431.0 1858.0 2432.0 1858.0 2524.0 plane 0
1590.0 2589.0 1588.0 2484.0 1729.0 2490.0 1727.0 2589.0 plane 0
1727.0 2647.0 1720.0 2548.0 1860.0 2545.0 1865.0 2641.0 plane 0
1590.0 2708.0 1588.0 2607.0 1733.0 2602.0 1736.0 2706.0 plane 0
1725.0 2762.0 1722.0 2658.0 1866.0 2661.0 1865.0 2768.0 plane 0
1599.0 2827.0 1596.0 2727.0 1732.0 2728.0 1733.0 2824.0 plane 0
1730.0 2876.0 1730.0 2784.0 1869.0 2778.0 1872.0 2876.0 plane 0
1586.0 2933.0 1585.0 2850.0 1734.0 2844.0 1735.0 2932.0 plane 0
1738.0 2997.0 1734.0 2914.0 1872.0 2908.0 1873.0 2990.0 plane 0
1594.0 3054.0 1592.0 2968.0 1739.0 2967.0 1740.0 3052.0 plane 0
1739.0 3113.0 1739.0 3021.0 1873.0 3016.0 1877.0 3113.0 plane 0
1592.0 3182.0 1593.0 3083.0 1743.0 3084.0 1741.0 3182.0 plane 0
1732.0 3230.0 1727.0 3147.0 1874.0 3136.0 1879.0 3226.0 plane 0
1605.0 3296.0 1607.0 3203.0 1750.0 3206.0 1743.0 3304.0 plane 0
2631.0 3890.0 2605.0 4404.0 2031.0 4360.0 2052.0 3877.0 plane 0
2643.0 3391.0 2616.0 3896.0 2034.0 3846.0 2079.0 3363.0 plane 0
2652.0 2880.0 2613.0 3377.0 2040.0 3327.0 2094.0 2827.0 plane 0
256.0 952.0 256.0 652.0 487.0 652.0 486.0 955.0 plane 0
