imagesource:GoogleEarth
gsd:0.259787013202
1445.0 2719.0 1445.0 2707.0 1469.0 2706.0 1469.0 2718.0 small-vehicle 0
2084.0 1903.0 1958.0 1894.0 1963.0 1758.0 2093.0 1763.0 plane 0
2274.0 2213.0 2149.0 2205.0 2153.0 2064.0 2278.0 2070.0 plane 0
2404.0 2215.0 2283.0 2208.0 2286.0 2067.0 2408.0 2070.0 plane 0
2536.0 2216.0 2414.0 2215.0 2418.0 2080.0 2532.0 2082.0 plane 0
2657.0 2227.0 2539.0 2210.0 2557.0 2073.0 2678.0 2087.0 plane 0
2797.0 2226.0 2677.0 2220.0 2682.0 2081.0 2805.0 2087.0 plane 0
2927.0 2228.0 2805.0 2227.0 2809.0 2087.0 2930.0 2090.0 plane 0
3062.0 2235.0 2940.0 2230.0 2932.0 2090.0 3058.0 2091.0 plane 0
3194.0 2236.0 3071.0 2232.0 3071.0 2095.0 3197.0 2095.0 plane 0
3327.0 2240.0 3203.0 2238.0 3202.0 2098.0 3329.0 2097.0 plane 0
3256.0 2342.0 3131.0 2340.0 3133.0 2198.0 3254.0 2196.0 plane 0
3124.0 2339.0 3001.0 2335.0 3000.0 2194.0 3124.0 2193.0 plane 0
2995.0 2335.0 2870.0 2330.0 2870.0 2188.0 2995.0 2192.0 plane 0
2860.0 2330.0 2737.0 2324.0 2739.0 2187.0 2860.0 2187.0 plane 0
2728.0 2328.0 2608.0 2318.0 2615.0 2181.0 2735.0 2185.0 plane 0
2594.0 2324.0 2471.0 2317.0 2482.0 2174.0 2603.0 2179.0 plane 0
2139.0 2211.0 2019.0 2199.0 2028.0 2060.0 2150.0 2067.0 plane 0
2211.0 1907.0 2088.0 1902.0 2093.0 1763.0 2215.0 1763.0 plane 0
2335.0 2314.0 2212.0 2312.0 2209.0 2192.0 2335.0 2188.0 plane 0
2348.0 1908.0 2226.0 1908.0 2221.0 1767.0 2343.0 1766.0 plane 0
2415.0 1811.0 2290.0 1803.0 2298.0 1663.0 2419.0 1668.0 plane 0
2542.0 1814.0 2421.0 1804.0 2427.0 1668.0 2547.0 1672.0 plane 0
2675.0 1818.0 2552.0 1811.0 2559.0 1668.0 2677.0 1670.0 plane 0
2807.0 1822.0 2683.0 1815.0 2689.0 1670.0 2809.0 1675.0 plane 0
2943.0 1822.0 2820.0 1823.0 2811.0 1679.0 2935.0 1679.0 plane 0
3068.0 1828.0 2948.0 1820.0 2953.0 1682.0 3079.0 1684.0 plane 0
3205.0 1831.0 3083.0 1826.0 3079.0 1687.0 3204.0 1687.0 plane 0
3336.0 1832.0 3217.0 1831.0 3214.0 1693.0 3335.0 1691.0 plane 0
3270.0 1932.0 3150.0 1932.0 3145.0 1794.0 3272.0 1793.0 plane 0
3139.0 1930.0 3016.0 1928.0 3011.0 1790.0 3138.0 1787.0 plane 0
3004.0 1925.0 2886.0 1925.0 2882.0 1786.0 3000.0 1786.0 plane 0
2871.0 1922.0 2749.0 1922.0 2747.0 1783.0 2872.0 1783.0 plane 0
2742.0 1920.0 2616.0 1917.0 2616.0 1776.0 2739.0 1775.0 plane 0
2611.0 1915.0 2488.0 1915.0 2483.0 1772.0 2601.0 1769.0 plane 0
2479.0 1912.0 2355.0 1907.0 2356.0 1771.0 2481.0 1774.0 plane 0
2466.0 2320.0 2342.0 2311.0 2351.0 2173.0 2473.0 2176.0 plane 0
2203.0 2312.0 2081.0 2310.0 2078.0 2166.0 2200.0 2162.0 plane 0
1196.0 2711.0 1194.0 2698.0 1217.0 2699.0 1218.0 2712.0 small-vehicle 0
2922.0 2833.0 2994.0 2832.0 2996.0 2900.0 2924.0 2901.0 plane 0
3078.0 2844.0 3136.0 2845.0 3134.0 2932.0 3080.0 2930.0 plane 0
3145.0 2837.0 3200.0 2838.0 3195.0 2915.0 3141.0 2912.0 plane 0
3207.0 2843.0 3257.0 2846.0 3251.0 2926.0 3197.0 2923.0 plane 0
3268.0 2847.0 3321.0 2851.0 3314.0 2930.0 3265.0 2927.0 plane 0
484.0 2634.0 249.0 2620.0 256.0 2427.0 487.0 2443.0 plane 0
655.0 2637.0 492.0 2614.0 512.0 2447.0 682.0 2468.0 plane 0
962.0 2644.0 677.0 2637.0 669.0 2344.0 950.0 2338.0 plane 0
1131.0 2644.0 954.0 2644.0 955.0 2457.0 1132.0 2460.0 plane 0
1253.0 2644.0 1135.0 2639.0 1138.0 2495.0 1255.0 2496.0 plane 0
3671.0 2852.0 3761.0 2859.0 3754.0 2950.0 3659.0 2939.0 plane 0
3771.0 2856.0 3838.0 2857.0 3833.0 2932.0 3764.0 2930.0 plane 0
3858.0 2866.0 3913.0 2865.0 3910.0 2919.0 3856.0 2917.0 plane 0
3920.0 2864.0 3966.0 2868.0 3962.0 2907.0 3918.0 2902.0 plane 0
3978.0 2862.0 4014.0 2860.0 4013.0 2919.0 3977.0 2918.0 plane 0
4018.0 2863.0 4101.0 2862.0 4103.0 2929.0 4016.0 2929.0 plane 0
2998.0 2849.0 3048.0 2848.0 3051.0 2917.0 2997.0 2919.0 plane 0
2867.0 2857.0 2918.0 2857.0 2916.0 2925.0 2867.0 2924.0 plane 0
2067.0 2312.0 1946.0 2301.0 1955.0 2162.0 2079.0 2164.0 plane 0
2811.0 2842.0 2858.0 2841.0 2858.0 2904.0 2815.0 2904.0 plane 0
2192.0 2594.0 2077.0 2589.0 2080.0 2468.0 2191.0 2471.0 plane 0
2317.0 2593.0 2202.0 2589.0 2211.0 2445.0 2319.0 2450.0 plane 0
2507.0 2600.0 2328.0 2592.0 2342.0 2409.0 2513.0 2415.0 plane 0
2847.0 2632.0 2686.0 2619.0 2694.0 2503.0 2857.0 2512.0 plane 0
3015.0 2635.0 2856.0 2621.0 2861.0 2500.0 3022.0 2510.0 plane 0
3197.0 2636.0 3035.0 2624.0 3040.0 2506.0 3201.0 2514.0 plane 0
2067.0 2807.0 2119.0 2806.0 2120.0 2885.0 2064.0 2882.0 plane 0
2128.0 2814.0 2178.0 2815.0 2176.0 2875.0 2124.0 2871.0 plane 0
2231.0 2807.0 2317.0 2813.0 2315.0 2904.0 2223.0 2899.0 plane 0
2331.0 2827.0 2394.0 2828.0 2398.0 2900.0 2328.0 2902.0 plane 0
2407.0 2816.0 2466.0 2813.0 2472.0 2902.0 2411.0 2902.0 plane 0
2484.0 2829.0 2527.0 2830.0 2522.0 2890.0 2480.0 2886.0 plane 0
2527.0 2823.0 2606.0 2822.0 2607.0 2902.0 2527.0 2901.0 plane 0
2618.0 2825.0 2697.0 2828.0 2695.0 2906.0 2615.0 2903.0 plane 0
2717.0 2843.0 2799.0 2846.0 2799.0 2925.0 2718.0 2924.0 plane 0
2284.0 1808.0 2159.0 1796.0 2162.0 1657.0 2290.0 1660.0 plane 0
2150.0 1802.0 2027.0 1791.0 2030.0 1651.0 2154.0 1657.0 plane 0
2096.0 1490.0 1975.0 1481.0 1984.0 1343.0 2104.0 1345.0 plane 0
3026.0 1007.0 2910.0 1000.0 2911.0 860.0 3033.0 867.0 plane 0
3292.0 1011.0 3175.0 1010.0 3169.0 868.0 3296.0 869.0 plane 0
3355.0 1128.0 3236.0 1124.0 3240.0 984.0 3362.0 986.0 plane 0
3221.0 1125.0 3103.0 1120.0 3107.0 982.0 3229.0 983.0 plane 0
3093.0 1123.0 2973.0 1116.0 2971.0 985.0 3096.0 984.0 plane 0
2963.0 1114.0 2842.0 1111.0 2843.0 971.0 2963.0 974.0 plane 0
2828.0 1114.0 2709.0 1106.0 2714.0 976.0 2838.0 982.0 plane 0
2695.0 1108.0 2573.0 1101.0 2577.0 960.0 2698.0 966.0 plane 0
2566.0 1106.0 2448.0 1102.0 2446.0 959.0 2569.0 959.0 plane 0
2432.0 1104.0 2313.0 1092.0 2327.0 952.0 2447.0 961.0 plane 0
2300.0 1097.0 2180.0 1090.0 2190.0 947.0 2311.0 955.0 plane 0
2169.0 1098.0 2050.0 1084.0 2060.0 946.0 2182.0 954.0 plane 0
2038.0 1093.0 1916.0 1083.0 1918.0 943.0 2043.0 947.0 plane 0
2122.0 580.0 1996.0 581.0 1995.0 449.0 2119.0 444.0 plane 0
2257.0 587.0 2131.0 583.0 2129.0 443.0 2252.0 442.0 plane 0
2387.0 587.0 2262.0 583.0 2267.0 443.0 2389.0 449.0 plane 0
3162.0 1012.0 3038.0 1005.0 3041.0 864.0 3170.0 869.0 plane 0
2895.0 1005.0 2777.0 1001.0 2781.0 868.0 2905.0 874.0 plane 0
2234.0 1491.0 2108.0 1486.0 2109.0 1345.0 2226.0 1345.0 plane 0
2768.0 1001.0 2642.0 996.0 2648.0 852.0 2775.0 856.0 plane 0
988.0 706.0 767.0 704.0 766.0 511.0 992.0 517.0 plane 0
656.0 677.0 880.0 678.0 878.0 867.0 651.0 866.0 plane 0
888.0 676.0 1113.0 674.0 1111.0 864.0 888.0 868.0 plane 0
1234.0 714.0 1000.0 711.0 997.0 515.0 1228.0 515.0 plane 0
1120.0 676.0 1345.0 674.0 1351.0 876.0 1123.0 870.0 plane 0
1459.0 716.0 1234.0 714.0 1236.0 512.0 1460.0 518.0 plane 0
743.0 1301.0 512.0 1290.0 528.0 1092.0 747.0 1093.0 plane 0
978.0 1299.0 762.0 1289.0 766.0 1092.0 986.0 1099.0 plane 0
1216.0 1304.0 992.0 1292.0 999.0 1101.0 1217.0 1103.0 plane 0
1455.0 1303.0 1226.0 1303.0 1227.0 1111.0 1448.0 1106.0 plane 0
2107.0 978.0 1986.0 978.0 1985.0 834.0 2110.0 832.0 plane 0
2236.0 985.0 2117.0 976.0 2124.0 831.0 2249.0 837.0 plane 0
2370.0 989.0 2254.0 984.0 2252.0 845.0 2375.0 843.0 plane 0
2503.0 992.0 2382.0 987.0 2382.0 849.0 2503.0 847.0 plane 0
2630.0 996.0 2513.0 989.0 2515.0 854.0 2636.0 849.0 plane 0
2518.0 590.0 2394.0 587.0 2401.0 445.0 2521.0 454.0 plane 0
2646.0 598.0 2527.0 591.0 2529.0 452.0 2650.0 456.0 plane 0
2776.0 601.0 2656.0 597.0 2660.0 457.0 2782.0 458.0 plane 0
2909.0 607.0 2788.0 598.0 2791.0 459.0 2915.0 460.0 plane 0
2555.0 1400.0 2436.0 1387.0 2445.0 1251.0 2570.0 1261.0 plane 0
2691.0 1403.0 2566.0 1402.0 2561.0 1258.0 2691.0 1258.0 plane 0
2824.0 1404.0 2700.0 1405.0 2694.0 1266.0 2819.0 1263.0 plane 0
2954.0 1408.0 2834.0 1404.0 2829.0 1268.0 2954.0 1266.0 plane 0
3085.0 1414.0 2962.0 1410.0 2967.0 1264.0 3092.0 1271.0 plane 0
3214.0 1418.0 3095.0 1409.0 3102.0 1272.0 3221.0 1279.0 plane 0
3347.0 1422.0 3224.0 1413.0 3227.0 1276.0 3356.0 1281.0 plane 0
3279.0 1518.0 3159.0 1519.0 3160.0 1378.0 3279.0 1374.0 plane 0
3149.0 1518.0 3026.0 1511.0 3030.0 1370.0 3150.0 1372.0 plane 0
3012.0 1512.0 2893.0 1506.0 2899.0 1367.0 3018.0 1367.0 plane 0
2889.0 1507.0 2764.0 1505.0 2765.0 1365.0 2886.0 1364.0 plane 0
2753.0 1506.0 2633.0 1502.0 2635.0 1362.0 2758.0 1360.0 plane 0
2623.0 1506.0 2499.0 1496.0 2505.0 1366.0 2626.0 1369.0 plane 0
2496.0 1496.0 2373.0 1493.0 2369.0 1351.0 2487.0 1350.0 plane 0
2362.0 1492.0 2241.0 1489.0 2239.0 1347.0 2358.0 1347.0 plane 0
2427.0 1392.0 2307.0 1391.0 2303.0 1251.0 2424.0 1245.0 plane 0
2297.0 1390.0 2174.0 1392.0 2170.0 1250.0 2298.0 1245.0 plane 0
2159.0 1391.0 2039.0 1375.0 2050.0 1259.0 2174.0 1269.0 plane 0
2973.0 708.0 2851.0 704.0 2854.0 565.0 2974.0 569.0 plane 0
3039.0 606.0 2920.0 603.0 2924.0 462.0 3041.0 463.0 plane 0
3173.0 613.0 3051.0 606.0 3055.0 467.0 3174.0 466.0 plane 0
3306.0 617.0 3184.0 612.0 3184.0 470.0 3305.0 468.0 plane 0
3366.0 720.0 3246.0 717.0 3244.0 579.0 3363.0 575.0 plane 0
3236.0 715.0 3114.0 713.0 3114.0 574.0 3234.0 573.0 plane 0
3104.0 713.0 2981.0 708.0 2985.0 569.0 3104.0 570.0 plane 0
2842.0 705.0 2718.0 701.0 2719.0 562.0 2840.0 561.0 plane 0
2033.0 1385.0 1911.0 1375.0 1916.0 1239.0 2038.0 1244.0 plane 0
2714.0 702.0 2591.0 696.0 2587.0 558.0 2709.0 557.0 plane 0
2573.0 701.0 2456.0 688.0 2466.0 552.0 2586.0 558.0 plane 0
2445.0 693.0 2323.0 685.0 2329.0 545.0 2451.0 549.0 plane 0
2311.0 695.0 2194.0 681.0 2202.0 566.0 2322.0 571.0 plane 0
2180.0 688.0 2058.0 681.0 2065.0 540.0 2187.0 542.0 plane 0
2047.0 687.0 1927.0 679.0 1933.0 541.0 2056.0 544.0 plane 0
4096.0 2865.0 4114.0 2864.0 4112.0 2919.0 4091.0 2918.0 helicopter 0
4119.0 2866.0 4141.0 2867.0 4138.0 2920.0 4114.0 2919.0 helicopter 0
4142.0 2877.0 4162.0 2876.0 4159.0 2926.0 4136.0 2926.0 helicopter 0
5579.0 1800.0 5418.0 1796.0 5411.0 1682.0 5580.0 1682.0 plane 0
5914.0 1817.0 5757.0 1798.0 5767.0 1678.0 5930.0 1690.0 plane 0
5828.0 2121.0 5663.0 2116.0 5669.0 1992.0 5830.0 1995.0 plane 0
5658.0 2119.0 5499.0 2110.0 5500.0 1985.0 5666.0 1998.0 plane 0
5494.0 2114.0 5331.0 2097.0 5335.0 1980.0 5499.0 1989.0 plane 0
5315.0 2106.0 5151.0 2085.0 5161.0 1968.0 5329.0 1982.0 plane 0
5141.0 2104.0 4976.0 2077.0 4988.0 1964.0 5153.0 1976.0 plane 0
5056.0 2185.0 4888.0 2174.0 4891.0 2058.0 5066.0 2067.0 plane 0
5228.0 2195.0 5066.0 2181.0 5074.0 2066.0 5241.0 2070.0 plane 0
5399.0 2205.0 5236.0 2192.0 5244.0 2070.0 5402.0 2074.0 plane 0
5573.0 2205.0 5412.0 2201.0 5405.0 2086.0 5572.0 2081.0 plane 0
5745.0 2212.0 5585.0 2215.0 5571.0 2096.0 5734.0 2081.0 plane 0
5912.0 2222.0 5749.0 2211.0 5754.0 2090.0 5920.0 2098.0 plane 0
5813.0 2529.0 5658.0 2521.0 5656.0 2402.0 5814.0 2410.0 plane 0
5644.0 2525.0 5480.0 2514.0 5486.0 2392.0 5645.0 2394.0 plane 0
5472.0 2519.0 5312.0 2510.0 5310.0 2390.0 5475.0 2388.0 plane 0
5744.0 1809.0 5582.0 1792.0 5595.0 1677.0 5757.0 1685.0 plane 0
5401.0 1794.0 5243.0 1786.0 5251.0 1673.0 5408.0 1668.0 plane 0
5842.0 1311.0 5677.0 1294.0 5690.0 1177.0 5855.0 1186.0 plane 0
5235.0 1784.0 5073.0 1780.0 5078.0 1663.0 5235.0 1659.0 plane 0
5493.0 1297.0 5333.0 1283.0 5341.0 1165.0 5501.0 1170.0 plane 0
5324.0 1289.0 5166.0 1277.0 5172.0 1157.0 5326.0 1159.0 plane 0
5152.0 1281.0 4991.0 1270.0 4990.0 1152.0 5154.0 1152.0 plane 0
5067.0 1377.0 4904.0 1363.0 4911.0 1244.0 5078.0 1252.0 plane 0
5238.0 1379.0 5078.0 1370.0 5078.0 1256.0 5243.0 1258.0 plane 0
5408.0 1393.0 5252.0 1379.0 5251.0 1263.0 5412.0 1264.0 plane 0
5580.0 1396.0 5420.0 1390.0 5419.0 1273.0 5583.0 1271.0 plane 0
5755.0 1398.0 5597.0 1392.0 5594.0 1280.0 5755.0 1278.0 plane 0
5925.0 1416.0 5758.0 1394.0 5771.0 1269.0 5936.0 1281.0 plane 0
5838.0 1716.0 5675.0 1706.0 5685.0 1580.0 5844.0 1584.0 plane 0
5662.0 1714.0 5498.0 1694.0 5516.0 1574.0 5680.0 1582.0 plane 0
5496.0 1698.0 5330.0 1696.0 5338.0 1568.0 5502.0 1566.0 plane 0
5312.0 1700.0 5157.0 1676.0 5167.0 1561.0 5325.0 1570.0 plane 0
5145.0 1691.0 4986.0 1676.0 4992.0 1556.0 5155.0 1562.0 plane 0
5060.0 1776.0 4906.0 1774.0 4908.0 1654.0 5067.0 1653.0 plane 0
5302.0 2514.0 5138.0 2500.0 5142.0 2380.0 5309.0 2389.0 plane 0
5129.0 2503.0 4966.0 2492.0 4973.0 2375.0 5132.0 2377.0 plane 0
5043.0 2603.0 4884.0 2588.0 4888.0 2464.0 5055.0 2469.0 plane 0
5220.0 2605.0 5056.0 2596.0 5058.0 2476.0 5224.0 2479.0 plane 0
1463.0 2804.0 1582.0 2816.0 1572.0 2951.0 1457.0 2949.0 plane 0
1589.0 2807.0 1647.0 2808.0 1642.0 2888.0 1584.0 2884.0 plane 0
4799.0 156.0 4796.0 169.0 4768.0 167.0 4768.0 157.0 small-vehicle 0
4893.0 152.0 4893.0 137.0 4925.0 138.0 4922.0 152.0 small-vehicle 0
4388.0 136.0 4390.0 127.0 4420.0 128.0 4418.0 137.0 small-vehicle 0
4123.0 128.0 4125.0 117.0 4154.0 121.0 4152.0 132.0 small-vehicle 0
6161.0 257.0 6160.0 268.0 6132.0 263.0 6132.0 254.0 small-vehicle 0
6266.0 269.0 6260.0 276.0 6236.0 276.0 6236.0 265.0 small-vehicle 0
87.0 2605.0 74.0 2605.0 75.0 2577.0 88.0 2577.0 small-vehicle 0
145.0 720.0 134.0 718.0 136.0 695.0 144.0 694.0 small-vehicle 0
148.0 652.0 136.0 655.0 138.0 631.0 149.0 631.0 small-vehicle 0
1740.0 155.0 1740.0 144.0 1767.0 142.0 1767.0 156.0 small-vehicle 0
1892.0 63.0 1896.0 54.0 1920.0 57.0 1916.0 69.0 small-vehicle 0
1994.0 75.0 1994.0 58.0 2016.0 58.0 2015.0 74.0 small-vehicle 0
122.0 1928.0 110.0 1931.0 110.0 1906.0 122.0 1906.0 small-vehicle 0
1330.0 2798.0 1452.0 2805.0 1441.0 2937.0 1321.0 2924.0 plane 0
1191.0 2797.0 1318.0 2804.0 1307.0 2915.0 1191.0 2904.0 plane 0
1086.0 2788.0 1177.0 2791.0 1177.0 2897.0 1087.0 2896.0 plane 0
5556.0 3067.0 5390.0 3054.0 5396.0 2931.0 5559.0 2935.0 plane 0
5376.0 2617.0 5223.0 2598.0 5242.0 2475.0 5398.0 2488.0 plane 0
5559.0 2618.0 5398.0 2605.0 5407.0 2486.0 5564.0 2498.0 plane 0
5727.0 2627.0 5568.0 2611.0 5574.0 2497.0 5739.0 2503.0 plane 0
5902.0 2637.0 5738.0 2621.0 5745.0 2497.0 5907.0 2503.0 plane 0
5889.0 3078.0 5733.0 3064.0 5738.0 2943.0 5901.0 2960.0 plane 0
5719.0 3067.0 5560.0 3061.0 5563.0 2938.0 5720.0 2941.0 plane 0
5380.0 3059.0 5213.0 3045.0 5223.0 2924.0 5390.0 2930.0 plane 0
994.0 2788.0 1088.0 2789.0 1090.0 2846.0 995.0 2844.0 plane 0
5210.0 3055.0 5046.0 3037.0 5055.0 2916.0 5221.0 2925.0 plane 0
5038.0 3052.0 4871.0 3036.0 4874.0 2910.0 5044.0 2915.0 plane 0
758.0 2799.0 815.0 2802.0 811.0 2855.0 756.0 2853.0 plane 0
844.0 2800.0 896.0 2798.0 897.0 2837.0 845.0 2839.0 plane 0
905.0 2789.0 939.0 2789.0 939.0 2847.0 904.0 2848.0 plane 0
947.0 2794.0 990.0 2794.0 991.0 2834.0 947.0 2834.0 plane 0
5667.0 1301.0 5507.0 1286.0 5514.0 1166.0 5678.0 1175.0 plane 0
5923.0 1003.0 5765.0 988.0 5772.0 874.0 5932.0 881.0 plane 0
4170.0 2866.0 4197.0 2866.0 4194.0 2932.0 4166.0 2928.0 helicopter 0
4448.0 2271.0 4282.0 2266.0 4280.0 2148.0 4448.0 2150.0 plane 0
4119.0 1965.0 3953.0 1962.0 3950.0 1801.0 4116.0 1798.0 plane 0
3780.0 1951.0 3619.0 1950.0 3620.0 1790.0 3784.0 1790.0 plane 0
3864.0 1821.0 3710.0 1815.0 3710.0 1658.0 3870.0 1661.0 plane 0
4038.0 1838.0 3869.0 1830.0 3873.0 1664.0 4039.0 1668.0 plane 0
4208.0 1838.0 4041.0 1839.0 4046.0 1670.0 4210.0 1669.0 plane 0
4373.0 1847.0 4216.0 1845.0 4216.0 1675.0 4372.0 1676.0 plane 0
4542.0 1851.0 4385.0 1844.0 4387.0 1683.0 4544.0 1682.0 plane 0
4618.0 1497.0 4500.0 1487.0 4506.0 1346.0 4619.0 1347.0 plane 0
4482.0 1490.0 4367.0 1478.0 4378.0 1340.0 4491.0 1343.0 plane 0
4345.0 1491.0 4226.0 1473.0 4248.0 1332.0 4363.0 1342.0 plane 0
4224.0 1478.0 4109.0 1481.0 4100.0 1337.0 4219.0 1331.0 plane 0
4092.0 1475.0 3982.0 1469.0 3983.0 1327.0 4094.0 1323.0 plane 0
3978.0 1468.0 3854.0 1463.0 3854.0 1324.0 3976.0 1319.0 plane 0
3849.0 1466.0 3738.0 1463.0 3736.0 1318.0 3850.0 1318.0 plane 0
3775.0 1367.0 3662.0 1351.0 3670.0 1214.0 3788.0 1219.0 plane 0
4289.0 1970.0 4126.0 1963.0 4123.0 1805.0 4292.0 1805.0 plane 0
4274.0 2273.0 4109.0 2256.0 4114.0 2137.0 4282.0 2148.0 plane 0
5755.0 997.0 5595.0 982.0 5600.0 865.0 5765.0 874.0 plane 0
4099.0 2263.0 3938.0 2258.0 3938.0 2135.0 4101.0 2140.0 plane 0
4197.0 2874.0 4230.0 2873.0 4228.0 2957.0 4196.0 2956.0 helicopter 0
4230.0 2869.0 4253.0 2868.0 4255.0 2930.0 4231.0 2930.0 helicopter 0
4262.0 2872.0 4293.0 2871.0 4297.0 2946.0 4266.0 2944.0 helicopter 0
4297.0 2874.0 4312.0 2874.0 4316.0 2917.0 4299.0 2917.0 helicopter 0
4385.0 2871.0 4411.0 2870.0 4413.0 2939.0 4384.0 2937.0 helicopter 0
4420.0 2882.0 4510.0 2887.0 4508.0 2934.0 4418.0 2928.0 plane 0
4526.0 2880.0 4591.0 2885.0 4587.0 2935.0 4520.0 2929.0 plane 0
4529.0 2628.0 4445.0 2626.0 4444.0 2560.0 4531.0 2559.0 plane 0
4429.0 2625.0 4342.0 2621.0 4344.0 2570.0 4435.0 2572.0 plane 0
4291.0 2619.0 4222.0 2612.0 4222.0 2562.0 4297.0 2566.0 plane 0
4204.0 2605.0 4146.0 2600.0 4152.0 2544.0 4210.0 2547.0 plane 0
4151.0 2602.0 4049.0 2591.0 4060.0 2519.0 4159.0 2526.0 plane 0
4011.0 2612.0 3853.0 2610.0 3848.0 2452.0 4010.0 2447.0 plane 0
3839.0 2612.0 3744.0 2606.0 3748.0 2532.0 3848.0 2536.0 plane 0
3926.0 2260.0 3769.0 2260.0 3768.0 2138.0 3927.0 2136.0 plane 0
3911.0 1376.0 3800.0 1359.0 3810.0 1216.0 3922.0 1223.0 plane 0
4040.0 1380.0 3918.0 1367.0 3927.0 1225.0 4044.0 1228.0 plane 0
4157.0 1384.0 4042.0 1371.0 4057.0 1231.0 4170.0 1239.0 plane 0
4292.0 1389.0 4170.0 1379.0 4181.0 1236.0 4296.0 1241.0 plane 0
3900.0 580.0 3739.0 567.0 3743.0 443.0 3908.0 449.0 plane 0
5072.0 561.0 4911.0 547.0 4910.0 430.0 5082.0 434.0 plane 0
5242.0 567.0 5083.0 555.0 5085.0 437.0 5250.0 444.0 plane 0
5418.0 576.0 5253.0 566.0 5252.0 443.0 5423.0 452.0 plane 0
5585.0 579.0 5428.0 566.0 5436.0 448.0 5593.0 455.0 plane 0
5759.0 588.0 5600.0 575.0 5604.0 450.0 5762.0 460.0 plane 0
5929.0 596.0 5769.0 582.0 5777.0 462.0 5939.0 471.0 plane 0
5844.0 904.0 5684.0 890.0 5688.0 768.0 5854.0 777.0 plane 0
5496.0 888.0 5338.0 871.0 5350.0 754.0 5509.0 760.0 plane 0
5327.0 883.0 5161.0 868.0 5170.0 737.0 5333.0 744.0 plane 0
5155.0 873.0 4992.0 862.0 4994.0 737.0 5157.0 741.0 plane 0
5068.0 965.0 4905.0 958.0 4906.0 836.0 5070.0 842.0 plane 0
5241.0 978.0 5079.0 964.0 5082.0 847.0 5246.0 853.0 plane 0
5411.0 978.0 5255.0 974.0 5252.0 853.0 5407.0 850.0 plane 0
5581.0 989.0 5420.0 973.0 5428.0 850.0 5589.0 858.0 plane 0
4075.0 582.0 3907.0 569.0 3915.0 451.0 4082.0 458.0 plane 0
4241.0 589.0 4083.0 571.0 4096.0 456.0 4253.0 470.0 plane 0
4412.0 595.0 4252.0 580.0 4256.0 462.0 4426.0 466.0 plane 0
3960.0 983.0 3800.0 969.0 3805.0 854.0 3965.0 861.0 plane 0
4424.0 1393.0 4304.0 1383.0 4312.0 1240.0 4425.0 1245.0 plane 0
4548.0 1400.0 4436.0 1394.0 4442.0 1247.0 4557.0 1250.0 plane 0
4646.0 1008.0 4485.0 993.0 4488.0 872.0 4658.0 884.0 plane 0
4473.0 1002.0 4314.0 990.0 4319.0 867.0 4484.0 875.0 plane 0
4297.0 996.0 4136.0 982.0 4144.0 864.0 4311.0 875.0 plane 0
4132.0 988.0 3972.0 976.0 3972.0 861.0 4132.0 864.0 plane 0
3789.0 977.0 3628.0 967.0 3633.0 846.0 3793.0 854.0 plane 0
4590.0 598.0 4425.0 590.0 4426.0 466.0 4594.0 466.0 plane 0
3810.0 669.0 3647.0 652.0 3662.0 530.0 3824.0 542.0 plane 0
3988.0 664.0 3824.0 665.0 3812.0 548.0 3983.0 541.0 plane 0
4149.0 680.0 3988.0 658.0 4002.0 540.0 4168.0 552.0 plane 0
4332.0 681.0 4164.0 674.0 4163.0 552.0 4330.0 553.0 plane 0
4501.0 689.0 4341.0 679.0 4344.0 558.0 4504.0 561.0 plane 0
4668.0 700.0 4506.0 677.0 4521.0 559.0 4682.0 576.0 plane 0
756.0 704.0 536.0 695.0 549.0 506.0 766.0 514.0 plane 0
