imagesource:GoogleEarth
gsd:0.13692435515
328.0 196.0 358.0 209.0 265.0 342.0 241.0 325.0 ship 0
606.0 870.0 629.0 836.0 819.0 985.0 800.0 1012.0 ship 1
2422.0 2563.0 2365.0 2523.0 2795.0 1775.0 2849.0 1808.0 harbor 0
2189.0 1966.0 2222.0 1896.0 2549.0 2055.0 2512.0 2133.0 ship 1
246.0 2202.0 278.0 2130.0 638.0 2315.0 606.0 2390.0 ship 1
469.0 143.0 506.0 173.0 342.0 383.0 300.0 352.0 ship 1
298.0 673.0 329.0 636.0 550.0 802.0 519.0 843.0 ship 1
518.0 983.0 546.0 952.0 765.0 1120.0 729.0 1168.0 ship 1
573.0 916.0 603.0 872.0 813.0 1023.0 785.0 1068.0 ship 1
560.0 955.0 582.0 922.0 792.0 1073.0 762.0 1116.0 ship 1
723.0 1170.0 690.0 1202.0 529.0 1040.0 553.0 1016.0 ship 1
623.0 822.0 645.0 789.0 842.0 949.0 816.0 979.0 ship 1
439.0 106.0 466.0 122.0 372.0 266.0 342.0 246.0 ship 1
290.0 722.0 310.0 688.0 513.0 845.0 489.0 885.0 ship 1
589.0 735.0 562.0 770.0 356.0 599.0 385.0 566.0 ship 1
669.0 328.0 700.0 348.0 563.0 520.0 535.0 496.0 ship 1
632.0 305.0 663.0 328.0 535.0 486.0 511.0 456.0 ship 1
359.0 653.0 382.0 622.0 535.0 749.0 512.0 778.0 ship 1
279.0 759.0 299.0 733.0 462.0 865.0 442.0 899.0 ship 1
595.0 290.0 619.0 312.0 506.0 458.0 485.0 443.0 ship 1
700.0 355.0 732.0 379.0 615.0 519.0 588.0 496.0 ship 1
569.0 252.0 602.0 275.0 488.0 436.0 455.0 412.0 ship 1
1199.0 1253.0 343.0 528.0 630.0 189.0 1476.0 918.0 harbor 0
