imagesource:GoogleEarth
gsd:0.119724832476
1359.0 1497.0 1352.0 1509.0 1323.0 1488.0 1331.0 1476.0 small-vehicle 1
1402.0 571.0 1386.0 591.0 1336.0 547.0 1351.0 528.0 large-vehicle 0
1611.0 401.0 1602.0 418.0 1560.0 390.0 1570.0 372.0 large-vehicle 0
1627.0 378.0 1617.0 396.0 1544.0 352.0 1554.0 331.0 large-vehicle 0
1680.0 419.0 1671.0 435.0 1621.0 410.0 1628.0 388.0 large-vehicle 0
1672.0 442.0 1662.0 455.0 1607.0 427.0 1615.0 407.0 large-vehicle 0
1556.0 392.0 1544.0 411.0 1474.0 369.0 1487.0 344.0 large-vehicle 0
1637.0 479.0 1624.0 496.0 1558.0 453.0 1570.0 433.0 large-vehicle 0
1607.0 527.0 1592.0 547.0 1532.0 511.0 1544.0 489.0 large-vehicle 0
1591.0 551.0 1576.0 574.0 1517.0 535.0 1532.0 511.0 large-vehicle 0
1575.0 580.0 1558.0 600.0 1496.0 560.0 1507.0 536.0 large-vehicle 0
1543.0 600.0 1530.0 621.0 1450.0 576.0 1462.0 550.0 large-vehicle 0
1442.0 569.0 1427.0 587.0 1377.0 548.0 1387.0 527.0 large-vehicle 0
1505.0 536.0 1492.0 555.0 1445.0 530.0 1460.0 502.0 large-vehicle 0
1522.0 508.0 1508.0 532.0 1448.0 495.0 1460.0 471.0 large-vehicle 0
1275.0 499.0 1262.0 516.0 1213.0 479.0 1228.0 456.0 large-vehicle 0
1360.0 1078.0 1348.0 1067.0 1375.0 1032.0 1388.0 1040.0 large-vehicle 0
1335.0 475.0 1321.0 492.0 1280.0 460.0 1294.0 442.0 large-vehicle 0
1349.0 440.0 1335.0 458.0 1299.0 430.0 1311.0 410.0 large-vehicle 0
1453.0 470.0 1439.0 488.0 1397.0 460.0 1408.0 436.0 large-vehicle 0
1464.0 436.0 1450.0 454.0 1386.0 414.0 1398.0 394.0 large-vehicle 0
1535.0 448.0 1523.0 467.0 1474.0 438.0 1484.0 416.0 large-vehicle 0
1399.0 431.0 1385.0 452.0 1338.0 424.0 1350.0 400.0 large-vehicle 0
1394.0 389.0 1383.0 407.0 1342.0 384.0 1354.0 361.0 large-vehicle 0
1416.0 368.0 1403.0 391.0 1358.0 363.0 1371.0 336.0 large-vehicle 0
1446.0 353.0 1434.0 373.0 1388.0 348.0 1400.0 324.0 large-vehicle 0
1480.0 408.0 1467.0 427.0 1410.0 392.0 1422.0 367.0 large-vehicle 0
1620.0 503.0 1610.0 521.0 1536.0 480.0 1547.0 456.0 large-vehicle 0
209.0 928.0 202.0 950.0 147.0 932.0 154.0 907.0 large-vehicle 0
1068.0 1248.0 1066.0 1264.0 1017.0 1260.0 1020.0 1243.0 large-vehicle 0
1643.0 353.0 1631.0 372.0 1567.0 335.0 1576.0 314.0 large-vehicle 0
1405.0 514.0 1396.0 529.0 1330.0 491.0 1342.0 466.0 large-vehicle 0
1270.0 527.0 1254.0 544.0 1182.0 488.0 1197.0 469.0 large-vehicle 0
1203.0 1086.0 1183.0 1073.0 1226.0 1008.0 1248.0 1017.0 large-vehicle 0
254.0 792.0 246.0 812.0 173.0 782.0 182.0 758.0 large-vehicle 0
618.0 687.0 596.0 684.0 598.0 627.0 623.0 629.0 large-vehicle 0
224.0 817.0 215.0 836.0 132.0 802.0 140.0 778.0 large-vehicle 0
209.0 890.0 206.0 907.0 144.0 896.0 146.0 871.0 large-vehicle 0
144.0 846.0 143.0 866.0 82.0 855.0 85.0 829.0 large-vehicle 0
143.0 871.0 139.0 893.0 90.0 882.0 95.0 856.0 large-vehicle 0
664.0 957.0 656.0 973.0 596.0 952.0 603.0 928.0 large-vehicle 0
599.0 926.0 592.0 948.0 532.0 923.0 544.0 899.0 large-vehicle 0
573.0 1136.0 562.0 1157.0 514.0 1134.0 523.0 1108.0 large-vehicle 0
651.0 983.0 642.0 1007.0 584.0 983.0 594.0 955.0 large-vehicle 0
678.0 923.0 668.0 947.0 618.0 929.0 626.0 902.0 large-vehicle 0
246.0 996.0 274.0 1000.0 242.0 1139.0 216.0 1130.0 large-vehicle 0
903.0 1375.0 892.0 1399.0 755.0 1348.0 766.0 1320.0 large-vehicle 0
1114.0 1433.0 1110.0 1455.0 1032.0 1444.0 1034.0 1417.0 large-vehicle 0
1135.0 1404.0 1131.0 1428.0 1055.0 1414.0 1061.0 1385.0 large-vehicle 0
1148.0 1374.0 1144.0 1398.0 1072.0 1380.0 1073.0 1356.0 large-vehicle 0
1364.0 1166.0 1343.0 1147.0 1426.0 1036.0 1446.0 1049.0 large-vehicle 0
1428.0 944.0 1410.0 927.0 1453.0 869.0 1479.0 880.0 large-vehicle 0
1458.0 958.0 1439.0 945.0 1466.0 902.0 1487.0 915.0 large-vehicle 0
1496.0 908.0 1478.0 894.0 1506.0 851.0 1529.0 863.0 large-vehicle 0
1316.0 994.0 1299.0 980.0 1378.0 870.0 1402.0 884.0 large-vehicle 0
1268.0 1046.0 1250.0 1031.0 1293.0 984.0 1312.0 999.0 large-vehicle 0
1324.0 1091.0 1302.0 1078.0 1352.0 1000.0 1376.0 1010.0 large-vehicle 0
1315.0 1043.0 1295.0 1029.0 1343.0 967.0 1360.0 978.0 large-vehicle 0
1390.0 999.0 1369.0 983.0 1397.0 938.0 1418.0 951.0 large-vehicle 0
1276.0 1156.0 1255.0 1139.0 1291.0 1084.0 1318.0 1100.0 large-vehicle 0
1255.0 1126.0 1236.0 1110.0 1274.0 1055.0 1298.0 1067.0 large-vehicle 0
1051.0 1272.0 1048.0 1287.0 998.0 1280.0 1000.0 1263.0 large-vehicle 0
1270.0 923.0 1288.0 932.0 1242.0 1003.0 1224.0 989.0 large-vehicle 0
103.0 821.0 110.0 802.0 154.0 818.0 147.0 839.0 small-vehicle 0
1898.0 381.0 1890.0 413.0 1835.0 391.0 1843.0 361.0 large-vehicle 0
1554.0 665.0 1534.0 649.0 1561.0 608.0 1582.0 623.0 large-vehicle 0
1524.0 621.0 1513.0 645.0 1465.0 608.0 1477.0 589.0 large-vehicle 0
1457.0 544.0 1445.0 567.0 1402.0 532.0 1416.0 513.0 large-vehicle 0
1230.0 907.0 1230.0 879.0 1285.0 878.0 1283.0 906.0 large-vehicle 0
1270.0 1006.0 1256.0 992.0 1294.0 943.0 1313.0 958.0 large-vehicle 0
1428.0 958.0 1448.0 972.0 1411.0 1016.0 1395.0 1001.0 large-vehicle 0
1833.0 846.0 1826.0 865.0 1790.0 852.0 1795.0 832.0 small-vehicle 0
1677.0 684.0 1673.0 710.0 1614.0 702.0 1619.0 673.0 large-vehicle 0
1691.0 657.0 1689.0 686.0 1629.0 675.0 1635.0 646.0 large-vehicle 0
1799.0 588.0 1773.0 572.0 1814.0 522.0 1836.0 539.0 large-vehicle 0
1916.0 354.0 1909.0 381.0 1853.0 364.0 1857.0 336.0 large-vehicle 0
1785.0 442.0 1764.0 428.0 1795.0 380.0 1815.0 394.0 large-vehicle 0
1759.0 489.0 1737.0 475.0 1763.0 428.0 1787.0 443.0 large-vehicle 0
1876.0 408.0 1873.0 436.0 1816.0 422.0 1822.0 395.0 large-vehicle 0
1108.0 1103.0 1099.0 1123.0 1026.0 1093.0 1035.0 1071.0 large-vehicle 0
1860.0 432.0 1856.0 461.0 1796.0 446.0 1803.0 420.0 large-vehicle 0
1835.0 460.0 1826.0 489.0 1775.0 472.0 1780.0 445.0 large-vehicle 0
1819.0 487.0 1809.0 518.0 1757.0 494.0 1765.0 470.0 large-vehicle 0
1790.0 513.0 1789.0 539.0 1731.0 528.0 1737.0 498.0 large-vehicle 0
1771.0 539.0 1768.0 569.0 1715.0 555.0 1720.0 529.0 large-vehicle 0
1755.0 569.0 1749.0 600.0 1692.0 586.0 1697.0 556.0 large-vehicle 0
1733.0 602.0 1728.0 632.0 1676.0 616.0 1678.0 590.0 large-vehicle 0
1709.0 628.0 1710.0 658.0 1649.0 647.0 1651.0 616.0 large-vehicle 0
1735.0 770.0 1752.0 782.0 1729.0 814.0 1713.0 798.0 small-vehicle 0
1931.0 727.0 1947.0 713.0 1977.0 742.0 1965.0 758.0 small-vehicle 0
1978.0 742.0 1995.0 757.0 1972.0 787.0 1955.0 773.0 small-vehicle 0
1982.0 865.0 1974.0 881.0 1937.0 860.0 1946.0 845.0 small-vehicle 0
1929.0 881.0 1938.0 866.0 1971.0 887.0 1962.0 903.0 small-vehicle 0
1487.0 345.0 1474.0 367.0 1433.0 334.0 1447.0 312.0 large-vehicle 0
1348.0 402.0 1334.0 421.0 1294.0 388.0 1308.0 372.0 large-vehicle 0
1287.0 436.0 1271.0 456.0 1232.0 420.0 1251.0 399.0 large-vehicle 0
1309.0 409.0 1295.0 432.0 1253.0 397.0 1270.0 378.0 large-vehicle 0
1424.0 746.0 1427.0 725.0 1472.0 729.0 1471.0 744.0 large-vehicle 0
1501.0 687.0 1500.0 704.0 1452.0 699.0 1454.0 680.0 large-vehicle 0
1316.0 539.0 1300.0 550.0 1268.0 521.0 1278.0 507.0 large-vehicle 0
1310.0 568.0 1298.0 579.0 1260.0 551.0 1269.0 535.0 large-vehicle 0
1387.0 595.0 1375.0 607.0 1332.0 576.0 1344.0 559.0 large-vehicle 0
1455.0 506.0 1445.0 522.0 1399.0 494.0 1412.0 476.0 large-vehicle 0
1398.0 469.0 1388.0 484.0 1340.0 451.0 1356.0 434.0 large-vehicle 0
1698.0 379.0 1687.0 393.0 1648.0 368.0 1657.0 354.0 large-vehicle 0
1690.0 398.0 1680.0 415.0 1636.0 394.0 1645.0 375.0 large-vehicle 0
1404.0 928.0 1385.0 916.0 1437.0 842.0 1455.0 853.0 large-vehicle 0
563.0 754.0 544.0 751.0 552.0 716.0 570.0 720.0 small-vehicle 0
640.0 671.0 624.0 670.0 627.0 640.0 642.0 640.0 small-vehicle 0
770.0 678.0 753.0 672.0 762.0 641.0 778.0 645.0 small-vehicle 0
586.0 668.0 565.0 665.0 575.0 616.0 592.0 618.0 small-vehicle 0
856.0 643.0 870.0 659.0 846.0 686.0 831.0 668.0 small-vehicle 0
1118.0 1158.0 1112.0 1180.0 1074.0 1173.0 1079.0 1151.0 small-vehicle 0
1040.0 1747.0 1021.0 1750.0 1016.0 1702.0 1036.0 1701.0 small-vehicle 0
1414.0 1359.0 1426.0 1342.0 1454.0 1361.0 1444.0 1378.0 small-vehicle 0
1148.0 1562.0 1164.0 1577.0 1140.0 1605.0 1123.0 1593.0 small-vehicle 0
1456.0 1154.0 1472.0 1170.0 1446.0 1196.0 1431.0 1182.0 small-vehicle 0
1369.0 797.0 1370.0 774.0 1412.0 782.0 1411.0 804.0 small-vehicle 0
1398.0 763.0 1401.0 742.0 1438.0 749.0 1438.0 766.0 small-vehicle 0
1418.0 785.0 1418.0 765.0 1464.0 765.0 1464.0 785.0 small-vehicle 0
1392.0 680.0 1375.0 672.0 1397.0 638.0 1412.0 648.0 small-vehicle 0
1410.0 693.0 1395.0 680.0 1418.0 650.0 1434.0 661.0 small-vehicle 0
1426.0 709.0 1410.0 695.0 1434.0 664.0 1450.0 675.0 small-vehicle 0
1347.0 370.0 1337.0 388.0 1291.0 357.0 1307.0 337.0 large-vehicle 0
247.0 758.0 235.0 776.0 170.0 747.0 179.0 719.0 large-vehicle 0
