imagesource:GoogleEarth
gsd:0.284865884922
3070.0 2636.0 3103.0 2738.0 3158.0 2724.0 3125.0 2618.0 basketball-court 0
2759.0 1443.0 2927.0 1422.0 2943.0 1550.0 2774.0 1571.0 soccer-ball-field 0
278.0 3051.0 372.0 3033.0 381.0 3081.0 287.0 3100.0 basketball-court 0
327.0 3107.0 378.0 3097.0 397.0 3193.0 347.0 3202.0 basketball-court 0
192.0 2765.0 260.0 2743.0 302.0 2875.0 236.0 2898.0 soccer-ball-field 0
1520.0 2459.0 1682.0 2488.0 1627.0 2793.0 1482.0 2768.0 ground-track-field 0
1542.0 2534.0 1636.0 2551.0 1629.0 2602.0 1534.0 2582.0 basketball-court 0
1524.0 2595.0 1631.0 2614.0 1623.0 2661.0 1515.0 2647.0 basketball-court 0
1516.0 2654.0 1619.0 2671.0 1611.0 2720.0 1505.0 2705.0 basketball-court 0
1354.0 1674.0 1454.0 1661.0 1463.0 1714.0 1360.0 1730.0 basketball-court 1
1345.0 1624.0 1446.0 1611.0 1454.0 1658.0 1349.0 1673.0 basketball-court 1
1578.0 876.0 1756.0 876.0 1756.0 1286.0 1578.0 1286.0 ground-track-field 0
1609.0 949.0 1729.0 949.0 1729.0 1122.0 1609.0 1122.0 soccer-ball-field 0
1758.0 887.0 1811.0 887.0 1811.0 989.0 1758.0 989.0 basketball-court 0
1811.0 887.0 1865.0 887.0 1865.0 989.0 1811.0 989.0 basketball-court 0
1756.0 1081.0 1811.0 1081.0 1811.0 1178.0 1756.0 1178.0 basketball-court 0
1811.0 1082.0 1866.0 1082.0 1866.0 1180.0 1811.0 1180.0 basketball-court 0
2800.0 1677.0 2853.0 1669.0 2869.0 1766.0 2816.0 1771.0 basketball-court 0
2873.0 1665.0 2924.0 1657.0 2938.0 1754.0 2887.0 1761.0 basketball-court 0
2818.0 1793.0 2870.0 1784.0 2885.0 1877.0 2830.0 1887.0 basketball-court 0
2889.0 1783.0 2941.0 1773.0 2954.0 1868.0 2903.0 1873.0 basketball-court 0
2835.0 1908.0 2888.0 1898.0 2902.0 1990.0 2849.0 2000.0 basketball-court 0
2905.0 1899.0 2958.0 1888.0 2973.0 1981.0 2920.0 1987.0 basketball-court 0
126.0 2697.0 276.0 2643.0 371.0 2939.0 217.0 2980.0 ground-track-field 0
