imagesource:GoogleEarth
gsd:0.120141586859
99.0 79.0 107.0 59.0 146.0 69.0 139.0 92.0 small-vehicle 1
59.0 795.0 53.0 819.0 4.0 805.0 9.0 782.0 large-vehicle 0
142.0 727.0 144.0 707.0 219.0 714.0 217.0 734.0 large-vehicle 0
145.0 698.0 145.0 678.0 209.0 683.0 209.0 703.0 large-vehicle 0
149.0 669.0 150.0 648.0 217.0 656.0 216.0 676.0 large-vehicle 0
151.0 642.0 153.0 619.0 219.0 628.0 219.0 646.0 large-vehicle 0
155.0 610.0 158.0 588.0 219.0 597.0 218.0 615.0 large-vehicle 0
293.0 576.0 289.0 595.0 234.0 590.0 235.0 570.0 large-vehicle 0
161.0 582.0 162.0 562.0 225.0 567.0 224.0 584.0 large-vehicle 0
162.0 555.0 161.0 535.0 220.0 539.0 218.0 560.0 large-vehicle 0
170.0 527.0 169.0 504.0 222.0 507.0 220.0 529.0 large-vehicle 0
193.0 451.0 191.0 432.0 246.0 431.0 245.0 451.0 large-vehicle 0
299.0 544.0 295.0 563.0 228.0 559.0 229.0 534.0 large-vehicle 0
299.0 523.0 297.0 538.0 243.0 532.0 245.0 512.0 large-vehicle 0
298.0 494.0 297.0 511.0 240.0 506.0 243.0 483.0 large-vehicle 0
297.0 464.0 295.0 480.0 243.0 477.0 243.0 457.0 large-vehicle 0
352.0 389.0 331.0 390.0 326.0 335.0 346.0 335.0 large-vehicle 0
325.0 394.0 301.0 394.0 297.0 338.0 322.0 337.0 large-vehicle 0
282.0 394.0 263.0 394.0 260.0 339.0 281.0 338.0 large-vehicle 0
259.0 391.0 238.0 392.0 235.0 339.0 256.0 339.0 large-vehicle 0
217.0 396.0 198.0 397.0 192.0 344.0 217.0 344.0 large-vehicle 0
273.0 748.0 273.0 772.0 130.0 760.0 131.0 732.0 large-vehicle 0
298.0 721.0 294.0 744.0 226.0 738.0 229.0 714.0 large-vehicle 0
287.0 662.0 284.0 683.0 219.0 677.0 221.0 652.0 large-vehicle 0
42.0 466.0 30.0 446.0 65.0 420.0 77.0 442.0 large-vehicle 0
127.0 397.0 108.0 399.0 109.0 350.0 124.0 350.0 large-vehicle 0
153.0 400.0 134.0 401.0 131.0 360.0 149.0 360.0 small-vehicle 0
239.0 281.0 259.0 281.0 257.0 320.0 239.0 322.0 small-vehicle 0
173.0 290.0 191.0 288.0 193.0 323.0 173.0 325.0 small-vehicle 0
152.0 291.0 169.0 291.0 172.0 326.0 154.0 328.0 small-vehicle 0
153.0 232.0 135.0 233.0 131.0 190.0 151.0 189.0 small-vehicle 0
382.0 170.0 362.0 171.0 361.0 131.0 379.0 130.0 large-vehicle 0
105.0 416.0 82.0 415.0 85.0 367.0 105.0 366.0 large-vehicle 0
215.0 218.0 217.0 234.0 177.0 237.0 173.0 218.0 large-vehicle 0
281.0 691.0 278.0 712.0 209.0 706.0 213.0 679.0 large-vehicle 0
371.0 656.0 372.0 631.0 438.0 639.0 436.0 660.0 large-vehicle 0
311.0 871.0 335.0 875.0 326.0 931.0 301.0 928.0 large-vehicle 0
131.0 849.0 154.0 849.0 145.0 905.0 122.0 902.0 large-vehicle 0
63.0 841.0 81.0 844.0 76.0 896.0 51.0 890.0 large-vehicle 0
506.0 761.0 503.0 785.0 363.0 770.0 362.0 744.0 large-vehicle 0
362.0 739.0 362.0 718.0 424.0 726.0 422.0 744.0 large-vehicle 0
439.0 783.0 437.0 804.0 355.0 800.0 358.0 771.0 large-vehicle 0
474.0 338.0 476.0 357.0 418.0 360.0 417.0 334.0 large-vehicle 0
196.0 400.0 174.0 400.0 172.0 347.0 192.0 347.0 large-vehicle 0
