imagesource:GoogleEarth
gsd:0.138333225033
2589.0 1018.0 3079.0 1023.0 3054.0 1771.0 2562.0 1767.0 soccer-ball-field 0
2474.0 750.0 3180.0 750.0 3180.0 2040.0 2474.0 2040.0 ground-track-field 0
900.0 1657.0 1003.0 1657.0 1002.0 1854.0 890.0 1855.0 basketball-court 0
773.0 1657.0 884.0 1658.0 875.0 1857.0 767.0 1852.0 basketball-court 0
658.0 1656.0 759.0 1658.0 751.0 1852.0 647.0 1852.0 basketball-court 0
537.0 1662.0 638.0 1662.0 630.0 1851.0 525.0 1852.0 basketball-court 0
412.0 1658.0 519.0 1659.0 511.0 1850.0 404.0 1851.0 basketball-court 0
288.0 1662.0 396.0 1661.0 386.0 1853.0 280.0 1855.0 basketball-court 0
359.0 1305.0 464.0 1305.0 464.0 1502.0 359.0 1502.0 basketball-court 0
358.0 1055.0 470.0 1055.0 470.0 1254.0 358.0 1254.0 basketball-court 0
353.0 810.0 464.0 810.0 464.0 1010.0 353.0 1010.0 basketball-court 0
497.0 785.0 996.0 785.0 996.0 1540.0 497.0 1540.0 soccer-ball-field 0
