imagesource:GoogleEarth
gsd:0.139201632631
3310.0 2507.0 3327.0 2516.0 3310.0 2545.0 3294.0 2536.0 small-vehicle 1
3671.0 1888.0 3667.0 1902.0 3635.0 1889.0 3640.0 1877.0 small-vehicle 1
167.0 2019.0 157.0 2040.0 121.0 2015.0 132.0 1998.0 small-vehicle 1
1410.0 575.0 1402.0 599.0 1365.0 584.0 1379.0 561.0 small-vehicle 1
1421.0 556.0 1413.0 578.0 1380.0 565.0 1390.0 541.0 small-vehicle 1
1432.0 532.0 1421.0 554.0 1388.0 539.0 1397.0 514.0 small-vehicle 1
1438.0 384.0 1423.0 363.0 1458.0 346.0 1467.0 367.0 small-vehicle 1
2445.0 1360.0 3069.0 1620.0 2561.0 2672.0 1952.0 2418.0 ground-track-field 0
2521.0 2050.0 2666.0 2116.0 2548.0 2370.0 2400.0 2307.0 basketball-court 0
2360.0 1977.0 2503.0 2049.0 2382.0 2295.0 2237.0 2225.0 basketball-court 0
2649.0 1766.0 2795.0 1832.0 2682.0 2085.0 2532.0 2020.0 basketball-court 0
2487.0 1689.0 2636.0 1757.0 2527.0 2014.0 2372.0 1941.0 basketball-court 0
1370.0 813.0 2003.0 1088.0 1487.0 2264.0 837.0 2010.0 ground-track-field 0
1365.0 1117.0 1805.0 1318.0 1510.0 1961.0 1070.0 1758.0 soccer-ball-field 0
578.0 1818.0 730.0 1886.0 699.0 1954.0 535.0 1887.0 tennis-court 0
631.0 1698.0 785.0 1765.0 747.0 1836.0 596.0 1769.0 tennis-court 0
966.0 1157.0 1066.0 1202.0 988.0 1378.0 887.0 1332.0 basketball-court 0
845.0 1100.0 938.0 1142.0 858.0 1321.0 760.0 1275.0 basketball-court 0
1063.0 948.0 1162.0 992.0 1081.0 1168.0 981.0 1124.0 basketball-court 0
906.0 2305.0 918.0 2281.0 958.0 2302.0 946.0 2323.0 small-vehicle 1
1807.0 2177.0 1828.0 2187.0 1811.0 2229.0 1789.0 2221.0 small-vehicle 1
1260.0 2542.0 1250.0 2564.0 1210.0 2546.0 1224.0 2523.0 small-vehicle 1
3511.0 1815.0 3496.0 1836.0 3467.0 1815.0 3475.0 1793.0 small-vehicle 1
3602.0 1851.0 3608.0 1838.0 3636.0 1847.0 3635.0 1862.0 small-vehicle 1
3581.0 1848.0 3577.0 1861.0 3547.0 1850.0 3553.0 1836.0 small-vehicle 1
3616.0 1869.0 3610.0 1881.0 3587.0 1871.0 3592.0 1858.0 small-vehicle 1
3229.0 2478.0 3249.0 2496.0 3215.0 2528.0 3202.0 2508.0 small-vehicle 1
3263.0 2497.0 3281.0 2512.0 3255.0 2551.0 3236.0 2537.0 small-vehicle 1
3278.0 2518.0 3294.0 2532.0 3276.0 2557.0 3259.0 2547.0 small-vehicle 1
3546.0 1829.0 3537.0 1850.0 3499.0 1837.0 3514.0 1813.0 small-vehicle 1
3045.0 2120.0 3072.0 2120.0 3070.0 2162.0 3046.0 2163.0 small-vehicle 1
374.0 2593.0 385.0 2570.0 427.0 2582.0 419.0 2606.0 small-vehicle 1
3047.0 2072.0 3072.0 2070.0 3072.0 2114.0 3049.0 2116.0 small-vehicle 1
3048.0 2023.0 3069.0 2023.0 3072.0 2061.0 3050.0 2062.0 small-vehicle 1
3039.0 92.0 3048.0 69.0 3087.0 86.0 3081.0 106.0 small-vehicle 1
1976.0 256.0 1964.0 274.0 1931.0 252.0 1942.0 233.0 small-vehicle 1
2639.0 195.0 2617.0 185.0 2638.0 145.0 2658.0 159.0 small-vehicle 1
2490.0 372.0 2465.0 361.0 2483.0 322.0 2505.0 333.0 small-vehicle 1
422.0 2606.0 432.0 2586.0 470.0 2601.0 463.0 2619.0 small-vehicle 1
939.0 887.0 1036.0 933.0 953.0 1112.0 857.0 1066.0 basketball-court 0
