imagesource:GoogleEarth
gsd:0.115996537826
872.0 27.0 888.0 24.0 895.0 53.0 880.0 58.0 small-vehicle 0
801.0 715.0 779.0 728.0 759.0 685.0 779.0 674.0 large-vehicle 0
498.0 398.0 477.0 404.0 430.0 268.0 451.0 259.0 large-vehicle 0
471.0 411.0 449.0 416.0 404.0 282.0 428.0 274.0 large-vehicle 0
404.0 456.0 407.0 478.0 318.0 503.0 311.0 479.0 large-vehicle 0
549.0 453.0 526.0 456.0 502.0 366.0 523.0 358.0 large-vehicle 0
597.0 481.0 572.0 487.0 535.0 354.0 559.0 347.0 large-vehicle 0
635.0 471.0 607.0 478.0 568.0 344.0 595.0 335.0 large-vehicle 0
708.0 466.0 685.0 472.0 640.0 321.0 665.0 312.0 large-vehicle 0
736.0 439.0 714.0 446.0 674.0 311.0 696.0 302.0 large-vehicle 0
770.0 371.0 745.0 380.0 723.0 297.0 747.0 290.0 large-vehicle 0
818.0 394.0 792.0 401.0 758.0 288.0 780.0 278.0 large-vehicle 0
857.0 402.0 831.0 408.0 792.0 276.0 817.0 267.0 large-vehicle 0
892.0 391.0 866.0 396.0 828.0 266.0 855.0 258.0 large-vehicle 0
927.0 384.0 905.0 390.0 863.0 257.0 889.0 247.0 large-vehicle 0
937.0 346.0 958.0 338.0 975.0 398.0 951.0 404.0 large-vehicle 0
476.0 585.0 483.0 606.0 347.0 652.0 339.0 627.0 large-vehicle 0
477.0 614.0 483.0 634.0 352.0 686.0 340.0 662.0 large-vehicle 0
490.0 701.0 498.0 723.0 368.0 774.0 358.0 748.0 large-vehicle 0
537.0 777.0 548.0 801.0 416.0 856.0 404.0 834.0 large-vehicle 0
512.0 904.0 538.0 912.0 508.0 996.0 482.0 992.0 large-vehicle 1
775.0 769.0 799.0 764.0 843.0 897.0 816.0 905.0 large-vehicle 0
947.0 669.0 967.0 662.0 1016.0 801.0 991.0 810.0 large-vehicle 0
976.0 643.0 1001.0 640.0 1037.0 775.0 1012.0 781.0 large-vehicle 0
825.0 696.0 798.0 701.0 782.0 653.0 802.0 647.0 large-vehicle 0
399.0 269.0 374.0 279.0 327.0 145.0 350.0 136.0 large-vehicle 0
