imagesource:GoogleEarth
gsd:0.114183545249
2058.0 331.0 2075.0 316.0 2105.0 351.0 2085.0 364.0 small-vehicle 1
707.0 1727.0 724.0 1706.0 758.0 1747.0 742.0 1762.0 small-vehicle 1
1327.0 598.0 1346.0 618.0 1250.0 715.0 1231.0 692.0 large-vehicle 0
1242.0 514.0 1259.0 530.0 1168.0 628.0 1148.0 608.0 large-vehicle 0
1214.0 489.0 1233.0 508.0 1139.0 600.0 1118.0 578.0 large-vehicle 0
1159.0 431.0 1176.0 448.0 1085.0 540.0 1066.0 523.0 large-vehicle 0
1076.0 347.0 1094.0 367.0 1000.0 458.0 983.0 438.0 large-vehicle 0
984.0 1186.0 970.0 1168.0 1071.0 1067.0 1091.0 1084.0 large-vehicle 0
1038.0 1243.0 1024.0 1220.0 1126.0 1123.0 1145.0 1142.0 large-vehicle 0
1626.0 1666.0 1613.0 1650.0 1647.0 1614.0 1664.0 1632.0 large-vehicle 0
1567.0 1610.0 1554.0 1596.0 1586.0 1554.0 1607.0 1568.0 large-vehicle 0
1254.0 1454.0 1238.0 1435.0 1307.0 1369.0 1327.0 1389.0 large-vehicle 0
1296.0 1506.0 1282.0 1488.0 1351.0 1420.0 1372.0 1440.0 large-vehicle 0
1319.0 1529.0 1304.0 1508.0 1355.0 1460.0 1376.0 1478.0 large-vehicle 0
1551.0 1776.0 1534.0 1793.0 1430.0 1690.0 1447.0 1671.0 large-vehicle 0
1375.0 1851.0 1376.0 1876.0 1282.0 1875.0 1280.0 1849.0 large-vehicle 0
1344.0 1816.0 1343.0 1843.0 1202.0 1840.0 1200.0 1814.0 large-vehicle 0
1302.0 1782.0 1299.0 1807.0 1207.0 1808.0 1207.0 1780.0 large-vehicle 0
1268.0 1745.0 1267.0 1769.0 1175.0 1768.0 1172.0 1742.0 large-vehicle 0
1232.0 1708.0 1233.0 1731.0 1151.0 1732.0 1150.0 1706.0 large-vehicle 0
1146.0 1640.0 1144.0 1666.0 1063.0 1663.0 1063.0 1637.0 large-vehicle 0
843.0 942.0 826.0 924.0 877.0 869.0 900.0 890.0 large-vehicle 0
814.0 914.0 798.0 896.0 851.0 840.0 871.0 860.0 large-vehicle 0
774.0 900.0 758.0 882.0 819.0 812.0 842.0 832.0 large-vehicle 0
747.0 870.0 732.0 851.0 795.0 783.0 816.0 805.0 large-vehicle 0
686.0 875.0 668.0 857.0 766.0 755.0 787.0 775.0 large-vehicle 0
656.0 848.0 636.0 827.0 739.0 729.0 761.0 749.0 large-vehicle 0
646.0 801.0 629.0 782.0 709.0 700.0 732.0 720.0 large-vehicle 0
602.0 791.0 586.0 772.0 682.0 673.0 703.0 690.0 large-vehicle 0
1377.0 655.0 1398.0 674.0 1308.0 770.0 1286.0 747.0 large-vehicle 0
1400.0 683.0 1425.0 702.0 1336.0 799.0 1312.0 775.0 large-vehicle 0
1435.0 712.0 1452.0 732.0 1360.0 826.0 1338.0 806.0 large-vehicle 0
1501.0 420.0 1519.0 440.0 1486.0 470.0 1469.0 452.0 small-vehicle 0
138.0 1256.0 122.0 1273.0 91.0 1244.0 106.0 1226.0 small-vehicle 1
380.0 1448.0 363.0 1466.0 326.0 1436.0 352.0 1412.0 small-vehicle 1
641.0 1685.0 628.0 1699.0 601.0 1671.0 616.0 1656.0 small-vehicle 1
635.0 1105.0 651.0 1122.0 621.0 1151.0 606.0 1133.0 small-vehicle 1
269.0 916.0 286.0 900.0 319.0 934.0 298.0 951.0 small-vehicle 1
1888.0 1146.0 1904.0 1161.0 1878.0 1193.0 1865.0 1179.0 small-vehicle 0
1727.0 1182.0 1745.0 1199.0 1721.0 1230.0 1700.0 1211.0 small-vehicle 0
125.0 571.0 144.0 590.0 121.0 620.0 100.0 601.0 small-vehicle 0
45.0 548.0 23.0 533.0 55.0 499.0 66.0 518.0 small-vehicle 0
124.0 735.0 137.0 716.0 166.0 752.0 147.0 765.0 small-vehicle 0
217.0 835.0 200.0 849.0 177.0 816.0 190.0 801.0 small-vehicle 0
342.0 789.0 357.0 807.0 329.0 834.0 315.0 817.0 small-vehicle 0
1120.0 85.0 1148.0 87.0 1147.0 233.0 1120.0 233.0 large-vehicle 0
1523.0 832.0 1544.0 850.0 1474.0 936.0 1453.0 916.0 large-vehicle 0
1514.0 796.0 1535.0 813.0 1446.0 908.0 1425.0 888.0 large-vehicle 0
1798.0 854.0 1800.0 827.0 1954.0 828.0 1955.0 852.0 large-vehicle 0
1907.0 959.0 1905.0 932.0 2058.0 932.0 2057.0 958.0 large-vehicle 0
1944.0 990.0 1942.0 966.0 2094.0 965.0 2095.0 988.0 large-vehicle 0
2011.0 1059.0 2011.0 1036.0 2165.0 1036.0 2164.0 1062.0 large-vehicle 0
2044.0 1096.0 2044.0 1068.0 2203.0 1072.0 2201.0 1097.0 large-vehicle 0
2076.0 1135.0 2076.0 1108.0 2232.0 1111.0 2232.0 1135.0 large-vehicle 0
2210.0 1168.0 2211.0 1142.0 2267.0 1146.0 2265.0 1167.0 large-vehicle 0
2032.0 1247.0 2016.0 1262.0 1947.0 1194.0 1966.0 1176.0 large-vehicle 0
1562.0 606.0 1559.0 579.0 1707.0 577.0 1710.0 605.0 large-vehicle 0
1599.0 638.0 1600.0 614.0 1724.0 615.0 1724.0 640.0 large-vehicle 0
1626.0 675.0 1626.0 648.0 1779.0 648.0 1780.0 672.0 large-vehicle 0
606.0 726.0 587.0 709.0 655.0 646.0 675.0 662.0 large-vehicle 0
