imagesource:GoogleEarth
gsd:0.129283736883
1943.0 1835.0 1943.0 1815.0 1990.0 1813.0 1990.0 1837.0 small-vehicle 1
363.0 1681.0 380.0 1682.0 379.0 1720.0 355.0 1714.0 small-vehicle 1
163.0 1851.0 160.0 1833.0 207.0 1829.0 204.0 1849.0 small-vehicle 1
329.0 1876.0 327.0 1854.0 364.0 1853.0 364.0 1873.0 small-vehicle 1
285.0 1872.0 285.0 1850.0 315.0 1852.0 316.0 1874.0 small-vehicle 1
232.0 1872.0 231.0 1849.0 274.0 1846.0 273.0 1868.0 small-vehicle 1
456.0 1692.0 474.0 1684.0 493.0 1706.0 473.0 1720.0 small-vehicle 1
427.0 1691.0 451.0 1681.0 463.0 1714.0 435.0 1722.0 small-vehicle 1
394.0 1688.0 413.0 1684.0 420.0 1714.0 397.0 1722.0 small-vehicle 1
1614.0 1878.0 1640.0 1867.0 1649.0 1912.0 1621.0 1920.0 small-vehicle 1
173.0 2008.0 201.0 2005.0 203.0 2053.0 179.0 2057.0 small-vehicle 1
1559.0 1891.0 1556.0 1869.0 1599.0 1863.0 1597.0 1890.0 small-vehicle 1
1186.0 1658.0 1209.0 1658.0 1211.0 1703.0 1188.0 1704.0 small-vehicle 1
1205.0 1656.0 1227.0 1656.0 1233.0 1700.0 1212.0 1704.0 small-vehicle 1
1227.0 1656.0 1247.0 1654.0 1249.0 1691.0 1233.0 1699.0 small-vehicle 1
1246.0 1661.0 1269.0 1657.0 1269.0 1711.0 1244.0 1710.0 small-vehicle 1
1286.0 1672.0 1310.0 1668.0 1314.0 1714.0 1286.0 1710.0 small-vehicle 1
1292.0 1626.0 1312.0 1624.0 1311.0 1658.0 1291.0 1662.0 small-vehicle 1
215.0 1853.0 218.0 1824.0 252.0 1825.0 257.0 1852.0 small-vehicle 1
198.0 2111.0 216.0 2098.0 233.0 2135.0 213.0 2148.0 small-vehicle 1
1348.0 1549.0 1349.0 1576.0 1310.0 1579.0 1306.0 1550.0 small-vehicle 1
520.0 3028.0 541.0 3014.0 562.0 3059.0 541.0 3068.0 small-vehicle 1
258.0 3400.0 274.0 3419.0 245.0 3444.0 230.0 3428.0 small-vehicle 1
172.0 3385.0 192.0 3402.0 166.0 3437.0 149.0 3417.0 small-vehicle 1
169.0 3335.0 191.0 3347.0 178.0 3381.0 147.0 3370.0 small-vehicle 1
207.0 3160.0 229.0 3162.0 234.0 3208.0 208.0 3207.0 small-vehicle 1
230.0 2797.0 259.0 2792.0 257.0 2839.0 232.0 2845.0 small-vehicle 1
212.0 2729.0 233.0 2729.0 236.0 2772.0 212.0 2769.0 small-vehicle 1
598.0 3177.0 621.0 3165.0 639.0 3210.0 620.0 3221.0 small-vehicle 1
1468.0 2915.0 1470.0 2943.0 1430.0 2947.0 1427.0 2921.0 small-vehicle 1
568.0 1918.0 567.0 1896.0 612.0 1890.0 613.0 1916.0 small-vehicle 1
1473.0 2892.0 1473.0 2919.0 1425.0 2916.0 1431.0 2891.0 small-vehicle 1
1738.0 2890.0 1742.0 2918.0 1704.0 2922.0 1702.0 2900.0 small-vehicle 1
219.0 2650.0 200.0 2650.0 196.0 2601.0 213.0 2603.0 small-vehicle 1
325.0 2648.0 342.0 2634.0 361.0 2671.0 342.0 2680.0 small-vehicle 1
230.0 2475.0 251.0 2461.0 271.0 2506.0 249.0 2512.0 small-vehicle 1
201.0 2251.0 223.0 2244.0 235.0 2291.0 214.0 2297.0 small-vehicle 1
254.0 2280.0 271.0 2278.0 276.0 2317.0 260.0 2321.0 small-vehicle 1
1403.0 1568.0 1403.0 1592.0 1361.0 1593.0 1362.0 1566.0 small-vehicle 1
943.0 1261.0 933.0 1239.0 969.0 1222.0 979.0 1246.0 small-vehicle 1
1143.0 2705.0 1165.0 2710.0 1147.0 2753.0 1130.0 2748.0 small-vehicle 1
207.0 853.0 225.0 852.0 231.0 890.0 211.0 890.0 small-vehicle 1
897.0 860.0 909.0 859.0 913.0 891.0 896.0 894.0 small-vehicle 1
874.0 856.0 895.0 855.0 896.0 895.0 877.0 896.0 small-vehicle 1
898.0 900.0 918.0 901.0 919.0 943.0 896.0 940.0 small-vehicle 1
875.0 902.0 896.0 899.0 895.0 942.0 879.0 942.0 small-vehicle 1
367.0 1011.0 367.0 991.0 410.0 990.0 412.0 1014.0 small-vehicle 1
195.0 973.0 220.0 973.0 214.0 1009.0 195.0 1010.0 small-vehicle 1
218.0 976.0 244.0 973.0 245.0 1012.0 227.0 1011.0 small-vehicle 1
201.0 803.0 221.0 802.0 225.0 845.0 199.0 846.0 small-vehicle 1
930.0 857.0 950.0 856.0 951.0 897.0 932.0 897.0 small-vehicle 1
214.0 751.0 239.0 750.0 234.0 791.0 214.0 791.0 small-vehicle 1
182.0 743.0 159.0 747.0 155.0 696.0 179.0 695.0 small-vehicle 1
202.0 707.0 225.0 706.0 223.0 748.0 203.0 746.0 small-vehicle 1
216.0 556.0 240.0 556.0 232.0 600.0 211.0 598.0 small-vehicle 1
212.0 512.0 235.0 512.0 235.0 552.0 210.0 551.0 small-vehicle 1
216.0 462.0 235.0 463.0 237.0 500.0 214.0 499.0 small-vehicle 1
164.0 477.0 188.0 477.0 185.0 513.0 156.0 517.0 small-vehicle 1
912.0 862.0 931.0 864.0 932.0 895.0 917.0 897.0 small-vehicle 1
1221.0 659.0 1235.0 655.0 1240.0 691.0 1218.0 695.0 small-vehicle 1
963.0 1458.0 964.0 1436.0 1006.0 1435.0 1009.0 1456.0 small-vehicle 1
1169.0 844.0 1186.0 848.0 1186.0 881.0 1169.0 883.0 small-vehicle 1
638.0 1411.0 655.0 1414.0 649.0 1454.0 631.0 1453.0 small-vehicle 1
594.0 1438.0 620.0 1433.0 623.0 1475.0 604.0 1483.0 small-vehicle 1
1174.0 1061.0 1194.0 1059.0 1200.0 1094.0 1179.0 1099.0 small-vehicle 1
1173.0 1013.0 1195.0 1010.0 1198.0 1052.0 1176.0 1055.0 small-vehicle 1
1168.0 968.0 1192.0 967.0 1196.0 1005.0 1169.0 1002.0 small-vehicle 1
1167.0 928.0 1190.0 926.0 1191.0 960.0 1170.0 961.0 small-vehicle 1
1167.0 884.0 1184.0 882.0 1191.0 920.0 1166.0 921.0 small-vehicle 1
1167.0 808.0 1184.0 806.0 1183.0 840.0 1166.0 840.0 small-vehicle 1
1222.0 704.0 1242.0 701.0 1242.0 738.0 1224.0 739.0 small-vehicle 1
1164.0 766.0 1185.0 768.0 1181.0 799.0 1161.0 801.0 small-vehicle 1
1160.0 714.0 1180.0 711.0 1181.0 758.0 1162.0 759.0 small-vehicle 1
1231.0 1057.0 1250.0 1057.0 1251.0 1096.0 1236.0 1098.0 small-vehicle 1
1228.0 1014.0 1246.0 1014.0 1249.0 1053.0 1232.0 1054.0 small-vehicle 1
1229.0 967.0 1245.0 971.0 1243.0 1001.0 1226.0 1003.0 small-vehicle 1
1221.0 918.0 1238.0 914.0 1244.0 961.0 1227.0 962.0 small-vehicle 1
1181.0 664.0 1156.0 666.0 1153.0 624.0 1174.0 623.0 small-vehicle 1
1125.0 2699.0 1144.0 2705.0 1129.0 2746.0 1112.0 2740.0 small-vehicle 1
1164.0 2710.0 1179.0 2711.0 1171.0 2752.0 1154.0 2748.0 small-vehicle 1
1695.0 4207.0 1694.0 4237.0 1608.0 4240.0 1607.0 4208.0 large-vehicle 1
635.0 4569.0 632.0 4592.0 585.0 4579.0 590.0 4554.0 small-vehicle 1
810.0 4612.0 832.0 4620.0 822.0 4654.0 799.0 4648.0 small-vehicle 1
827.0 4568.0 851.0 4576.0 839.0 4616.0 812.0 4609.0 small-vehicle 1
624.0 4646.0 634.0 4625.0 675.0 4644.0 666.0 4667.0 small-vehicle 1
625.0 4623.0 632.0 4603.0 676.0 4620.0 672.0 4644.0 small-vehicle 1
640.0 4589.0 648.0 4568.0 691.0 4589.0 682.0 4607.0 small-vehicle 1
631.0 4594.0 623.0 4615.0 576.0 4599.0 581.0 4580.0 small-vehicle 1
624.0 4617.0 620.0 4641.0 571.0 4621.0 578.0 4602.0 small-vehicle 1
1518.0 4148.0 1517.0 4119.0 1571.0 4120.0 1567.0 4149.0 small-vehicle 1
828.0 4649.0 845.0 4655.0 833.0 4701.0 812.0 4698.0 small-vehicle 1
507.0 4062.0 506.0 4039.0 546.0 4039.0 545.0 4060.0 small-vehicle 1
528.0 4016.0 527.0 3993.0 573.0 3993.0 570.0 4019.0 small-vehicle 1
616.0 3985.0 619.0 3955.0 667.0 3953.0 674.0 3985.0 small-vehicle 1
1686.0 4043.0 1678.0 4015.0 1736.0 4011.0 1733.0 4040.0 small-vehicle 1
1475.0 4042.0 1473.0 4020.0 1510.0 4014.0 1512.0 4038.0 small-vehicle 1
1255.0 3900.0 1257.0 3874.0 1303.0 3880.0 1298.0 3906.0 small-vehicle 1
1493.0 3924.0 1493.0 3905.0 1534.0 3903.0 1535.0 3923.0 small-vehicle 1
799.0 4648.0 821.0 4652.0 809.0 4687.0 790.0 4683.0 small-vehicle 1
864.0 4564.0 880.0 4571.0 872.0 4608.0 855.0 4600.0 small-vehicle 1
1690.0 3927.0 1691.0 3906.0 1728.0 3906.0 1729.0 3927.0 small-vehicle 1
1827.0 4709.0 1828.0 4689.0 1877.0 4694.0 1873.0 4716.0 small-vehicle 1
2420.0 4227.0 2438.0 4229.0 2436.0 4277.0 2416.0 4279.0 small-vehicle 1
2418.0 4282.0 2440.0 4283.0 2439.0 4320.0 2415.0 4319.0 small-vehicle 1
2358.0 4236.0 2381.0 4237.0 2382.0 4284.0 2359.0 4283.0 small-vehicle 1
2370.0 4322.0 2397.0 4325.0 2394.0 4377.0 2370.0 4375.0 small-vehicle 1
2405.0 4741.0 2404.0 4715.0 2446.0 4717.0 2447.0 4737.0 small-vehicle 1
2083.0 4737.0 2085.0 4716.0 2128.0 4718.0 2133.0 4739.0 small-vehicle 1
1940.0 4717.0 1945.0 4697.0 1990.0 4702.0 1980.0 4727.0 small-vehicle 1
1509.0 4645.0 1513.0 4622.0 1555.0 4628.0 1553.0 4652.0 small-vehicle 1
890.0 4572.0 910.0 4572.0 903.0 4617.0 882.0 4615.0 small-vehicle 1
1468.0 4642.0 1469.0 4620.0 1508.0 4627.0 1507.0 4650.0 small-vehicle 1
1170.0 4603.0 1169.0 4578.0 1209.0 4581.0 1205.0 4604.0 small-vehicle 1
1121.0 4598.0 1123.0 4575.0 1162.0 4578.0 1161.0 4601.0 small-vehicle 1
1071.0 4591.0 1076.0 4568.0 1118.0 4575.0 1114.0 4597.0 small-vehicle 1
932.0 4658.0 949.0 4662.0 943.0 4694.0 923.0 4688.0 small-vehicle 1
944.0 4621.0 963.0 4625.0 952.0 4659.0 935.0 4653.0 small-vehicle 1
956.0 4574.0 974.0 4579.0 968.0 4618.0 949.0 4612.0 small-vehicle 1
1702.0 3973.0 1703.0 3951.0 1748.0 3947.0 1753.0 3973.0 small-vehicle 1
51.0 3574.0 76.0 3588.0 42.0 3644.0 15.0 3629.0 large-vehicle 1
1156.0 2681.0 1154.0 2698.0 1122.0 2698.0 1123.0 2676.0 small-vehicle 1
1529.0 2566.0 1556.0 2567.0 1551.0 2605.0 1527.0 2607.0 small-vehicle 1
1775.0 3841.0 1773.0 3815.0 1815.0 3810.0 1816.0 3837.0 small-vehicle 1
1589.0 3817.0 1593.0 3792.0 1647.0 3794.0 1645.0 3829.0 small-vehicle 1
1443.0 3781.0 1447.0 3763.0 1486.0 3774.0 1482.0 3796.0 small-vehicle 1
1349.0 3768.0 1354.0 3741.0 1392.0 3752.0 1387.0 3774.0 small-vehicle 1
1207.0 3779.0 1213.0 3753.0 1260.0 3770.0 1251.0 3799.0 small-vehicle 1
997.0 3634.0 1012.0 3608.0 1053.0 3630.0 1041.0 3652.0 small-vehicle 1
1075.0 3665.0 1084.0 3645.0 1119.0 3666.0 1113.0 3686.0 small-vehicle 1
1134.0 2618.0 1152.0 2616.0 1158.0 2655.0 1135.0 2657.0 small-vehicle 1
811.0 3501.0 831.0 3482.0 861.0 3512.0 843.0 3528.0 small-vehicle 1
1173.0 2615.0 1192.0 2612.0 1196.0 2660.0 1172.0 2662.0 small-vehicle 1
1215.0 2618.0 1233.0 2620.0 1230.0 2661.0 1215.0 2664.0 small-vehicle 1
1258.0 2619.0 1281.0 2623.0 1276.0 2663.0 1256.0 2663.0 small-vehicle 1
1345.0 2623.0 1365.0 2625.0 1365.0 2661.0 1346.0 2664.0 small-vehicle 1
1009.0 2674.0 1010.0 2699.0 971.0 2697.0 971.0 2677.0 small-vehicle 1
1067.0 2680.0 1063.0 2703.0 1023.0 2697.0 1025.0 2679.0 small-vehicle 1
1109.0 2678.0 1103.0 2701.0 1076.0 2699.0 1074.0 2676.0 small-vehicle 1
1839.0 3828.0 1839.0 3797.0 1882.0 3800.0 1882.0 3835.0 small-vehicle 1
751.0 3438.0 772.0 3424.0 796.0 3463.0 775.0 3479.0 small-vehicle 1
192.0 3449.0 211.0 3472.0 147.0 3539.0 125.0 3517.0 large-vehicle 1
624.0 3711.0 625.0 3687.0 675.0 3692.0 674.0 3708.0 small-vehicle 1
131.0 3562.0 152.0 3582.0 123.0 3613.0 107.0 3593.0 small-vehicle 1
161.0 3529.0 185.0 3544.0 156.0 3582.0 137.0 3564.0 small-vehicle 1
200.0 3495.0 215.0 3509.0 190.0 3539.0 176.0 3525.0 small-vehicle 1
240.0 3447.0 260.0 3467.0 226.0 3503.0 209.0 3492.0 small-vehicle 1
70.0 3616.0 89.0 3629.0 69.0 3670.0 47.0 3653.0 small-vehicle 1
650.0 3738.0 648.0 3715.0 691.0 3714.0 694.0 3734.0 small-vehicle 1
682.0 3708.0 680.0 3692.0 725.0 3687.0 725.0 3706.0 small-vehicle 1
422.0 3648.0 442.0 3627.0 466.0 3656.0 457.0 3673.0 small-vehicle 1
706.0 3361.0 722.0 3349.0 748.0 3385.0 727.0 3398.0 small-vehicle 1
398.0 3592.0 416.0 3579.0 434.0 3615.0 413.0 3626.0 small-vehicle 1
375.0 3546.0 399.0 3534.0 412.0 3572.0 389.0 3581.0 small-vehicle 1
362.0 3500.0 386.0 3490.0 397.0 3524.0 376.0 3532.0 small-vehicle 1
345.0 3455.0 368.0 3444.0 377.0 3476.0 357.0 3485.0 small-vehicle 1
332.0 3401.0 350.0 3396.0 361.0 3436.0 340.0 3438.0 small-vehicle 1
309.0 3350.0 332.0 3340.0 342.0 3382.0 326.0 3386.0 small-vehicle 1
301.0 3300.0 319.0 3296.0 331.0 3332.0 316.0 3337.0 small-vehicle 1
203.0 256.0 177.0 255.0 180.0 203.0 200.0 203.0 small-vehicle 1
1738.0 426.0 1760.0 424.0 1761.0 461.0 1740.0 465.0 small-vehicle 1
1699.0 426.0 1721.0 426.0 1723.0 460.0 1705.0 463.0 small-vehicle 1
1022.0 2616.0 1045.0 2616.0 1045.0 2655.0 1022.0 2659.0 small-vehicle 1
1514.0 2886.0 1510.0 2860.0 1562.0 2856.0 1563.0 2881.0 small-vehicle 1
1183.0 2711.0 1199.0 2713.0 1195.0 2754.0 1176.0 2751.0 small-vehicle 1
1202.0 2683.0 1201.0 2706.0 1158.0 2708.0 1159.0 2686.0 small-vehicle 1
1107.0 2702.0 1125.0 2710.0 1110.0 2749.0 1092.0 2745.0 small-vehicle 1
1086.0 2694.0 1106.0 2701.0 1088.0 2750.0 1067.0 2742.0 small-vehicle 1
1054.0 2706.0 1071.0 2712.0 1056.0 2750.0 1037.0 2745.0 small-vehicle 1
978.0 2708.0 999.0 2724.0 974.0 2760.0 957.0 2750.0 small-vehicle 1
1139.0 2563.0 1160.0 2563.0 1161.0 2609.0 1140.0 2609.0 small-vehicle 1
1523.0 2946.0 1519.0 2928.0 1566.0 2925.0 1566.0 2949.0 small-vehicle 1
804.0 3058.0 821.0 3040.0 854.0 3072.0 835.0 3085.0 small-vehicle 1
736.0 2999.0 749.0 2982.0 784.0 3012.0 769.0 3032.0 small-vehicle 1
456.0 2890.0 476.0 2880.0 496.0 2920.0 474.0 2929.0 small-vehicle 1
239.0 2588.0 266.0 2589.0 268.0 2638.0 240.0 2638.0 small-vehicle 1
1451.0 1725.0 1466.0 1747.0 1430.0 1770.0 1415.0 1750.0 small-vehicle 1
1409.0 1759.0 1409.0 1787.0 1360.0 1790.0 1359.0 1763.0 small-vehicle 1
876.0 1759.0 874.0 1734.0 921.0 1734.0 922.0 1758.0 small-vehicle 1
1522.0 2925.0 1518.0 2900.0 1566.0 2897.0 1568.0 2924.0 small-vehicle 1
1524.0 2977.0 1519.0 2952.0 1565.0 2948.0 1567.0 2975.0 small-vehicle 1
1241.0 1729.0 1241.0 1753.0 1203.0 1753.0 1203.0 1730.0 small-vehicle 1
1677.0 3135.0 1677.0 3110.0 1719.0 3110.0 1718.0 3137.0 small-vehicle 1
1052.0 3265.0 1066.0 3246.0 1098.0 3273.0 1082.0 3292.0 small-vehicle 1
650.0 3263.0 671.0 3249.0 693.0 3292.0 672.0 3304.0 small-vehicle 1
299.0 3193.0 323.0 3194.0 321.0 3242.0 297.0 3241.0 small-vehicle 1
1142.0 3090.0 1139.0 3071.0 1173.0 3069.0 1174.0 3089.0 small-vehicle 1
1142.0 3111.0 1140.0 3093.0 1180.0 3090.0 1185.0 3111.0 small-vehicle 1
1073.0 3121.0 1082.0 3102.0 1117.0 3120.0 1108.0 3140.0 small-vehicle 1
1675.0 3163.0 1672.0 3139.0 1717.0 3138.0 1717.0 3164.0 small-vehicle 1
1677.0 3101.0 1674.0 3076.0 1713.0 3076.0 1718.0 3103.0 small-vehicle 1
1476.0 2844.0 1480.0 2871.0 1435.0 2875.0 1431.0 2849.0 small-vehicle 1
935.0 3166.0 955.0 3149.0 983.0 3180.0 967.0 3197.0 small-vehicle 1
1627.0 3090.0 1649.0 3087.0 1651.0 3136.0 1627.0 3139.0 small-vehicle 1
1656.0 3002.0 1680.0 3002.0 1676.0 3048.0 1651.0 3047.0 small-vehicle 1
1668.0 2636.0 1692.0 2636.0 1693.0 2682.0 1666.0 2681.0 small-vehicle 1
1666.0 2758.0 1692.0 2758.0 1691.0 2799.0 1670.0 2804.0 small-vehicle 1
1658.0 2907.0 1682.0 2906.0 1687.0 2953.0 1657.0 2956.0 small-vehicle 1
1458.0 3043.0 1485.0 3048.0 1472.0 3096.0 1448.0 3088.0 small-vehicle 1
1156.0 1729.0 1160.0 1754.0 1113.0 1753.0 1114.0 1728.0 small-vehicle 1
1531.0 2516.0 1554.0 2515.0 1553.0 2561.0 1532.0 2561.0 small-vehicle 1
1684.0 430.0 1698.0 426.0 1703.0 463.0 1684.0 465.0 small-vehicle 1
165.0 594.0 186.0 596.0 186.0 644.0 164.0 642.0 small-vehicle 1
1658.0 385.0 1681.0 383.0 1681.0 420.0 1663.0 420.0 small-vehicle 1
1622.0 383.0 1644.0 380.0 1645.0 421.0 1623.0 422.0 small-vehicle 1
1605.0 385.0 1623.0 383.0 1622.0 426.0 1608.0 424.0 small-vehicle 1
1582.0 386.0 1604.0 382.0 1606.0 425.0 1589.0 425.0 small-vehicle 1
1539.0 449.0 1540.0 428.0 1579.0 425.0 1581.0 448.0 small-vehicle 1
1539.0 425.0 1541.0 409.0 1580.0 403.0 1585.0 423.0 small-vehicle 1
1536.0 406.0 1534.0 388.0 1579.0 386.0 1578.0 406.0 small-vehicle 1
1539.0 127.0 1537.0 106.0 1575.0 104.0 1576.0 126.0 small-vehicle 1
1716.0 382.0 1740.0 378.0 1740.0 420.0 1720.0 423.0 small-vehicle 1
2254.0 840.0 2454.0 840.0 2454.0 1366.0 2254.0 1366.0 soccer-ball-field 0
2155.0 492.0 2538.0 492.0 2538.0 1476.0 2155.0 1476.0 ground-track-field 0
2492.0 502.0 2610.0 502.0 2610.0 727.0 2492.0 727.0 basketball-court 0
2370.0 502.0 2487.0 502.0 2487.0 728.0 2370.0 728.0 basketball-court 0
2247.0 503.0 2365.0 503.0 2365.0 726.0 2247.0 726.0 basketball-court 0
597.0 2181.0 795.0 2181.0 795.0 2590.0 597.0 2590.0 soccer-ball-field 0
519.0 1943.0 851.0 1943.0 851.0 2861.0 519.0 2861.0 ground-track-field 0
1683.0 385.0 1703.0 383.0 1706.0 421.0 1684.0 422.0 small-vehicle 1
1733.0 377.0 1758.0 377.0 1761.0 420.0 1743.0 422.0 small-vehicle 1
1531.0 2414.0 1556.0 2416.0 1554.0 2461.0 1530.0 2462.0 small-vehicle 1
826.0 1761.0 820.0 1739.0 860.0 1732.0 865.0 1755.0 small-vehicle 1
1658.0 2541.0 1686.0 2539.0 1689.0 2589.0 1666.0 2591.0 small-vehicle 1
1648.0 2414.0 1673.0 2413.0 1681.0 2453.0 1654.0 2458.0 small-vehicle 1
1626.0 2346.0 1654.0 2346.0 1653.0 2398.0 1627.0 2397.0 small-vehicle 1
102.0 2227.0 124.0 2215.0 146.0 2253.0 124.0 2268.0 small-vehicle 1
100.0 2024.0 123.0 2012.0 144.0 2050.0 122.0 2062.0 small-vehicle 1
1235.0 1580.0 1239.0 1607.0 1194.0 1615.0 1193.0 1586.0 small-vehicle 1
1335.0 1747.0 1344.0 1722.0 1388.0 1733.0 1381.0 1758.0 small-vehicle 1
728.0 1766.0 727.0 1739.0 770.0 1738.0 773.0 1765.0 small-vehicle 1
1536.0 301.0 1532.0 280.0 1577.0 276.0 1579.0 298.0 small-vehicle 1
793.0 1868.0 789.0 1844.0 836.0 1841.0 836.0 1866.0 small-vehicle 1
615.0 1867.0 614.0 1843.0 673.0 1840.0 670.0 1865.0 small-vehicle 1
375.0 1871.0 372.0 1847.0 423.0 1845.0 423.0 1872.0 small-vehicle 1
269.0 1850.0 268.0 1826.0 313.0 1826.0 314.0 1851.0 small-vehicle 1
155.0 1880.0 154.0 1856.0 202.0 1854.0 204.0 1878.0 small-vehicle 1
1539.0 223.0 1536.0 203.0 1580.0 200.0 1580.0 218.0 small-vehicle 1
1538.0 274.0 1537.0 256.0 1576.0 254.0 1578.0 271.0 small-vehicle 1
1093.0 3294.0 1102.0 3274.0 1138.0 3292.0 1129.0 3316.0 small-vehicle 1
1718.0 3422.0 1728.0 3445.0 1685.0 3458.0 1677.0 3434.0 small-vehicle 1
1595.0 3258.0 1621.0 3258.0 1621.0 3300.0 1596.0 3298.0 small-vehicle 1
1171.0 358.0 1145.0 354.0 1148.0 309.0 1170.0 313.0 small-vehicle 1
1244.0 386.0 1265.0 386.0 1271.0 419.0 1251.0 423.0 small-vehicle 1
1244.0 428.0 1268.0 424.0 1272.0 463.0 1249.0 465.0 small-vehicle 1
1249.0 471.0 1271.0 473.0 1272.0 502.0 1249.0 505.0 small-vehicle 1
1175.0 567.0 1153.0 565.0 1150.0 525.0 1173.0 528.0 small-vehicle 1
1172.0 521.0 1151.0 522.0 1151.0 480.0 1171.0 481.0 small-vehicle 1
1169.0 480.0 1147.0 479.0 1147.0 432.0 1168.0 436.0 small-vehicle 1
1172.0 394.0 1147.0 393.0 1146.0 354.0 1174.0 355.0 small-vehicle 1
1179.0 313.0 1147.0 308.0 1154.0 262.0 1176.0 269.0 small-vehicle 1
1209.0 219.0 1224.0 194.0 1259.0 226.0 1238.0 250.0 small-vehicle 1
1179.0 268.0 1155.0 264.0 1161.0 229.0 1175.0 229.0 small-vehicle 1
1181.0 228.0 1157.0 228.0 1156.0 182.0 1183.0 189.0 small-vehicle 1
1181.0 183.0 1163.0 181.0 1163.0 148.0 1182.0 146.0 small-vehicle 1
1189.0 141.0 1163.0 142.0 1159.0 97.0 1182.0 94.0 small-vehicle 1
529.0 4723.0 524.0 4748.0 482.0 4736.0 484.0 4713.0 small-vehicle 1
41.0 4598.0 14.0 4606.0 2.0 4551.0 23.0 4545.0 small-vehicle 1
88.0 4454.0 110.0 4444.0 124.0 4497.0 101.0 4502.0 small-vehicle 1
1243.0 337.0 1262.0 333.0 1263.0 373.0 1242.0 375.0 small-vehicle 1
1261.0 231.0 1261.0 212.0 1312.0 212.0 1311.0 234.0 small-vehicle 1
1597.0 3300.0 1626.0 3304.0 1622.0 3356.0 1595.0 3352.0 small-vehicle 1
1689.0 44.0 1698.0 77.0 1654.0 75.0 1652.0 48.0 small-vehicle 1
1662.0 426.0 1682.0 426.0 1684.0 463.0 1663.0 468.0 small-vehicle 1
1644.0 429.0 1664.0 429.0 1662.0 465.0 1645.0 466.0 small-vehicle 1
1626.0 430.0 1642.0 427.0 1643.0 464.0 1624.0 464.0 small-vehicle 1
1581.0 432.0 1608.0 429.0 1606.0 470.0 1585.0 466.0 small-vehicle 1
1538.0 199.0 1535.0 182.0 1576.0 177.0 1580.0 198.0 small-vehicle 1
1540.0 167.0 1540.0 144.0 1577.0 147.0 1577.0 169.0 small-vehicle 1
1647.0 47.0 1650.0 74.0 1616.0 75.0 1609.0 49.0 small-vehicle 1
1725.0 47.0 1732.0 74.0 1700.0 77.0 1698.0 51.0 small-vehicle 1
1345.0 232.0 1344.0 210.0 1387.0 209.0 1383.0 234.0 small-vehicle 1
1771.0 47.0 1772.0 77.0 1735.0 76.0 1737.0 48.0 small-vehicle 1
1809.0 47.0 1812.0 73.0 1781.0 74.0 1780.0 52.0 small-vehicle 1
1854.0 46.0 1855.0 72.0 1825.0 76.0 1820.0 53.0 small-vehicle 1
1607.0 51.0 1609.0 75.0 1571.0 81.0 1566.0 57.0 small-vehicle 1
1309.0 237.0 1309.0 210.0 1338.0 210.0 1342.0 232.0 small-vehicle 1
1444.0 228.0 1445.0 206.0 1483.0 208.0 1486.0 232.0 small-vehicle 1
1391.0 229.0 1390.0 205.0 1425.0 207.0 1428.0 230.0 small-vehicle 1
1787.0 3956.0 1785.0 3924.0 1841.0 3926.0 1840.0 3956.0 small-vehicle 1
1747.0 4013.0 1743.0 3987.0 1791.0 3985.0 1795.0 4014.0 small-vehicle 1
1551.0 4067.0 1546.0 4040.0 1593.0 4040.0 1594.0 4066.0 small-vehicle 1
1255.0 3738.0 1265.0 3714.0 1310.0 3735.0 1304.0 3756.0 small-vehicle 1
1487.0 1751.0 1484.0 1728.0 1526.0 1726.0 1528.0 1749.0 small-vehicle 1
1497.0 1876.0 1497.0 1901.0 1452.0 1899.0 1453.0 1873.0 small-vehicle 1
480.0 3692.0 491.0 3670.0 527.0 3689.0 517.0 3709.0 small-vehicle 1
936.0 3735.0 939.0 3712.0 981.0 3717.0 981.0 3739.0 small-vehicle 1
1696.0 3829.0 1698.0 3805.0 1739.0 3808.0 1737.0 3831.0 small-vehicle 1
1489.0 3769.0 1491.0 3746.0 1535.0 3758.0 1535.0 3781.0 small-vehicle 1
1516.0 3804.0 1518.0 3782.0 1564.0 3792.0 1562.0 3815.0 small-vehicle 1
1161.0 3702.0 1169.0 3682.0 1212.0 3699.0 1207.0 3719.0 small-vehicle 1
1512.0 3959.0 1510.0 3930.0 1561.0 3932.0 1560.0 3958.0 small-vehicle 1
885.0 3565.0 897.0 3547.0 931.0 3572.0 919.0 3592.0 small-vehicle 1
51.0 3475.0 69.0 3492.0 29.0 3524.0 20.0 3506.0 small-vehicle 1
118.0 3463.0 135.0 3476.0 113.0 3515.0 94.0 3504.0 small-vehicle 1
1453.0 3419.0 1453.0 3395.0 1499.0 3402.0 1494.0 3425.0 small-vehicle 1
1169.0 3332.0 1178.0 3312.0 1218.0 3329.0 1207.0 3352.0 small-vehicle 1
1330.0 3390.0 1336.0 3368.0 1375.0 3385.0 1367.0 3403.0 small-vehicle 1
1816.0 3404.0 1828.0 3433.0 1780.0 3447.0 1769.0 3417.0 small-vehicle 1
950.0 1776.0 948.0 1753.0 996.0 1756.0 993.0 1776.0 small-vehicle 1
1108.0 2948.0 1111.0 2971.0 1067.0 2971.0 1067.0 2950.0 small-vehicle 1
1108.0 2990.0 1112.0 3011.0 1064.0 3012.0 1064.0 2989.0 small-vehicle 1
1106.0 3010.0 1106.0 3030.0 1064.0 3031.0 1061.0 3010.0 small-vehicle 1
431.0 4253.0 431.0 4231.0 477.0 4231.0 479.0 4255.0 small-vehicle 1
350.0 4252.0 351.0 4225.0 394.0 4220.0 397.0 4248.0 small-vehicle 1
1232.0 4135.0 1230.0 4111.0 1277.0 4110.0 1278.0 4139.0 small-vehicle 1
1282.0 4062.0 1281.0 4035.0 1327.0 4035.0 1329.0 4065.0 small-vehicle 1
1263.0 4020.0 1260.0 3994.0 1309.0 3994.0 1310.0 4020.0 small-vehicle 1
1175.0 4041.0 1173.0 4012.0 1218.0 4013.0 1219.0 4042.0 small-vehicle 1
1168.0 3985.0 1166.0 3954.0 1219.0 3955.0 1220.0 3984.0 small-vehicle 1
757.0 3976.0 760.0 3942.0 813.0 3948.0 813.0 3983.0 small-vehicle 1
710.0 3954.0 705.0 3928.0 752.0 3926.0 753.0 3952.0 small-vehicle 1
618.0 4043.0 615.0 4018.0 664.0 4015.0 664.0 4038.0 small-vehicle 1
190.0 4064.0 191.0 4039.0 240.0 4039.0 241.0 4065.0 small-vehicle 1
307.0 3931.0 303.0 3905.0 354.0 3905.0 352.0 3928.0 small-vehicle 1
1138.0 2934.0 1136.0 2915.0 1174.0 2914.0 1173.0 2935.0 small-vehicle 1
1112.0 2869.0 1111.0 2892.0 1068.0 2889.0 1067.0 2867.0 small-vehicle 1
1110.0 3065.0 1110.0 3091.0 1062.0 3090.0 1062.0 3068.0 small-vehicle 1
2107.0 4158.0 2107.0 4128.0 2149.0 4126.0 2154.0 4154.0 small-vehicle 1
2291.0 4142.0 2290.0 4120.0 2334.0 4123.0 2332.0 4145.0 small-vehicle 1
2495.0 4129.0 2491.0 4103.0 2539.0 4105.0 2535.0 4133.0 small-vehicle 1
3533.0 3932.0 3535.0 3907.0 3581.0 3909.0 3577.0 3936.0 small-vehicle 1
3723.0 4032.0 3724.0 4005.0 3771.0 4005.0 3771.0 4035.0 small-vehicle 1
3936.0 3900.0 3936.0 3878.0 3976.0 3879.0 3976.0 3901.0 small-vehicle 1
3895.0 3975.0 3894.0 3952.0 3936.0 3949.0 3939.0 3970.0 small-vehicle 1
3863.0 3953.0 3862.0 3929.0 3905.0 3931.0 3905.0 3953.0 small-vehicle 1
3695.0 3897.0 3695.0 3876.0 3746.0 3881.0 3749.0 3900.0 small-vehicle 1
3700.0 3928.0 3700.0 3907.0 3742.0 3906.0 3739.0 3929.0 small-vehicle 1
3609.0 3956.0 3607.0 3932.0 3649.0 3933.0 3651.0 3959.0 small-vehicle 1
3522.0 3975.0 3520.0 3954.0 3574.0 3954.0 3572.0 3974.0 small-vehicle 1
3402.0 4008.0 3399.0 3983.0 3448.0 3983.0 3446.0 4010.0 small-vehicle 1
3269.0 3938.0 3270.0 3905.0 3370.0 3904.0 3372.0 3940.0 large-vehicle 1
3759.0 3374.0 3763.0 3397.0 3724.0 3402.0 3721.0 3379.0 small-vehicle 1
3519.0 3321.0 3516.0 3297.0 3564.0 3297.0 3562.0 3321.0 small-vehicle 1
3423.0 3321.0 3422.0 3301.0 3469.0 3303.0 3467.0 3322.0 small-vehicle 1
3349.0 3322.0 3346.0 3298.0 3398.0 3297.0 3396.0 3323.0 small-vehicle 1
3298.0 3320.0 3298.0 3300.0 3337.0 3300.0 3337.0 3320.0 small-vehicle 1
3353.0 3374.0 3353.0 3398.0 3315.0 3400.0 3315.0 3377.0 small-vehicle 1
3961.0 4035.0 3960.0 4011.0 4005.0 4008.0 4007.0 4034.0 small-vehicle 1
3819.0 4143.0 3819.0 4119.0 3869.0 4117.0 3871.0 4145.0 small-vehicle 1
3565.0 3367.0 3568.0 3392.0 3535.0 3396.0 3530.0 3371.0 small-vehicle 1
3580.0 4685.0 3582.0 4661.0 3638.0 4664.0 3636.0 4690.0 small-vehicle 1
4012.0 4707.0 4014.0 4730.0 3980.0 4730.0 3979.0 4706.0 small-vehicle 1
4132.0 4696.0 4132.0 4671.0 4189.0 4670.0 4189.0 4694.0 small-vehicle 1
3925.0 4691.0 3923.0 4665.0 3966.0 4665.0 3971.0 4690.0 small-vehicle 1
3836.0 4696.0 3831.0 4671.0 3889.0 4671.0 3885.0 4691.0 small-vehicle 1
3743.0 4689.0 3743.0 4665.0 3786.0 4664.0 3789.0 4687.0 small-vehicle 1
3697.0 4682.0 3694.0 4659.0 3739.0 4661.0 3739.0 4685.0 small-vehicle 1
3648.0 4685.0 3644.0 4660.0 3694.0 4661.0 3691.0 4686.0 small-vehicle 1
3406.0 4588.0 3384.0 4586.0 3383.0 4540.0 3405.0 4543.0 small-vehicle 1
3882.0 4217.0 3882.0 4192.0 3925.0 4195.0 3927.0 4216.0 small-vehicle 1
3406.0 4536.0 3386.0 4534.0 3385.0 4490.0 3406.0 4493.0 small-vehicle 1
3413.0 4442.0 3387.0 4440.0 3391.0 4395.0 3411.0 4397.0 small-vehicle 1
3416.0 4391.0 3391.0 4393.0 3384.0 4338.0 3407.0 4338.0 small-vehicle 1
3035.0 4233.0 3037.0 4203.0 3112.0 4201.0 3111.0 4234.0 large-vehicle 1
3258.0 4222.0 3256.0 4198.0 3300.0 4197.0 3303.0 4216.0 small-vehicle 1
4091.0 4144.0 4086.0 4121.0 4139.0 4116.0 4140.0 4143.0 small-vehicle 1
3958.0 4165.0 3955.0 4140.0 4005.0 4139.0 4004.0 4164.0 small-vehicle 1
3527.0 3368.0 3528.0 3397.0 3491.0 3400.0 3489.0 3373.0 small-vehicle 1
3608.0 3377.0 3608.0 3395.0 3570.0 3396.0 3573.0 3377.0 small-vehicle 1
4033.0 1382.0 4055.0 1381.0 4053.0 1421.0 4032.0 1422.0 small-vehicle 1
3739.0 1783.0 3739.0 1807.0 3695.0 1804.0 3697.0 1780.0 small-vehicle 1
3439.0 2493.0 3448.0 2515.0 3414.0 2532.0 3406.0 2512.0 small-vehicle 1
3196.0 2521.0 3219.0 2518.0 3219.0 2570.0 3194.0 2569.0 large-vehicle 1
3972.0 1781.0 3974.0 1810.0 3914.0 1810.0 3917.0 1782.0 large-vehicle 1
3314.0 1807.0 3314.0 1827.0 3272.0 1828.0 3276.0 1803.0 small-vehicle 1
3553.0 1804.0 3551.0 1829.0 3505.0 1826.0 3509.0 1805.0 small-vehicle 1
3586.0 1776.0 3583.0 1799.0 3549.0 1802.0 3544.0 1780.0 small-vehicle 1
3681.0 1777.0 3682.0 1803.0 3635.0 1806.0 3640.0 1778.0 small-vehicle 1
3791.0 1779.0 3790.0 1802.0 3751.0 1802.0 3751.0 1780.0 small-vehicle 1
3537.0 2431.0 3534.0 2408.0 3578.0 2398.0 3585.0 2419.0 small-vehicle 1
3886.0 1779.0 3888.0 1802.0 3847.0 1807.0 3847.0 1780.0 small-vehicle 1
4145.0 1805.0 4148.0 1828.0 4102.0 1829.0 4100.0 1805.0 small-vehicle 1
4074.0 1903.0 4097.0 1903.0 4096.0 1951.0 4069.0 1950.0 small-vehicle 1
4072.0 1388.0 4092.0 1388.0 4088.0 1426.0 4069.0 1423.0 small-vehicle 1
4145.0 1293.0 4164.0 1294.0 4166.0 1337.0 4149.0 1337.0 small-vehicle 1
4170.0 1371.0 4182.0 1389.0 4151.0 1411.0 4143.0 1399.0 small-vehicle 1
4125.0 1339.0 4141.0 1343.0 4142.0 1379.0 4124.0 1385.0 small-vehicle 1
3396.0 2465.0 3386.0 2448.0 3418.0 2431.0 3429.0 2447.0 small-vehicle 1
3623.0 2601.0 3621.0 2574.0 3668.0 2571.0 3667.0 2598.0 small-vehicle 1
3655.0 3373.0 3655.0 3399.0 3613.0 3400.0 3613.0 3373.0 small-vehicle 1
3319.0 3034.0 3340.0 3038.0 3338.0 3083.0 3318.0 3083.0 small-vehicle 1
3847.0 3375.0 3850.0 3402.0 3812.0 3400.0 3810.0 3377.0 small-vehicle 1
3894.0 3375.0 3898.0 3402.0 3858.0 3403.0 3858.0 3378.0 small-vehicle 1
4012.0 3037.0 4011.0 3010.0 4056.0 3010.0 4056.0 3039.0 small-vehicle 1
4008.0 3070.0 4012.0 3048.0 4052.0 3056.0 4051.0 3075.0 small-vehicle 1
4011.0 3094.0 4010.0 3075.0 4049.0 3078.0 4048.0 3094.0 small-vehicle 1
3583.0 3114.0 3586.0 3145.0 3539.0 3142.0 3540.0 3111.0 small-vehicle 1
3568.0 3069.0 3584.0 3089.0 3556.0 3114.0 3541.0 3095.0 small-vehicle 1
3266.0 3033.0 3284.0 3033.0 3287.0 3075.0 3263.0 3076.0 small-vehicle 1
4011.0 2483.0 4038.0 2483.0 4031.0 2528.0 4007.0 2525.0 small-vehicle 1
3798.0 3032.0 3823.0 3023.0 3840.0 3068.0 3816.0 3076.0 small-vehicle 1
3857.0 3031.0 3873.0 3028.0 3882.0 3069.0 3863.0 3071.0 small-vehicle 1
3206.0 2605.0 3229.0 2603.0 3231.0 2642.0 3207.0 2647.0 small-vehicle 1
3840.0 2341.0 3837.0 2319.0 3892.0 2315.0 3893.0 2341.0 small-vehicle 1
3785.0 2342.0 3782.0 2319.0 3829.0 2317.0 3830.0 2342.0 small-vehicle 1
3707.0 2342.0 3708.0 2316.0 3750.0 2319.0 3747.0 2342.0 small-vehicle 1
4045.0 2456.0 4042.0 2428.0 4092.0 2429.0 4094.0 2458.0 small-vehicle 1
3968.0 4709.0 3971.0 4734.0 3927.0 4730.0 3929.0 4706.0 small-vehicle 1
3594.0 4700.0 3598.0 4726.0 3560.0 4726.0 3561.0 4700.0 small-vehicle 1
3554.0 4699.0 3559.0 4722.0 3515.0 4725.0 3513.0 4703.0 small-vehicle 1
4095.0 552.0 4096.0 576.0 4051.0 575.0 4052.0 554.0 small-vehicle 1
3840.0 502.0 3818.0 505.0 3815.0 467.0 3831.0 467.0 small-vehicle 1
3852.0 515.0 3873.0 512.0 3877.0 556.0 3858.0 558.0 small-vehicle 1
4127.0 543.0 4126.0 522.0 4175.0 520.0 4173.0 540.0 small-vehicle 1
4127.0 520.0 4124.0 503.0 4175.0 503.0 4176.0 520.0 small-vehicle 1
4171.0 461.0 4172.0 483.0 4130.0 485.0 4129.0 464.0 small-vehicle 1
4172.0 439.0 4172.0 465.0 4131.0 461.0 4130.0 441.0 small-vehicle 1
4115.0 408.0 4138.0 408.0 4138.0 450.0 4117.0 451.0 small-vehicle 1
4095.0 533.0 4097.0 550.0 4054.0 553.0 4053.0 535.0 small-vehicle 1
4134.0 577.0 4134.0 555.0 4179.0 555.0 4180.0 576.0 small-vehicle 1
4097.0 494.0 4097.0 518.0 4052.0 518.0 4054.0 499.0 small-vehicle 1
4097.0 475.0 4094.0 497.0 4052.0 493.0 4054.0 474.0 small-vehicle 1
4170.0 396.0 4175.0 420.0 4135.0 425.0 4133.0 404.0 small-vehicle 1
4355.0 315.0 4377.0 315.0 4380.0 360.0 4361.0 363.0 small-vehicle 1
4556.0 398.0 4582.0 398.0 4580.0 442.0 4556.0 442.0 small-vehicle 1
4408.0 645.0 4390.0 667.0 4358.0 640.0 4375.0 619.0 small-vehicle 1
4419.0 710.0 4438.0 709.0 4439.0 746.0 4417.0 746.0 small-vehicle 1
3820.0 423.0 3835.0 424.0 3839.0 466.0 3817.0 463.0 small-vehicle 1
4606.0 1761.0 4603.0 1737.0 4650.0 1737.0 4650.0 1762.0 small-vehicle 1
4263.0 4692.0 4263.0 4671.0 4302.0 4675.0 4302.0 4696.0 small-vehicle 1
4120.0 3334.0 4119.0 3313.0 4159.0 3316.0 4159.0 3335.0 small-vehicle 1
980.0 1749.0 979.0 1726.0 1022.0 1728.0 1025.0 1749.0 small-vehicle 1
929.0 1754.0 925.0 1731.0 966.0 1731.0 966.0 1753.0 small-vehicle 1
1387.0 76.0 1385.0 56.0 1421.0 56.0 1420.0 78.0 small-vehicle 1
1345.0 77.0 1343.0 57.0 1382.0 55.0 1383.0 78.0 small-vehicle 1
1234.0 65.0 1254.0 58.0 1262.0 95.0 1245.0 103.0 small-vehicle 1
3413.0 4609.0 3437.0 4607.0 3442.0 4653.0 3416.0 4655.0 small-vehicle 1
4164.0 3335.0 4163.0 3314.0 4206.0 3316.0 4206.0 3337.0 small-vehicle 1
4278.0 2215.0 4276.0 2189.0 4317.0 2190.0 4321.0 2216.0 small-vehicle 1
4386.0 1542.0 4402.0 1541.0 4403.0 1586.0 4381.0 1587.0 small-vehicle 1
4173.0 483.0 4196.0 480.0 4197.0 518.0 4181.0 521.0 small-vehicle 1
4231.0 538.0 4246.0 539.0 4246.0 574.0 4229.0 577.0 small-vehicle 1
4245.0 598.0 4244.0 582.0 4286.0 583.0 4286.0 597.0 small-vehicle 1
4452.0 784.0 4466.0 794.0 4447.0 827.0 4432.0 817.0 small-vehicle 1
4378.0 951.0 4402.0 947.0 4402.0 994.0 4384.0 992.0 small-vehicle 1
4386.0 1340.0 4402.0 1341.0 4406.0 1383.0 4387.0 1383.0 small-vehicle 1
4381.0 1494.0 4401.0 1493.0 4405.0 1534.0 4386.0 1536.0 small-vehicle 1
4413.0 747.0 4437.0 747.0 4435.0 787.0 4411.0 788.0 small-vehicle 1
4021.0 2995.0 4020.0 2971.0 4066.0 2971.0 4063.0 2996.0 small-vehicle 1
4687.0 2976.0 4709.0 2978.0 4708.0 3022.0 4686.0 3018.0 small-vehicle 1
4142.0 3897.0 4142.0 3871.0 4193.0 3874.0 4193.0 3898.0 small-vehicle 1
4541.0 3953.0 4538.0 3929.0 4594.0 3927.0 4589.0 3949.0 small-vehicle 1
4666.0 3902.0 4665.0 3875.0 4717.0 3876.0 4711.0 3905.0 small-vehicle 1
4569.0 3903.0 4566.0 3877.0 4620.0 3877.0 4616.0 3905.0 small-vehicle 1
4481.0 3900.0 4477.0 3869.0 4529.0 3869.0 4531.0 3902.0 small-vehicle 1
4415.0 3905.0 4411.0 3877.0 4461.0 3875.0 4461.0 3901.0 small-vehicle 1
4360.0 3899.0 4358.0 3873.0 4404.0 3874.0 4403.0 3896.0 small-vehicle 1
4293.0 3898.0 4293.0 3872.0 4348.0 3873.0 4345.0 3900.0 small-vehicle 1
4243.0 3948.0 4241.0 3920.0 4293.0 3919.0 4292.0 3948.0 small-vehicle 1
4650.0 2981.0 4669.0 2981.0 4670.0 3021.0 4652.0 3021.0 small-vehicle 1
4168.0 3971.0 4163.0 3949.0 4212.0 3951.0 4212.0 3972.0 small-vehicle 1
4605.0 4121.0 4593.0 4102.0 4630.0 4086.0 4645.0 4111.0 small-vehicle 1
4318.0 4140.0 4316.0 4115.0 4363.0 4111.0 4366.0 4138.0 small-vehicle 1
4516.0 4692.0 4518.0 4671.0 4561.0 4676.0 4560.0 4697.0 small-vehicle 1
4625.0 4694.0 4625.0 4673.0 4669.0 4674.0 4668.0 4698.0 small-vehicle 1
4677.0 4700.0 4677.0 4676.0 4718.0 4679.0 4714.0 4703.0 small-vehicle 1
4323.0 4710.0 4323.0 4732.0 4278.0 4734.0 4278.0 4708.0 small-vehicle 1
4348.0 3847.0 4349.0 3819.0 4417.0 3821.0 4409.0 3848.0 small-vehicle 1
4400.0 3376.0 4404.0 3401.0 4358.0 3403.0 4357.0 3382.0 small-vehicle 1
4236.0 3345.0 4234.0 3325.0 4278.0 3321.0 4278.0 3346.0 small-vehicle 1
4242.0 3284.0 4265.0 3285.0 4266.0 3325.0 4241.0 3324.0 small-vehicle 1
4616.0 2976.0 4639.0 2976.0 4635.0 3019.0 4610.0 3019.0 small-vehicle 1
4590.0 2975.0 4615.0 2976.0 4611.0 3018.0 4591.0 3019.0 small-vehicle 1
4746.0 3292.0 4764.0 3292.0 4766.0 3331.0 4745.0 3331.0 small-vehicle 1
4724.0 3290.0 4742.0 3287.0 4742.0 3333.0 4722.0 3333.0 small-vehicle 1
4683.0 3294.0 4705.0 3293.0 4707.0 3333.0 4683.0 3333.0 small-vehicle 1
4665.0 3291.0 4684.0 3291.0 4681.0 3332.0 4664.0 3333.0 small-vehicle 1
4629.0 3296.0 4646.0 3295.0 4648.0 3334.0 4630.0 3332.0 small-vehicle 1
4604.0 3293.0 4628.0 3291.0 4625.0 3331.0 4607.0 3330.0 small-vehicle 1
4569.0 3297.0 4588.0 3295.0 4591.0 3332.0 4570.0 3331.0 small-vehicle 1
4532.0 3296.0 4556.0 3297.0 4553.0 3331.0 4534.0 3333.0 small-vehicle 1
4509.0 3292.0 4533.0 3291.0 4529.0 3330.0 4509.0 3330.0 small-vehicle 1
4218.0 3377.0 4221.0 3404.0 4172.0 3405.0 4172.0 3381.0 small-vehicle 1
4258.0 3374.0 4261.0 3404.0 4224.0 3405.0 4224.0 3379.0 small-vehicle 1
4311.0 3378.0 4311.0 3405.0 4269.0 3404.0 4270.0 3375.0 small-vehicle 1
4187.0 3368.0 4188.0 3345.0 4227.0 3345.0 4231.0 3368.0 small-vehicle 1
4121.0 1298.0 4144.0 1293.0 4146.0 1335.0 4128.0 1336.0 small-vehicle 1
4012.0 1383.0 4033.0 1383.0 4026.0 1424.0 4008.0 1422.0 small-vehicle 1
2588.0 4139.0 2587.0 4114.0 2629.0 4118.0 2630.0 4144.0 small-vehicle 1
2207.0 2890.0 2210.0 2916.0 2157.0 2918.0 2160.0 2897.0 small-vehicle 1
2458.0 2509.0 2484.0 2509.0 2483.0 2559.0 2460.0 2559.0 small-vehicle 1
2510.0 2610.0 2531.0 2614.0 2527.0 2657.0 2510.0 2657.0 small-vehicle 1
2564.0 2652.0 2565.0 2674.0 2530.0 2675.0 2528.0 2654.0 small-vehicle 1
3227.0 2811.0 3253.0 2809.0 3253.0 2853.0 3228.0 2855.0 small-vehicle 1
3191.0 3011.0 3212.0 3010.0 3209.0 3044.0 3192.0 3048.0 small-vehicle 1
1662.0 2823.0 1690.0 2819.0 1695.0 2861.0 1671.0 2867.0 small-vehicle 1
2399.0 2820.0 2403.0 2842.0 2363.0 2848.0 2358.0 2829.0 small-vehicle 1
2338.0 2896.0 2338.0 2917.0 2291.0 2918.0 2296.0 2894.0 small-vehicle 1
2524.0 2386.0 2544.0 2373.0 2564.0 2402.0 2546.0 2417.0 small-vehicle 1
2400.0 2968.0 2425.0 2968.0 2421.0 3008.0 2401.0 3007.0 small-vehicle 1
2396.0 2923.0 2418.0 2920.0 2423.0 2965.0 2404.0 2965.0 small-vehicle 1
2436.0 3038.0 2460.0 3037.0 2461.0 3085.0 2436.0 3083.0 small-vehicle 1
2433.0 2986.0 2461.0 2986.0 2461.0 3028.0 2436.0 3027.0 small-vehicle 1
1473.0 3196.0 1498.0 3200.0 1491.0 3242.0 1469.0 3239.0 small-vehicle 1
3244.0 3321.0 3242.0 3301.0 3287.0 3300.0 3290.0 3323.0 small-vehicle 1
3041.0 3322.0 3038.0 3302.0 3087.0 3303.0 3086.0 3324.0 small-vehicle 1
2442.0 2449.0 2463.0 2451.0 2457.0 2494.0 2437.0 2496.0 small-vehicle 1
2658.0 2398.0 2675.0 2397.0 2674.0 2435.0 2657.0 2436.0 small-vehicle 1
1861.0 3394.0 1869.0 3419.0 1838.0 3429.0 1829.0 3406.0 small-vehicle 1
3252.0 2409.0 3276.0 2407.0 3279.0 2453.0 3252.0 2454.0 small-vehicle 1
3229.0 1845.0 3238.0 1871.0 3173.0 1880.0 3172.0 1854.0 small-vehicle 1
3196.0 2081.0 3217.0 2084.0 3214.0 2128.0 3189.0 2129.0 small-vehicle 1
2396.0 2089.0 2397.0 2118.0 2360.0 2118.0 2355.0 2092.0 small-vehicle 1
2505.0 2285.0 2484.0 2284.0 2484.0 2245.0 2501.0 2245.0 small-vehicle 1
3193.0 2339.0 3218.0 2337.0 3218.0 2381.0 3196.0 2381.0 small-vehicle 1
3194.0 2289.0 3220.0 2289.0 3216.0 2328.0 3193.0 2328.0 small-vehicle 1
3248.0 2324.0 3274.0 2315.0 3291.0 2359.0 3266.0 2366.0 small-vehicle 1
3188.0 2457.0 3214.0 2454.0 3219.0 2499.0 3193.0 2501.0 small-vehicle 1
2676.0 2398.0 2697.0 2397.0 2696.0 2432.0 2677.0 2434.0 small-vehicle 1
2076.0 2482.0 2101.0 2481.0 2100.0 2523.0 2075.0 2523.0 small-vehicle 1
2031.0 2480.0 2050.0 2484.0 2043.0 2516.0 2025.0 2514.0 small-vehicle 1
1995.0 2479.0 2015.0 2479.0 2012.0 2515.0 1992.0 2512.0 small-vehicle 1
2702.0 2669.0 2705.0 2698.0 2665.0 2699.0 2662.0 2673.0 small-vehicle 1
3089.0 2606.0 3087.0 2631.0 3045.0 2628.0 3048.0 2603.0 small-vehicle 1
2918.0 2627.0 2924.0 2651.0 2884.0 2659.0 2879.0 2635.0 small-vehicle 1
2834.0 2641.0 2836.0 2666.0 2797.0 2670.0 2795.0 2648.0 small-vehicle 1
2518.0 3326.0 2516.0 3303.0 2558.0 3301.0 2558.0 3327.0 small-vehicle 1
1964.0 3378.0 1970.0 3405.0 1921.0 3413.0 1916.0 3387.0 small-vehicle 1
3990.0 1379.0 4006.0 1378.0 4008.0 1420.0 3990.0 1419.0 small-vehicle 1
2853.0 4037.0 2851.0 4012.0 2897.0 4008.0 2901.0 4036.0 small-vehicle 1
1929.0 3823.0 1928.0 3803.0 1966.0 3801.0 1964.0 3824.0 small-vehicle 1
1888.0 3836.0 1893.0 3815.0 1931.0 3822.0 1923.0 3840.0 small-vehicle 1
2669.0 3956.0 2665.0 3924.0 2726.0 3923.0 2725.0 3953.0 small-vehicle 1
2817.0 3981.0 2819.0 3957.0 2872.0 3956.0 2868.0 3982.0 small-vehicle 1
3047.0 3956.0 3042.0 3933.0 3091.0 3924.0 3096.0 3950.0 small-vehicle 1
3138.0 3982.0 3132.0 3954.0 3182.0 3952.0 3189.0 3978.0 small-vehicle 1
3111.0 4015.0 3107.0 3988.0 3155.0 3990.0 3154.0 4016.0 small-vehicle 1
2537.0 4058.0 2537.0 4033.0 2579.0 4033.0 2577.0 4058.0 small-vehicle 1
2067.0 3827.0 2069.0 3808.0 2116.0 3810.0 2109.0 3827.0 small-vehicle 1
2632.0 4037.0 2629.0 4012.0 2677.0 4007.0 2675.0 4033.0 small-vehicle 1
2573.0 3975.0 2571.0 3950.0 2612.0 3950.0 2615.0 3975.0 small-vehicle 1
2473.0 3949.0 2470.0 3923.0 2519.0 3919.0 2519.0 3947.0 small-vehicle 1
2466.0 4016.0 2466.0 3990.0 2515.0 3988.0 2519.0 4012.0 small-vehicle 1
2272.0 4011.0 2271.0 3977.0 2333.0 3982.0 2321.0 4016.0 small-vehicle 1
3123.0 4147.0 3121.0 4114.0 3172.0 4114.0 3172.0 4145.0 small-vehicle 1
2908.0 4159.0 2904.0 4127.0 2957.0 4129.0 2952.0 4159.0 small-vehicle 1
2011.0 3849.0 2016.0 3827.0 2051.0 3831.0 2050.0 3851.0 small-vehicle 1
2262.0 3846.0 2261.0 3822.0 2311.0 3822.0 2308.0 3851.0 small-vehicle 1
2021.0 3367.0 2027.0 3398.0 1983.0 3400.0 1984.0 3375.0 small-vehicle 1
3134.0 3372.0 3135.0 3400.0 3093.0 3399.0 3089.0 3375.0 small-vehicle 1
2128.0 3366.0 2131.0 3393.0 2084.0 3397.0 2085.0 3370.0 small-vehicle 1
2305.0 3367.0 2308.0 3394.0 2267.0 3395.0 2266.0 3372.0 small-vehicle 1
2702.0 3370.0 2703.0 3398.0 2662.0 3399.0 2665.0 3373.0 small-vehicle 1
2755.0 3373.0 2758.0 3399.0 2716.0 3400.0 2716.0 3374.0 small-vehicle 1
2793.0 3372.0 2795.0 3398.0 2762.0 3399.0 2761.0 3374.0 small-vehicle 1
3028.0 3371.0 3033.0 3398.0 2991.0 3403.0 2989.0 3372.0 small-vehicle 1
3086.0 3372.0 3088.0 3400.0 3055.0 3399.0 3055.0 3376.0 small-vehicle 1
3259.0 3373.0 3259.0 3399.0 3217.0 3400.0 3216.0 3372.0 small-vehicle 1
2366.0 3832.0 2364.0 3811.0 2414.0 3810.0 2412.0 3832.0 small-vehicle 1
2131.0 3956.0 2134.0 3923.0 2238.0 3926.0 2238.0 3957.0 large-vehicle 1
2145.0 3832.0 2145.0 3806.0 2218.0 3805.0 2218.0 3831.0 large-vehicle 0
2923.0 3858.0 2924.0 3830.0 2985.0 3829.0 2986.0 3857.0 large-vehicle 0
3198.0 3903.0 3203.0 3875.0 3252.0 3884.0 3248.0 3910.0 small-vehicle 1
2861.0 3871.0 2866.0 3852.0 2912.0 3862.0 2902.0 3884.0 small-vehicle 1
2770.0 3859.0 2772.0 3839.0 2817.0 3844.0 2817.0 3865.0 small-vehicle 1
2688.0 3853.0 2687.0 3830.0 2735.0 3835.0 2737.0 3853.0 small-vehicle 1
1584.0 1829.0 1585.0 1802.0 1683.0 1798.0 1681.0 1830.0 large-vehicle 1
2061.0 1804.0 2061.0 1784.0 2108.0 1783.0 2107.0 1807.0 small-vehicle 1
2118.0 1803.0 2117.0 1782.0 2157.0 1781.0 2157.0 1806.0 small-vehicle 1
2975.0 366.0 2973.0 350.0 3014.0 348.0 3015.0 363.0 small-vehicle 1
3147.0 185.0 3142.0 167.0 3183.0 161.0 3184.0 180.0 small-vehicle 1
3055.0 160.0 3053.0 182.0 3004.0 180.0 3009.0 161.0 small-vehicle 1
3015.0 250.0 3005.0 233.0 3044.0 217.0 3053.0 237.0 small-vehicle 1
2974.0 287.0 2977.0 262.0 3018.0 271.0 3012.0 293.0 small-vehicle 1
3027.0 312.0 3019.0 293.0 3058.0 282.0 3065.0 303.0 small-vehicle 1
3021.0 330.0 3016.0 315.0 3060.0 307.0 3057.0 331.0 small-vehicle 1
2977.0 350.0 2976.0 331.0 3016.0 327.0 3019.0 346.0 small-vehicle 1
2977.0 382.0 2975.0 366.0 3018.0 365.0 3021.0 379.0 small-vehicle 1
3304.0 22.0 3325.0 22.0 3323.0 61.0 3301.0 60.0 small-vehicle 1
2973.0 408.0 2972.0 384.0 3017.0 384.0 3019.0 407.0 small-vehicle 1
2930.0 403.0 2930.0 426.0 2889.0 433.0 2888.0 404.0 small-vehicle 1
2900.0 293.0 2926.0 292.0 2923.0 337.0 2901.0 338.0 small-vehicle 1
2877.0 228.0 2902.0 225.0 2905.0 273.0 2885.0 275.0 small-vehicle 1
2859.0 234.0 2877.0 231.0 2881.0 274.0 2865.0 274.0 small-vehicle 1
2833.0 233.0 2859.0 229.0 2860.0 275.0 2839.0 279.0 small-vehicle 1
2842.0 174.0 2852.0 158.0 2892.0 183.0 2876.0 201.0 small-vehicle 1
3193.0 187.0 3186.0 164.0 3227.0 159.0 3231.0 183.0 small-vehicle 1
3305.0 73.0 3320.0 71.0 3327.0 104.0 3306.0 105.0 small-vehicle 1
2165.0 1802.0 2165.0 1776.0 2202.0 1780.0 2197.0 1802.0 small-vehicle 1
3274.0 1619.0 3296.0 1619.0 3299.0 1665.0 3275.0 1661.0 small-vehicle 1
3948.0 1382.0 3969.0 1381.0 3970.0 1417.0 3951.0 1417.0 small-vehicle 1
3902.0 1385.0 3922.0 1384.0 3926.0 1421.0 3907.0 1425.0 small-vehicle 1
3923.0 1380.0 3947.0 1380.0 3946.0 1419.0 3925.0 1421.0 small-vehicle 1
3869.0 1380.0 3886.0 1379.0 3890.0 1422.0 3867.0 1421.0 small-vehicle 1
3822.0 1384.0 3841.0 1381.0 3843.0 1418.0 3823.0 1420.0 small-vehicle 1
3657.0 1344.0 3678.0 1346.0 3675.0 1388.0 3659.0 1388.0 small-vehicle 1
3627.0 1348.0 3646.0 1348.0 3647.0 1393.0 3625.0 1393.0 small-vehicle 1
3278.0 1510.0 3295.0 1509.0 3295.0 1541.0 3281.0 1541.0 small-vehicle 1
3303.0 349.0 3324.0 349.0 3321.0 401.0 3301.0 397.0 small-vehicle 1
3276.0 1464.0 3296.0 1464.0 3296.0 1497.0 3274.0 1500.0 small-vehicle 1
3276.0 1415.0 3297.0 1414.0 3301.0 1458.0 3276.0 1457.0 small-vehicle 1
3274.0 1031.0 3293.0 1029.0 3293.0 1070.0 3273.0 1069.0 small-vehicle 1
3271.0 985.0 3292.0 982.0 3292.0 1025.0 3273.0 1025.0 small-vehicle 1
3267.0 882.0 3291.0 884.0 3293.0 926.0 3271.0 926.0 small-vehicle 1
3266.0 699.0 3286.0 699.0 3285.0 737.0 3264.0 736.0 small-vehicle 1
3270.0 786.0 3289.0 783.0 3295.0 822.0 3271.0 826.0 small-vehicle 1
2806.0 178.0 2817.0 161.0 2851.0 182.0 2845.0 201.0 small-vehicle 1
1992.0 130.0 2000.0 150.0 1967.0 170.0 1955.0 150.0 small-vehicle 1
2020.0 100.0 2035.0 120.0 2008.0 145.0 1992.0 127.0 small-vehicle 1
2627.0 1773.0 2627.0 1754.0 2669.0 1751.0 2668.0 1775.0 small-vehicle 1
2701.0 1752.0 2698.0 1734.0 2745.0 1732.0 2744.0 1754.0 small-vehicle 1
2701.0 1772.0 2702.0 1755.0 2751.0 1758.0 2752.0 1774.0 small-vehicle 1
2582.0 1715.0 2585.0 1690.0 2631.0 1696.0 2626.0 1715.0 small-vehicle 1
2632.0 1730.0 2629.0 1718.0 2661.0 1715.0 2664.0 1726.0 small-vehicle 1
2583.0 1734.0 2584.0 1717.0 2626.0 1718.0 2627.0 1732.0 small-vehicle 1
2629.0 1751.0 2627.0 1734.0 2666.0 1732.0 2665.0 1747.0 small-vehicle 1
2580.0 1753.0 2580.0 1735.0 2624.0 1737.0 2622.0 1752.0 small-vehicle 1
2584.0 1774.0 2583.0 1758.0 2620.0 1756.0 2622.0 1774.0 small-vehicle 1
1984.0 44.0 1988.0 69.0 1948.0 70.0 1949.0 47.0 small-vehicle 1
2451.0 1802.0 2449.0 1779.0 2494.0 1778.0 2491.0 1800.0 small-vehicle 1
2526.0 1831.0 2525.0 1807.0 2572.0 1807.0 2572.0 1831.0 small-vehicle 1
2608.0 1826.0 2608.0 1807.0 2655.0 1807.0 2656.0 1827.0 small-vehicle 1
2400.0 1830.0 2400.0 1807.0 2446.0 1808.0 2447.0 1831.0 small-vehicle 1
2311.0 1803.0 2307.0 1779.0 2354.0 1778.0 2354.0 1801.0 small-vehicle 1
2269.0 1833.0 2268.0 1807.0 2312.0 1809.0 2313.0 1832.0 small-vehicle 1
2202.0 1806.0 2204.0 1783.0 2242.0 1784.0 2241.0 1807.0 small-vehicle 1
2073.0 1728.0 2094.0 1726.0 2094.0 1768.0 2080.0 1770.0 small-vehicle 1
2098.0 1733.0 2117.0 1735.0 2116.0 1768.0 2095.0 1770.0 small-vehicle 1
2114.0 1733.0 2131.0 1732.0 2137.0 1768.0 2121.0 1767.0 small-vehicle 1
2133.0 1728.0 2152.0 1730.0 2152.0 1767.0 2136.0 1766.0 small-vehicle 1
2024.0 36.0 2029.0 62.0 1994.0 69.0 1988.0 47.0 small-vehicle 1
2078.0 28.0 2081.0 52.0 2039.0 61.0 2035.0 35.0 small-vehicle 1
2069.0 1333.0 2049.0 1350.0 2022.0 1310.0 2043.0 1291.0 small-vehicle 1
2067.0 1377.0 2048.0 1388.0 2029.0 1356.0 2045.0 1345.0 small-vehicle 1
2066.0 1409.0 2051.0 1425.0 2024.0 1391.0 2034.0 1380.0 small-vehicle 1
2711.0 1832.0 2712.0 1804.0 2812.0 1803.0 2808.0 1830.0 large-vehicle 1
2260.0 1754.0 2285.0 1746.0 2293.0 1786.0 2273.0 1793.0 small-vehicle 1
3204.0 1801.0 3203.0 1774.0 3246.0 1775.0 3253.0 1798.0 small-vehicle 1
3149.0 1799.0 3144.0 1777.0 3195.0 1774.0 3197.0 1799.0 small-vehicle 1
3099.0 1800.0 3098.0 1774.0 3142.0 1778.0 3142.0 1800.0 small-vehicle 1
2416.0 1734.0 2436.0 1732.0 2441.0 1771.0 2420.0 1770.0 small-vehicle 1
2438.0 1729.0 2457.0 1732.0 2459.0 1766.0 2443.0 1769.0 small-vehicle 1
2473.0 1731.0 2499.0 1730.0 2498.0 1767.0 2480.0 1769.0 small-vehicle 1
2176.0 1733.0 2198.0 1732.0 2198.0 1771.0 2179.0 1774.0 small-vehicle 1
2151.0 1729.0 2177.0 1729.0 2171.0 1767.0 2157.0 1768.0 small-vehicle 1
451.0 1994.0 546.0 1994.0 546.0 2182.0 451.0 2182.0 basketball-court 0
