imagesource:GoogleEarth
gsd:0.134785198692
1760.0 1089.0 1742.0 1088.0 1743.0 1050.0 1761.0 1051.0 small-vehicle 1
1399.0 515.0 1415.0 515.0 1415.0 553.0 1399.0 553.0 small-vehicle 0
1270.0 662.0 1287.0 662.0 1287.0 702.0 1270.0 702.0 small-vehicle 0
1289.0 663.0 1306.0 663.0 1306.0 700.0 1289.0 700.0 small-vehicle 0
1309.0 663.0 1323.0 663.0 1323.0 697.0 1309.0 697.0 small-vehicle 0
1326.0 663.0 1342.0 663.0 1342.0 699.0 1326.0 699.0 small-vehicle 0
1346.0 664.0 1360.0 664.0 1360.0 697.0 1346.0 697.0 small-vehicle 0
1364.0 664.0 1379.0 664.0 1379.0 699.0 1364.0 699.0 small-vehicle 0
1383.0 664.0 1397.0 664.0 1397.0 698.0 1383.0 698.0 small-vehicle 0
1400.0 663.0 1416.0 663.0 1416.0 699.0 1400.0 699.0 small-vehicle 0
1419.0 661.0 1436.0 661.0 1436.0 699.0 1419.0 699.0 small-vehicle 0
1438.0 665.0 1454.0 665.0 1454.0 698.0 1438.0 698.0 small-vehicle 0
1455.0 664.0 1471.0 664.0 1471.0 698.0 1455.0 698.0 small-vehicle 0
1474.0 663.0 1489.0 663.0 1489.0 701.0 1474.0 701.0 small-vehicle 0
1491.0 663.0 1510.0 663.0 1510.0 698.0 1491.0 698.0 small-vehicle 0
1510.0 663.0 1528.0 663.0 1528.0 699.0 1510.0 699.0 small-vehicle 0
1528.0 662.0 1546.0 662.0 1546.0 698.0 1528.0 698.0 small-vehicle 0
1547.0 662.0 1564.0 662.0 1564.0 699.0 1547.0 699.0 small-vehicle 0
1566.0 663.0 1583.0 663.0 1583.0 700.0 1566.0 700.0 small-vehicle 0
1585.0 662.0 1601.0 662.0 1601.0 695.0 1585.0 695.0 small-vehicle 0
1603.0 662.0 1621.0 662.0 1621.0 701.0 1603.0 701.0 small-vehicle 0
1251.0 663.0 1268.0 663.0 1268.0 701.0 1251.0 701.0 small-vehicle 0
1235.0 663.0 1249.0 663.0 1249.0 699.0 1235.0 699.0 small-vehicle 0
1215.0 662.0 1231.0 662.0 1231.0 697.0 1215.0 697.0 small-vehicle 0
1583.0 515.0 1600.0 515.0 1600.0 553.0 1583.0 553.0 small-vehicle 0
1436.0 514.0 1452.0 514.0 1452.0 552.0 1436.0 552.0 small-vehicle 0
1455.0 516.0 1470.0 516.0 1470.0 553.0 1455.0 553.0 small-vehicle 0
1473.0 515.0 1488.0 515.0 1488.0 552.0 1473.0 552.0 small-vehicle 0
1492.0 515.0 1507.0 515.0 1507.0 553.0 1492.0 553.0 small-vehicle 0
1510.0 514.0 1526.0 514.0 1526.0 553.0 1510.0 553.0 small-vehicle 0
1528.0 514.0 1544.0 514.0 1544.0 553.0 1528.0 553.0 small-vehicle 0
1546.0 515.0 1561.0 515.0 1561.0 553.0 1546.0 553.0 small-vehicle 0
1565.0 516.0 1582.0 516.0 1582.0 553.0 1565.0 553.0 small-vehicle 0
1028.0 663.0 1044.0 663.0 1044.0 699.0 1028.0 699.0 small-vehicle 0
1197.0 662.0 1212.0 662.0 1212.0 698.0 1197.0 698.0 small-vehicle 0
1046.0 663.0 1062.0 663.0 1062.0 701.0 1046.0 701.0 small-vehicle 0
1065.0 662.0 1081.0 662.0 1081.0 700.0 1065.0 700.0 small-vehicle 0
1083.0 660.0 1100.0 660.0 1100.0 697.0 1083.0 697.0 small-vehicle 0
1103.0 663.0 1118.0 663.0 1118.0 696.0 1103.0 696.0 small-vehicle 0
1121.0 662.0 1136.0 662.0 1136.0 699.0 1121.0 699.0 small-vehicle 0
1140.0 661.0 1155.0 661.0 1155.0 698.0 1140.0 698.0 small-vehicle 0
1159.0 663.0 1176.0 663.0 1176.0 700.0 1159.0 700.0 small-vehicle 0
1179.0 662.0 1192.0 662.0 1192.0 697.0 1179.0 697.0 small-vehicle 0
1028.0 701.0 1043.0 701.0 1043.0 735.0 1028.0 735.0 small-vehicle 0
1045.0 702.0 1063.0 702.0 1063.0 736.0 1045.0 736.0 small-vehicle 0
1065.0 700.0 1081.0 700.0 1081.0 734.0 1065.0 734.0 small-vehicle 0
1065.0 806.0 1082.0 806.0 1082.0 844.0 1065.0 844.0 small-vehicle 0
1510.0 697.0 1527.0 697.0 1527.0 733.0 1510.0 733.0 small-vehicle 0
1530.0 698.0 1547.0 698.0 1547.0 734.0 1530.0 734.0 small-vehicle 0
1548.0 698.0 1564.0 698.0 1564.0 733.0 1548.0 733.0 small-vehicle 0
1565.0 699.0 1582.0 699.0 1582.0 734.0 1565.0 734.0 small-vehicle 0
1583.0 698.0 1602.0 698.0 1602.0 733.0 1583.0 733.0 small-vehicle 0
1603.0 699.0 1620.0 699.0 1620.0 735.0 1603.0 735.0 small-vehicle 0
1029.0 807.0 1045.0 807.0 1045.0 845.0 1029.0 845.0 small-vehicle 0
1047.0 806.0 1065.0 806.0 1065.0 843.0 1047.0 843.0 small-vehicle 0
1084.0 805.0 1100.0 805.0 1100.0 843.0 1084.0 843.0 small-vehicle 0
1476.0 700.0 1490.0 700.0 1490.0 734.0 1476.0 734.0 small-vehicle 0
1102.0 804.0 1119.0 804.0 1119.0 844.0 1102.0 844.0 small-vehicle 0
1122.0 805.0 1138.0 805.0 1138.0 843.0 1122.0 843.0 small-vehicle 0
1140.0 802.0 1155.0 802.0 1155.0 843.0 1140.0 843.0 small-vehicle 0
1158.0 804.0 1174.0 804.0 1174.0 843.0 1158.0 843.0 small-vehicle 0
1177.0 803.0 1194.0 803.0 1194.0 842.0 1177.0 842.0 small-vehicle 0
1195.0 807.0 1211.0 807.0 1211.0 845.0 1195.0 845.0 small-vehicle 0
1214.0 805.0 1232.0 805.0 1232.0 842.0 1214.0 842.0 small-vehicle 0
1232.0 804.0 1250.0 804.0 1250.0 841.0 1232.0 841.0 small-vehicle 0
1492.0 699.0 1509.0 699.0 1509.0 736.0 1492.0 736.0 small-vehicle 0
1455.0 701.0 1472.0 701.0 1472.0 733.0 1455.0 733.0 small-vehicle 0
1083.0 698.0 1099.0 698.0 1099.0 734.0 1083.0 734.0 small-vehicle 0
1251.0 700.0 1268.0 700.0 1268.0 733.0 1251.0 733.0 small-vehicle 0
1103.0 698.0 1117.0 698.0 1117.0 732.0 1103.0 732.0 small-vehicle 0
1120.0 700.0 1136.0 700.0 1136.0 732.0 1120.0 732.0 small-vehicle 0
1140.0 698.0 1156.0 698.0 1156.0 733.0 1140.0 733.0 small-vehicle 0
1160.0 699.0 1175.0 699.0 1175.0 733.0 1160.0 733.0 small-vehicle 0
1178.0 697.0 1193.0 697.0 1193.0 734.0 1178.0 734.0 small-vehicle 0
1196.0 699.0 1212.0 699.0 1212.0 734.0 1196.0 734.0 small-vehicle 0
1215.0 699.0 1230.0 699.0 1230.0 735.0 1215.0 735.0 small-vehicle 0
1233.0 699.0 1251.0 699.0 1251.0 735.0 1233.0 735.0 small-vehicle 0
1270.0 701.0 1286.0 701.0 1286.0 733.0 1270.0 733.0 small-vehicle 0
1437.0 701.0 1454.0 701.0 1454.0 735.0 1437.0 735.0 small-vehicle 0
1288.0 700.0 1304.0 700.0 1304.0 735.0 1288.0 735.0 small-vehicle 0
1307.0 699.0 1324.0 699.0 1324.0 735.0 1307.0 735.0 small-vehicle 0
1327.0 699.0 1342.0 699.0 1342.0 735.0 1327.0 735.0 small-vehicle 0
1347.0 697.0 1361.0 697.0 1361.0 732.0 1347.0 732.0 small-vehicle 0
1364.0 698.0 1378.0 698.0 1378.0 735.0 1364.0 735.0 small-vehicle 0
1380.0 697.0 1397.0 697.0 1397.0 735.0 1380.0 735.0 small-vehicle 0
1400.0 698.0 1418.0 698.0 1418.0 735.0 1400.0 735.0 small-vehicle 0
1420.0 700.0 1434.0 700.0 1434.0 734.0 1420.0 734.0 small-vehicle 0
1416.0 515.0 1434.0 515.0 1434.0 553.0 1416.0 553.0 small-vehicle 0
1380.0 515.0 1395.0 515.0 1395.0 552.0 1380.0 552.0 small-vehicle 0
706.0 631.0 708.0 647.0 673.0 647.0 675.0 628.0 small-vehicle 0
1362.0 513.0 1377.0 513.0 1377.0 553.0 1362.0 553.0 small-vehicle 0
815.0 1183.0 832.0 1183.0 832.0 1220.0 815.0 1220.0 small-vehicle 0
815.0 1141.0 833.0 1141.0 833.0 1182.0 815.0 1182.0 small-vehicle 0
837.0 1111.0 853.0 1111.0 853.0 1147.0 837.0 1147.0 small-vehicle 0
839.0 1149.0 854.0 1149.0 854.0 1181.0 839.0 1181.0 small-vehicle 0
837.0 1182.0 854.0 1182.0 854.0 1216.0 837.0 1216.0 small-vehicle 0
855.0 1107.0 872.0 1107.0 872.0 1141.0 855.0 1141.0 small-vehicle 0
856.0 1143.0 871.0 1143.0 871.0 1183.0 856.0 1183.0 small-vehicle 0
855.0 1184.0 871.0 1184.0 871.0 1219.0 855.0 1219.0 small-vehicle 0
873.0 1152.0 888.0 1152.0 888.0 1182.0 873.0 1182.0 small-vehicle 0
891.0 1182.0 909.0 1182.0 909.0 1220.0 891.0 1220.0 small-vehicle 0
928.0 1144.0 947.0 1144.0 947.0 1184.0 928.0 1184.0 small-vehicle 0
927.0 1185.0 945.0 1185.0 945.0 1219.0 927.0 1219.0 small-vehicle 0
734.0 1225.0 749.0 1225.0 749.0 1258.0 734.0 1258.0 small-vehicle 0
713.0 1223.0 730.0 1223.0 730.0 1261.0 713.0 1261.0 small-vehicle 0
1027.0 476.0 1044.0 476.0 1044.0 515.0 1027.0 515.0 small-vehicle 0
1046.0 477.0 1063.0 477.0 1063.0 515.0 1046.0 515.0 small-vehicle 0
1065.0 478.0 1082.0 478.0 1082.0 515.0 1065.0 515.0 small-vehicle 0
1085.0 477.0 1099.0 477.0 1099.0 515.0 1085.0 515.0 small-vehicle 0
1103.0 474.0 1118.0 474.0 1118.0 515.0 1103.0 515.0 small-vehicle 0
797.0 1176.0 812.0 1176.0 812.0 1216.0 797.0 1216.0 small-vehicle 0
793.0 1137.0 809.0 1137.0 809.0 1173.0 793.0 1173.0 small-vehicle 0
757.0 1178.0 773.0 1178.0 773.0 1219.0 757.0 1219.0 small-vehicle 0
587.0 905.0 610.0 903.0 610.0 942.0 585.0 940.0 small-vehicle 0
708.0 665.0 707.0 687.0 669.0 684.0 669.0 665.0 small-vehicle 0
706.0 688.0 707.0 705.0 677.0 704.0 677.0 689.0 small-vehicle 0
707.0 705.0 707.0 725.0 677.0 724.0 676.0 705.0 small-vehicle 0
706.0 726.0 707.0 746.0 671.0 747.0 671.0 727.0 small-vehicle 0
707.0 751.0 708.0 769.0 672.0 769.0 673.0 751.0 small-vehicle 0
707.0 770.0 706.0 787.0 669.0 788.0 670.0 769.0 small-vehicle 0
593.0 838.0 607.0 839.0 607.0 867.0 590.0 868.0 small-vehicle 0
590.0 867.0 608.0 868.0 608.0 904.0 586.0 901.0 small-vehicle 0
556.0 917.0 574.0 915.0 575.0 950.0 555.0 948.0 small-vehicle 0
720.0 1182.0 734.0 1182.0 734.0 1220.0 720.0 1220.0 small-vehicle 0
557.0 960.0 572.0 959.0 575.0 995.0 555.0 995.0 small-vehicle 0
637.0 821.0 652.0 821.0 653.0 852.0 635.0 852.0 small-vehicle 0
658.0 1156.0 672.0 1156.0 670.0 1184.0 655.0 1182.0 small-vehicle 0
672.0 1218.0 656.0 1218.0 656.0 1184.0 673.0 1185.0 small-vehicle 0
701.0 1131.0 715.0 1130.0 716.0 1159.0 702.0 1162.0 small-vehicle 0
720.0 1143.0 735.0 1142.0 734.0 1179.0 717.0 1180.0 small-vehicle 0
740.0 1141.0 753.0 1142.0 753.0 1174.0 738.0 1173.0 small-vehicle 0
737.0 1178.0 755.0 1178.0 755.0 1220.0 737.0 1220.0 small-vehicle 0
1122.0 475.0 1136.0 475.0 1136.0 513.0 1122.0 513.0 small-vehicle 0
1141.0 474.0 1156.0 474.0 1156.0 513.0 1141.0 513.0 small-vehicle 0
1158.0 475.0 1174.0 475.0 1174.0 514.0 1158.0 514.0 small-vehicle 0
1178.0 515.0 1193.0 515.0 1193.0 552.0 1178.0 552.0 small-vehicle 0
1026.0 515.0 1044.0 515.0 1044.0 555.0 1026.0 555.0 small-vehicle 0
1046.0 515.0 1063.0 515.0 1063.0 554.0 1046.0 554.0 small-vehicle 0
1064.0 515.0 1080.0 515.0 1080.0 554.0 1064.0 554.0 small-vehicle 0
1084.0 514.0 1099.0 514.0 1099.0 555.0 1084.0 555.0 small-vehicle 0
1101.0 515.0 1118.0 515.0 1118.0 554.0 1101.0 554.0 small-vehicle 0
1121.0 515.0 1136.0 515.0 1136.0 553.0 1121.0 553.0 small-vehicle 0
1138.0 515.0 1156.0 515.0 1156.0 553.0 1138.0 553.0 small-vehicle 0
1159.0 515.0 1174.0 515.0 1174.0 555.0 1159.0 555.0 small-vehicle 0
1195.0 517.0 1211.0 517.0 1211.0 552.0 1195.0 552.0 small-vehicle 0
1566.0 474.0 1581.0 474.0 1581.0 515.0 1566.0 515.0 small-vehicle 0
1214.0 516.0 1228.0 516.0 1228.0 553.0 1214.0 553.0 small-vehicle 0
1232.0 515.0 1247.0 515.0 1247.0 555.0 1232.0 555.0 small-vehicle 0
1250.0 516.0 1267.0 516.0 1267.0 553.0 1250.0 553.0 small-vehicle 0
1269.0 516.0 1285.0 516.0 1285.0 552.0 1269.0 552.0 small-vehicle 0
1287.0 514.0 1303.0 514.0 1303.0 553.0 1287.0 553.0 small-vehicle 0
1306.0 515.0 1322.0 515.0 1322.0 552.0 1306.0 552.0 small-vehicle 0
1324.0 514.0 1340.0 514.0 1340.0 552.0 1324.0 552.0 small-vehicle 0
1344.0 515.0 1359.0 515.0 1359.0 553.0 1344.0 553.0 small-vehicle 0
1582.0 474.0 1601.0 474.0 1601.0 516.0 1582.0 516.0 small-vehicle 0
1548.0 475.0 1562.0 475.0 1562.0 515.0 1548.0 515.0 small-vehicle 0
1178.0 477.0 1192.0 477.0 1192.0 514.0 1178.0 514.0 small-vehicle 0
1344.0 475.0 1358.0 475.0 1358.0 514.0 1344.0 514.0 small-vehicle 0
1195.0 475.0 1212.0 475.0 1212.0 515.0 1195.0 515.0 small-vehicle 0
1214.0 476.0 1230.0 476.0 1230.0 517.0 1214.0 517.0 small-vehicle 0
1231.0 474.0 1247.0 474.0 1247.0 515.0 1231.0 515.0 small-vehicle 0
1249.0 474.0 1265.0 474.0 1265.0 515.0 1249.0 515.0 small-vehicle 0
1268.0 473.0 1284.0 473.0 1284.0 515.0 1268.0 515.0 small-vehicle 0
1287.0 474.0 1303.0 474.0 1303.0 514.0 1287.0 514.0 small-vehicle 0
1306.0 475.0 1321.0 475.0 1321.0 513.0 1306.0 513.0 small-vehicle 0
1325.0 474.0 1340.0 474.0 1340.0 515.0 1325.0 515.0 small-vehicle 0
1360.0 473.0 1376.0 473.0 1376.0 513.0 1360.0 513.0 small-vehicle 0
1527.0 475.0 1544.0 475.0 1544.0 513.0 1527.0 513.0 small-vehicle 0
1381.0 474.0 1395.0 474.0 1395.0 515.0 1381.0 515.0 small-vehicle 0
1399.0 474.0 1414.0 474.0 1414.0 512.0 1399.0 512.0 small-vehicle 0
1418.0 474.0 1433.0 474.0 1433.0 515.0 1418.0 515.0 small-vehicle 0
1436.0 473.0 1449.0 473.0 1449.0 512.0 1436.0 512.0 small-vehicle 0
1453.0 470.0 1471.0 470.0 1471.0 515.0 1453.0 515.0 small-vehicle 0
1473.0 475.0 1487.0 475.0 1487.0 514.0 1473.0 514.0 small-vehicle 0
1491.0 475.0 1506.0 475.0 1506.0 513.0 1491.0 513.0 small-vehicle 0
1510.0 473.0 1526.0 473.0 1526.0 514.0 1510.0 514.0 small-vehicle 0
1250.0 803.0 1269.0 803.0 1269.0 842.0 1250.0 842.0 small-vehicle 0
1270.0 807.0 1286.0 807.0 1286.0 844.0 1270.0 844.0 small-vehicle 0
1290.0 808.0 1304.0 808.0 1304.0 843.0 1290.0 843.0 small-vehicle 0
1308.0 809.0 1323.0 809.0 1323.0 845.0 1308.0 845.0 small-vehicle 0
1120.0 1490.0 1134.0 1490.0 1134.0 1522.0 1120.0 1522.0 small-vehicle 0
1121.0 1524.0 1135.0 1524.0 1135.0 1552.0 1121.0 1552.0 small-vehicle 0
1120.0 1552.0 1134.0 1552.0 1134.0 1583.0 1120.0 1583.0 small-vehicle 0
1101.0 1550.0 1115.0 1550.0 1115.0 1584.0 1101.0 1584.0 small-vehicle 0
1153.0 1509.0 1170.0 1509.0 1170.0 1552.0 1153.0 1552.0 small-vehicle 0
1156.0 1552.0 1170.0 1552.0 1170.0 1585.0 1156.0 1585.0 small-vehicle 0
1173.0 1507.0 1189.0 1507.0 1189.0 1545.0 1173.0 1545.0 small-vehicle 0
1174.0 1545.0 1189.0 1545.0 1189.0 1584.0 1174.0 1584.0 small-vehicle 0
1211.0 1498.0 1228.0 1498.0 1228.0 1540.0 1211.0 1540.0 small-vehicle 0
1209.0 1540.0 1227.0 1540.0 1227.0 1582.0 1209.0 1582.0 small-vehicle 0
1251.0 1554.0 1265.0 1554.0 1265.0 1586.0 1251.0 1586.0 small-vehicle 0
1266.0 1554.0 1280.0 1554.0 1280.0 1586.0 1266.0 1586.0 small-vehicle 0
1282.0 1554.0 1296.0 1554.0 1296.0 1585.0 1282.0 1585.0 small-vehicle 0
1298.0 1553.0 1314.0 1553.0 1314.0 1582.0 1298.0 1582.0 small-vehicle 0
1318.0 1556.0 1331.0 1556.0 1331.0 1585.0 1318.0 1585.0 small-vehicle 0
1349.0 1556.0 1362.0 1556.0 1362.0 1582.0 1349.0 1582.0 small-vehicle 0
1364.0 1554.0 1381.0 1554.0 1381.0 1584.0 1364.0 1584.0 small-vehicle 0
1386.0 1552.0 1399.0 1552.0 1399.0 1583.0 1386.0 1583.0 small-vehicle 0
1406.0 1548.0 1421.0 1548.0 1421.0 1583.0 1406.0 1583.0 small-vehicle 0
1010.0 1554.0 1024.0 1554.0 1024.0 1584.0 1010.0 1584.0 small-vehicle 0
1012.0 1525.0 1026.0 1525.0 1026.0 1554.0 1012.0 1554.0 small-vehicle 0
1011.0 1493.0 1024.0 1493.0 1024.0 1524.0 1011.0 1524.0 small-vehicle 0
1066.0 1369.0 1080.0 1369.0 1080.0 1407.0 1066.0 1407.0 small-vehicle 0
1626.0 1104.0 1641.0 1104.0 1641.0 1144.0 1626.0 1144.0 small-vehicle 0
1647.0 1105.0 1662.0 1105.0 1662.0 1142.0 1647.0 1142.0 small-vehicle 0
1155.0 1316.0 1172.0 1316.0 1172.0 1356.0 1155.0 1356.0 small-vehicle 0
1156.0 1356.0 1171.0 1356.0 1171.0 1392.0 1156.0 1392.0 small-vehicle 0
1155.0 1394.0 1172.0 1394.0 1172.0 1430.0 1155.0 1430.0 small-vehicle 0
1156.0 1430.0 1174.0 1430.0 1174.0 1469.0 1156.0 1469.0 small-vehicle 0
1045.0 1331.0 1062.0 1331.0 1062.0 1373.0 1045.0 1373.0 small-vehicle 0
1047.0 1372.0 1061.0 1372.0 1061.0 1401.0 1047.0 1401.0 small-vehicle 0
1065.0 1407.0 1082.0 1407.0 1082.0 1446.0 1065.0 1446.0 small-vehicle 0
1064.0 1547.0 1078.0 1547.0 1078.0 1582.0 1064.0 1582.0 small-vehicle 0
1064.0 1447.0 1080.0 1447.0 1080.0 1484.0 1064.0 1484.0 small-vehicle 0
1065.0 1485.0 1081.0 1485.0 1081.0 1518.0 1065.0 1518.0 small-vehicle 0
1046.0 1403.0 1063.0 1403.0 1063.0 1441.0 1046.0 1441.0 small-vehicle 0
1046.0 1441.0 1062.0 1441.0 1062.0 1476.0 1046.0 1476.0 small-vehicle 0
1045.0 1478.0 1060.0 1478.0 1060.0 1514.0 1045.0 1514.0 small-vehicle 0
1045.0 1514.0 1060.0 1514.0 1060.0 1550.0 1045.0 1550.0 small-vehicle 0
1044.0 1551.0 1059.0 1551.0 1059.0 1584.0 1044.0 1584.0 small-vehicle 0
1066.0 1519.0 1079.0 1519.0 1079.0 1547.0 1066.0 1547.0 small-vehicle 0
1426.0 1546.0 1442.0 1546.0 1442.0 1584.0 1426.0 1584.0 small-vehicle 0
1447.0 1547.0 1464.0 1547.0 1464.0 1584.0 1447.0 1584.0 small-vehicle 0
1470.0 1546.0 1486.0 1546.0 1486.0 1584.0 1470.0 1584.0 small-vehicle 0
742.0 563.0 742.0 544.0 782.0 542.0 782.0 563.0 small-vehicle 0
1585.0 955.0 1603.0 955.0 1603.0 996.0 1585.0 996.0 small-vehicle 0
1604.0 960.0 1621.0 960.0 1621.0 999.0 1604.0 999.0 small-vehicle 0
742.0 451.0 742.0 433.0 780.0 433.0 780.0 451.0 small-vehicle 0
743.0 470.0 742.0 450.0 781.0 452.0 780.0 470.0 small-vehicle 0
742.0 488.0 743.0 469.0 780.0 469.0 780.0 488.0 small-vehicle 0
743.0 507.0 742.0 491.0 780.0 489.0 780.0 507.0 small-vehicle 0
743.0 526.0 743.0 508.0 781.0 507.0 781.0 525.0 small-vehicle 0
743.0 544.0 743.0 526.0 780.0 525.0 782.0 542.0 small-vehicle 0
743.0 582.0 742.0 562.0 782.0 561.0 780.0 582.0 small-vehicle 0
1550.0 956.0 1565.0 956.0 1565.0 992.0 1550.0 992.0 small-vehicle 0
743.0 600.0 743.0 581.0 781.0 582.0 782.0 600.0 small-vehicle 0
744.0 619.0 743.0 600.0 781.0 600.0 781.0 618.0 small-vehicle 0
744.0 636.0 743.0 619.0 781.0 618.0 781.0 637.0 small-vehicle 0
744.0 656.0 744.0 635.0 783.0 636.0 782.0 657.0 small-vehicle 0
744.0 674.0 744.0 656.0 781.0 656.0 782.0 674.0 small-vehicle 0
744.0 690.0 743.0 674.0 781.0 674.0 781.0 692.0 small-vehicle 0
743.0 711.0 743.0 690.0 781.0 691.0 780.0 711.0 small-vehicle 0
744.0 729.0 745.0 712.0 781.0 712.0 783.0 731.0 small-vehicle 0
1568.0 956.0 1583.0 956.0 1583.0 997.0 1568.0 997.0 small-vehicle 0
1531.0 955.0 1547.0 955.0 1547.0 993.0 1531.0 993.0 small-vehicle 0
1491.0 1551.0 1505.0 1551.0 1505.0 1581.0 1491.0 1581.0 small-vehicle 0
1325.0 957.0 1342.0 957.0 1342.0 998.0 1325.0 998.0 small-vehicle 0
1509.0 1548.0 1525.0 1548.0 1525.0 1579.0 1509.0 1579.0 small-vehicle 0
1527.0 1544.0 1545.0 1544.0 1545.0 1583.0 1527.0 1583.0 small-vehicle 0
1555.0 1548.0 1569.0 1548.0 1569.0 1578.0 1555.0 1578.0 small-vehicle 0
1575.0 1543.0 1592.0 1543.0 1592.0 1583.0 1575.0 1583.0 small-vehicle 0
1595.0 1545.0 1612.0 1545.0 1612.0 1580.0 1595.0 1580.0 small-vehicle 0
1618.0 1542.0 1637.0 1542.0 1637.0 1583.0 1618.0 1583.0 small-vehicle 0
1654.0 1548.0 1670.0 1548.0 1670.0 1581.0 1654.0 1581.0 small-vehicle 0
1306.0 957.0 1323.0 957.0 1323.0 999.0 1306.0 999.0 small-vehicle 0
1344.0 957.0 1360.0 957.0 1360.0 996.0 1344.0 996.0 small-vehicle 0
1512.0 954.0 1529.0 954.0 1529.0 994.0 1512.0 994.0 small-vehicle 0
1365.0 958.0 1379.0 958.0 1379.0 996.0 1365.0 996.0 small-vehicle 0
1382.0 957.0 1397.0 957.0 1397.0 995.0 1382.0 995.0 small-vehicle 0
1401.0 959.0 1416.0 959.0 1416.0 992.0 1401.0 992.0 small-vehicle 0
1420.0 958.0 1436.0 958.0 1436.0 994.0 1420.0 994.0 small-vehicle 0
1437.0 956.0 1454.0 956.0 1454.0 995.0 1437.0 995.0 small-vehicle 0
1457.0 956.0 1474.0 956.0 1474.0 991.0 1457.0 991.0 small-vehicle 0
1476.0 957.0 1490.0 957.0 1490.0 991.0 1476.0 991.0 small-vehicle 0
1493.0 956.0 1509.0 956.0 1509.0 991.0 1493.0 991.0 small-vehicle 0
1606.0 1102.0 1622.0 1102.0 1622.0 1141.0 1606.0 1141.0 small-vehicle 0
1587.0 1102.0 1604.0 1102.0 1604.0 1143.0 1587.0 1143.0 small-vehicle 0
1567.0 1102.0 1585.0 1102.0 1585.0 1142.0 1567.0 1142.0 small-vehicle 0
1211.0 845.0 1233.0 845.0 1233.0 881.0 1211.0 881.0 small-vehicle 0
1065.0 845.0 1082.0 845.0 1082.0 881.0 1065.0 881.0 small-vehicle 0
1084.0 847.0 1101.0 847.0 1101.0 880.0 1084.0 880.0 small-vehicle 0
1102.0 845.0 1117.0 845.0 1117.0 880.0 1102.0 880.0 small-vehicle 0
1122.0 844.0 1137.0 844.0 1137.0 880.0 1122.0 880.0 small-vehicle 0
1140.0 843.0 1157.0 843.0 1157.0 882.0 1140.0 882.0 small-vehicle 0
1159.0 844.0 1177.0 844.0 1177.0 882.0 1159.0 882.0 small-vehicle 0
1177.0 842.0 1195.0 842.0 1195.0 882.0 1177.0 882.0 small-vehicle 0
1197.0 845.0 1214.0 845.0 1214.0 881.0 1197.0 881.0 small-vehicle 0
1234.0 844.0 1250.0 844.0 1250.0 878.0 1234.0 878.0 small-vehicle 0
1029.0 846.0 1045.0 846.0 1045.0 881.0 1029.0 881.0 small-vehicle 0
1250.0 844.0 1269.0 844.0 1269.0 881.0 1250.0 881.0 small-vehicle 0
1269.0 845.0 1286.0 845.0 1286.0 880.0 1269.0 880.0 small-vehicle 0
1288.0 845.0 1305.0 845.0 1305.0 880.0 1288.0 880.0 small-vehicle 0
1307.0 848.0 1322.0 848.0 1322.0 882.0 1307.0 882.0 small-vehicle 0
1326.0 845.0 1344.0 845.0 1344.0 874.0 1326.0 874.0 small-vehicle 0
1345.0 845.0 1361.0 845.0 1361.0 879.0 1345.0 879.0 small-vehicle 0
1362.0 843.0 1380.0 843.0 1380.0 880.0 1362.0 880.0 small-vehicle 0
1381.0 843.0 1398.0 843.0 1398.0 877.0 1381.0 877.0 small-vehicle 0
1049.0 845.0 1063.0 845.0 1063.0 881.0 1049.0 881.0 small-vehicle 0
1604.0 843.0 1621.0 843.0 1621.0 883.0 1604.0 883.0 small-vehicle 0
1419.0 842.0 1435.0 842.0 1435.0 882.0 1419.0 882.0 small-vehicle 0
1475.0 805.0 1491.0 805.0 1491.0 843.0 1475.0 843.0 small-vehicle 0
1326.0 809.0 1342.0 809.0 1342.0 845.0 1326.0 845.0 small-vehicle 0
1345.0 808.0 1361.0 808.0 1361.0 846.0 1345.0 846.0 small-vehicle 0
1363.0 807.0 1380.0 807.0 1380.0 843.0 1363.0 843.0 small-vehicle 0
1383.0 805.0 1398.0 805.0 1398.0 844.0 1383.0 844.0 small-vehicle 0
1400.0 804.0 1417.0 804.0 1417.0 843.0 1400.0 843.0 small-vehicle 0
1419.0 803.0 1437.0 803.0 1437.0 843.0 1419.0 843.0 small-vehicle 0
1438.0 803.0 1455.0 803.0 1455.0 841.0 1438.0 841.0 small-vehicle 0
1457.0 802.0 1472.0 802.0 1472.0 837.0 1457.0 837.0 small-vehicle 0
1495.0 809.0 1510.0 809.0 1510.0 841.0 1495.0 841.0 small-vehicle 0
1585.0 845.0 1602.0 845.0 1602.0 881.0 1585.0 881.0 small-vehicle 0
1512.0 807.0 1529.0 807.0 1529.0 840.0 1512.0 840.0 small-vehicle 0
1530.0 806.0 1547.0 806.0 1547.0 843.0 1530.0 843.0 small-vehicle 0
1548.0 806.0 1565.0 806.0 1565.0 842.0 1548.0 842.0 small-vehicle 0
1567.0 805.0 1582.0 805.0 1582.0 841.0 1567.0 841.0 small-vehicle 0
1584.0 805.0 1601.0 805.0 1601.0 845.0 1584.0 845.0 small-vehicle 0
1605.0 805.0 1621.0 805.0 1621.0 843.0 1605.0 843.0 small-vehicle 0
1548.0 842.0 1565.0 842.0 1565.0 881.0 1548.0 881.0 small-vehicle 0
1570.0 850.0 1585.0 850.0 1585.0 880.0 1570.0 880.0 small-vehicle 0
1402.0 840.0 1418.0 840.0 1418.0 880.0 1402.0 880.0 small-vehicle 0
1437.0 841.0 1454.0 841.0 1454.0 881.0 1437.0 881.0 small-vehicle 0
1549.0 1103.0 1566.0 1103.0 1566.0 1144.0 1549.0 1144.0 small-vehicle 0
1364.0 1104.0 1378.0 1104.0 1378.0 1140.0 1364.0 1140.0 small-vehicle 0
1214.0 1107.0 1233.0 1107.0 1233.0 1146.0 1214.0 1146.0 small-vehicle 0
1233.0 1106.0 1248.0 1106.0 1248.0 1143.0 1233.0 1143.0 small-vehicle 0
1250.0 1104.0 1266.0 1104.0 1266.0 1144.0 1250.0 1144.0 small-vehicle 0
1268.0 1103.0 1284.0 1103.0 1284.0 1145.0 1268.0 1145.0 small-vehicle 0
1288.0 1104.0 1305.0 1104.0 1305.0 1144.0 1288.0 1144.0 small-vehicle 0
1308.0 1104.0 1323.0 1104.0 1323.0 1141.0 1308.0 1141.0 small-vehicle 0
1325.0 1104.0 1342.0 1104.0 1342.0 1140.0 1325.0 1140.0 small-vehicle 0
1345.0 1105.0 1360.0 1105.0 1360.0 1138.0 1345.0 1138.0 small-vehicle 0
1382.0 1104.0 1397.0 1104.0 1397.0 1144.0 1382.0 1144.0 small-vehicle 0
1048.0 1104.0 1064.0 1104.0 1064.0 1143.0 1048.0 1143.0 small-vehicle 0
1399.0 1103.0 1416.0 1103.0 1416.0 1144.0 1399.0 1144.0 small-vehicle 0
1419.0 1104.0 1435.0 1104.0 1435.0 1144.0 1419.0 1144.0 small-vehicle 0
1437.0 1103.0 1453.0 1103.0 1453.0 1144.0 1437.0 1144.0 small-vehicle 0
1456.0 1104.0 1471.0 1104.0 1471.0 1144.0 1456.0 1144.0 small-vehicle 0
1474.0 1103.0 1488.0 1103.0 1488.0 1143.0 1474.0 1143.0 small-vehicle 0
1492.0 1103.0 1509.0 1103.0 1509.0 1144.0 1492.0 1144.0 small-vehicle 0
1512.0 1104.0 1527.0 1104.0 1527.0 1143.0 1512.0 1143.0 small-vehicle 0
1528.0 1104.0 1546.0 1104.0 1546.0 1146.0 1528.0 1146.0 small-vehicle 0
1195.0 1106.0 1212.0 1106.0 1212.0 1146.0 1195.0 1146.0 small-vehicle 0
1289.0 957.0 1304.0 957.0 1304.0 995.0 1289.0 995.0 small-vehicle 0
1455.0 843.0 1472.0 843.0 1472.0 880.0 1455.0 880.0 small-vehicle 0
1085.0 956.0 1100.0 956.0 1100.0 991.0 1085.0 991.0 small-vehicle 0
1474.0 843.0 1491.0 843.0 1491.0 880.0 1474.0 880.0 small-vehicle 0
1494.0 844.0 1509.0 844.0 1509.0 875.0 1494.0 875.0 small-vehicle 0
1511.0 844.0 1530.0 844.0 1530.0 878.0 1511.0 878.0 small-vehicle 0
1529.0 843.0 1547.0 843.0 1547.0 880.0 1529.0 880.0 small-vehicle 0
1011.0 960.0 1026.0 960.0 1026.0 993.0 1011.0 993.0 small-vehicle 0
1028.0 958.0 1045.0 958.0 1045.0 994.0 1028.0 994.0 small-vehicle 0
1047.0 957.0 1064.0 957.0 1064.0 993.0 1047.0 993.0 small-vehicle 0
1064.0 956.0 1083.0 956.0 1083.0 995.0 1064.0 995.0 small-vehicle 0
1102.0 955.0 1119.0 955.0 1119.0 993.0 1102.0 993.0 small-vehicle 0
1270.0 956.0 1286.0 956.0 1286.0 994.0 1270.0 994.0 small-vehicle 0
1123.0 956.0 1140.0 956.0 1140.0 993.0 1123.0 993.0 small-vehicle 0
1141.0 955.0 1158.0 955.0 1158.0 993.0 1141.0 993.0 small-vehicle 0
1160.0 954.0 1176.0 954.0 1176.0 990.0 1160.0 990.0 small-vehicle 0
1177.0 953.0 1195.0 953.0 1195.0 996.0 1177.0 996.0 small-vehicle 0
1196.0 954.0 1213.0 954.0 1213.0 995.0 1196.0 995.0 small-vehicle 0
1215.0 953.0 1232.0 953.0 1232.0 997.0 1215.0 997.0 small-vehicle 0
1235.0 955.0 1249.0 955.0 1249.0 996.0 1235.0 996.0 small-vehicle 0
1252.0 956.0 1268.0 956.0 1268.0 990.0 1252.0 990.0 small-vehicle 0
709.0 647.0 710.0 665.0 673.0 665.0 673.0 647.0 small-vehicle 0
706.0 610.0 708.0 628.0 669.0 627.0 669.0 610.0 small-vehicle 0
743.0 767.0 742.0 749.0 781.0 749.0 782.0 767.0 small-vehicle 0
103.0 441.0 118.0 441.0 118.0 468.0 103.0 468.0 small-vehicle 0
191.0 751.0 192.0 737.0 220.0 738.0 219.0 752.0 small-vehicle 0
224.0 750.0 223.0 736.0 251.0 737.0 251.0 751.0 small-vehicle 0
212.0 771.0 213.0 756.0 243.0 758.0 240.0 772.0 small-vehicle 0
210.0 791.0 211.0 778.0 246.0 775.0 247.0 791.0 small-vehicle 0
210.0 809.0 210.0 795.0 246.0 792.0 248.0 808.0 small-vehicle 0
220.0 827.0 222.0 812.0 250.0 811.0 251.0 826.0 small-vehicle 0
216.0 849.0 215.0 832.0 246.0 832.0 247.0 847.0 small-vehicle 0
215.0 865.0 215.0 850.0 243.0 850.0 243.0 863.0 small-vehicle 0
217.0 881.0 216.0 869.0 247.0 869.0 247.0 882.0 small-vehicle 0
216.0 901.0 215.0 887.0 243.0 888.0 245.0 901.0 small-vehicle 0
216.0 921.0 215.0 904.0 248.0 906.0 248.0 923.0 small-vehicle 0
217.0 937.0 218.0 923.0 248.0 923.0 246.0 937.0 small-vehicle 0
221.0 958.0 221.0 943.0 250.0 943.0 249.0 958.0 small-vehicle 0
217.0 974.0 215.0 962.0 251.0 961.0 250.0 974.0 small-vehicle 0
207.0 995.0 206.0 978.0 247.0 978.0 246.0 993.0 small-vehicle 0
210.0 1012.0 209.0 997.0 251.0 997.0 250.0 1013.0 small-vehicle 0
219.0 1035.0 218.0 1019.0 249.0 1019.0 249.0 1033.0 small-vehicle 0
215.0 1050.0 215.0 1032.0 248.0 1034.0 248.0 1052.0 small-vehicle 0
214.0 1072.0 212.0 1054.0 254.0 1053.0 253.0 1072.0 small-vehicle 0
155.0 753.0 155.0 737.0 187.0 738.0 187.0 755.0 small-vehicle 0
107.0 753.0 107.0 738.0 137.0 739.0 136.0 754.0 small-vehicle 0
116.0 738.0 113.0 720.0 160.0 719.0 159.0 735.0 small-vehicle 0
206.0 356.0 222.0 356.0 222.0 388.0 206.0 388.0 small-vehicle 0
136.0 439.0 150.0 439.0 150.0 467.0 136.0 467.0 small-vehicle 0
151.0 440.0 165.0 440.0 165.0 469.0 151.0 469.0 small-vehicle 0
168.0 440.0 182.0 440.0 182.0 469.0 168.0 469.0 small-vehicle 0
185.0 438.0 199.0 438.0 199.0 468.0 185.0 468.0 small-vehicle 0
200.0 401.0 215.0 401.0 215.0 429.0 200.0 429.0 small-vehicle 0
217.0 400.0 232.0 400.0 232.0 436.0 217.0 436.0 small-vehicle 0
227.0 353.0 245.0 353.0 245.0 395.0 227.0 395.0 small-vehicle 0
235.0 397.0 250.0 397.0 250.0 428.0 235.0 428.0 small-vehicle 0
135.0 475.0 150.0 475.0 150.0 509.0 135.0 509.0 small-vehicle 0
62.0 763.0 61.0 776.0 32.0 775.0 34.0 760.0 small-vehicle 0
89.0 358.0 106.0 358.0 106.0 407.0 89.0 407.0 small-vehicle 0
67.0 548.0 67.0 566.0 28.0 566.0 28.0 547.0 small-vehicle 0
62.0 530.0 61.0 546.0 30.0 547.0 28.0 531.0 small-vehicle 0
58.0 515.0 58.0 528.0 30.0 530.0 30.0 513.0 small-vehicle 0
67.0 584.0 66.0 599.0 28.0 599.0 31.0 583.0 small-vehicle 0
66.0 689.0 67.0 705.0 30.0 707.0 29.0 689.0 small-vehicle 0
68.0 705.0 65.0 725.0 31.0 723.0 30.0 707.0 small-vehicle 0
67.0 742.0 67.0 758.0 27.0 759.0 28.0 740.0 small-vehicle 0
216.0 1089.0 215.0 1074.0 252.0 1071.0 252.0 1087.0 small-vehicle 0
184.0 1106.0 185.0 1092.0 216.0 1091.0 215.0 1106.0 small-vehicle 0
179.0 1088.0 178.0 1072.0 213.0 1073.0 213.0 1087.0 small-vehicle 0
141.0 901.0 140.0 886.0 173.0 886.0 172.0 901.0 small-vehicle 0
100.0 774.0 99.0 756.0 140.0 756.0 140.0 771.0 small-vehicle 0
140.0 772.0 140.0 755.0 169.0 755.0 170.0 771.0 small-vehicle 0
128.0 790.0 129.0 773.0 169.0 773.0 168.0 790.0 small-vehicle 0
141.0 810.0 142.0 793.0 172.0 793.0 173.0 809.0 small-vehicle 0
140.0 829.0 139.0 813.0 176.0 812.0 176.0 827.0 small-vehicle 0
144.0 848.0 145.0 832.0 181.0 831.0 181.0 849.0 small-vehicle 0
140.0 867.0 140.0 850.0 179.0 850.0 179.0 865.0 small-vehicle 0
144.0 881.0 144.0 866.0 179.0 866.0 178.0 881.0 small-vehicle 0
106.0 902.0 106.0 886.0 137.0 887.0 136.0 902.0 small-vehicle 0
151.0 1049.0 149.0 1034.0 175.0 1036.0 176.0 1049.0 small-vehicle 0
110.0 883.0 110.0 868.0 140.0 868.0 141.0 883.0 small-vehicle 0
110.0 866.0 109.0 849.0 138.0 849.0 139.0 865.0 small-vehicle 0
108.0 848.0 109.0 830.0 143.0 830.0 143.0 848.0 small-vehicle 0
104.0 810.0 104.0 794.0 140.0 792.0 139.0 808.0 small-vehicle 0
164.0 735.0 164.0 718.0 213.0 718.0 213.0 735.0 small-vehicle 0
214.0 733.0 213.0 718.0 247.0 718.0 248.0 733.0 small-vehicle 0
61.0 832.0 61.0 847.0 34.0 847.0 33.0 831.0 small-vehicle 0
61.0 852.0 61.0 866.0 35.0 866.0 34.0 852.0 small-vehicle 0
62.0 425.0 62.0 440.0 30.0 441.0 30.0 424.0 small-vehicle 0
142.0 1067.0 142.0 1054.0 173.0 1054.0 173.0 1067.0 small-vehicle 0
181.0 1067.0 181.0 1052.0 212.0 1053.0 211.0 1067.0 small-vehicle 0
178.0 903.0 176.0 886.0 211.0 885.0 212.0 901.0 small-vehicle 0
183.0 1048.0 182.0 1034.0 212.0 1035.0 213.0 1050.0 small-vehicle 0
187.0 1032.0 187.0 1018.0 216.0 1019.0 215.0 1033.0 small-vehicle 0
177.0 1013.0 177.0 997.0 208.0 999.0 209.0 1012.0 small-vehicle 0
164.0 994.0 164.0 978.0 201.0 979.0 202.0 993.0 small-vehicle 0
185.0 974.0 185.0 959.0 216.0 960.0 216.0 975.0 small-vehicle 0
183.0 956.0 183.0 942.0 212.0 941.0 213.0 955.0 small-vehicle 0
182.0 937.0 182.0 924.0 215.0 924.0 216.0 939.0 small-vehicle 0
185.0 918.0 183.0 903.0 214.0 903.0 214.0 916.0 small-vehicle 0
179.0 881.0 181.0 867.0 213.0 867.0 213.0 882.0 small-vehicle 0
145.0 1086.0 145.0 1071.0 176.0 1072.0 177.0 1084.0 small-vehicle 0
179.0 863.0 180.0 849.0 212.0 850.0 211.0 863.0 small-vehicle 0
185.0 848.0 183.0 834.0 212.0 833.0 211.0 845.0 small-vehicle 0
180.0 828.0 182.0 812.0 216.0 813.0 217.0 830.0 small-vehicle 0
176.0 807.0 176.0 795.0 206.0 795.0 206.0 809.0 small-vehicle 0
175.0 789.0 175.0 775.0 205.0 777.0 203.0 791.0 small-vehicle 0
174.0 774.0 175.0 756.0 209.0 757.0 210.0 773.0 small-vehicle 0
142.0 1110.0 141.0 1092.0 184.0 1090.0 181.0 1109.0 small-vehicle 0
114.0 1085.0 114.0 1071.0 144.0 1071.0 142.0 1086.0 small-vehicle 0
120.0 440.0 133.0 440.0 133.0 468.0 120.0 468.0 small-vehicle 0
186.0 400.0 199.0 401.0 199.0 429.0 185.0 427.0 small-vehicle 0
707.0 593.0 706.0 610.0 671.0 610.0 670.0 592.0 small-vehicle 0
167.0 391.0 180.0 390.0 181.0 422.0 167.0 423.0 small-vehicle 0
295.0 150.0 309.0 151.0 305.0 178.0 290.0 177.0 small-vehicle 0
289.0 139.0 274.0 140.0 273.0 102.0 292.0 103.0 small-vehicle 0
291.0 96.0 275.0 96.0 274.0 62.0 293.0 64.0 small-vehicle 0
273.0 144.0 256.0 144.0 255.0 109.0 271.0 109.0 small-vehicle 0
289.0 369.0 288.0 387.0 249.0 385.0 251.0 368.0 small-vehicle 0
287.0 390.0 288.0 406.0 249.0 404.0 249.0 390.0 small-vehicle 0
291.0 407.0 290.0 424.0 255.0 423.0 254.0 405.0 small-vehicle 0
286.0 426.0 286.0 442.0 256.0 442.0 255.0 425.0 small-vehicle 0
286.0 444.0 286.0 462.0 251.0 462.0 249.0 444.0 small-vehicle 0
286.0 462.0 286.0 479.0 249.0 477.0 250.0 462.0 small-vehicle 0
286.0 478.0 287.0 496.0 247.0 497.0 246.0 478.0 small-vehicle 0
287.0 497.0 286.0 518.0 249.0 516.0 249.0 500.0 small-vehicle 0
285.0 516.0 286.0 533.0 250.0 535.0 248.0 517.0 small-vehicle 0
287.0 535.0 287.0 554.0 250.0 552.0 250.0 535.0 small-vehicle 0
286.0 553.0 286.0 573.0 250.0 571.0 248.0 554.0 small-vehicle 0
286.0 571.0 287.0 591.0 250.0 590.0 250.0 573.0 small-vehicle 0
287.0 591.0 287.0 609.0 250.0 609.0 250.0 591.0 small-vehicle 0
287.0 610.0 287.0 628.0 251.0 627.0 251.0 609.0 small-vehicle 0
214.0 532.0 212.0 516.0 246.0 516.0 245.0 532.0 small-vehicle 0
494.0 161.0 480.0 161.0 479.0 126.0 495.0 126.0 small-vehicle 0
473.0 163.0 460.0 160.0 461.0 128.0 473.0 128.0 small-vehicle 0
478.0 169.0 492.0 170.0 493.0 203.0 478.0 204.0 small-vehicle 0
260.0 227.0 244.0 225.0 249.0 189.0 265.0 193.0 small-vehicle 0
85.0 193.0 68.0 193.0 69.0 158.0 85.0 159.0 small-vehicle 0
101.0 193.0 85.0 195.0 86.0 158.0 103.0 159.0 small-vehicle 0
119.0 194.0 102.0 193.0 104.0 162.0 120.0 163.0 small-vehicle 0
158.0 195.0 138.0 195.0 138.0 160.0 157.0 160.0 small-vehicle 0
228.0 165.0 244.0 164.0 243.0 202.0 226.0 200.0 small-vehicle 0
192.0 273.0 174.0 275.0 173.0 235.0 191.0 235.0 small-vehicle 0
267.0 284.0 254.0 271.0 280.0 244.0 293.0 259.0 small-vehicle 0
287.0 229.0 268.0 230.0 269.0 188.0 287.0 189.0 small-vehicle 0
138.0 280.0 121.0 281.0 119.0 235.0 139.0 236.0 small-vehicle 0
458.0 174.0 471.0 174.0 473.0 206.0 460.0 207.0 small-vehicle 0
158.0 277.0 142.0 274.0 142.0 236.0 159.0 236.0 small-vehicle 0
119.0 271.0 102.0 271.0 103.0 236.0 120.0 233.0 small-vehicle 0
86.0 271.0 65.0 269.0 68.0 235.0 87.0 235.0 small-vehicle 0
67.0 269.0 49.0 268.0 49.0 239.0 67.0 235.0 small-vehicle 0
353.0 166.0 369.0 168.0 369.0 204.0 351.0 203.0 small-vehicle 0
373.0 167.0 391.0 168.0 394.0 202.0 374.0 203.0 small-vehicle 0
418.0 172.0 434.0 171.0 436.0 208.0 416.0 207.0 small-vehicle 0
437.0 172.0 452.0 171.0 453.0 203.0 439.0 204.0 small-vehicle 0
207.0 550.0 207.0 533.0 245.0 533.0 245.0 550.0 small-vehicle 0
211.0 567.0 210.0 552.0 241.0 551.0 241.0 565.0 small-vehicle 0
199.0 586.0 200.0 568.0 240.0 569.0 238.0 587.0 small-vehicle 0
133.0 623.0 134.0 607.0 169.0 609.0 168.0 624.0 small-vehicle 0
162.0 586.0 161.0 570.0 199.0 570.0 199.0 586.0 small-vehicle 0
172.0 605.0 210.0 604.0 210.0 588.0 171.0 587.0 small-vehicle 0
171.0 623.0 207.0 623.0 207.0 607.0 173.0 606.0 small-vehicle 0
168.0 643.0 168.0 626.0 205.0 626.0 205.0 642.0 small-vehicle 0
167.0 661.0 168.0 645.0 203.0 646.0 203.0 662.0 small-vehicle 0
118.0 590.0 118.0 571.0 157.0 571.0 156.0 590.0 small-vehicle 0
103.0 606.0 103.0 592.0 135.0 591.0 135.0 605.0 small-vehicle 0
139.0 604.0 139.0 591.0 171.0 591.0 171.0 605.0 small-vehicle 0
131.0 642.0 132.0 627.0 167.0 626.0 167.0 643.0 small-vehicle 0
282.0 1094.0 282.0 1109.0 255.0 1109.0 256.0 1093.0 small-vehicle 0
131.0 661.0 131.0 643.0 167.0 642.0 166.0 660.0 small-vehicle 0
138.0 679.0 139.0 664.0 175.0 663.0 175.0 678.0 small-vehicle 0
150.0 701.0 151.0 681.0 208.0 680.0 207.0 700.0 small-vehicle 0
118.0 698.0 119.0 682.0 149.0 682.0 150.0 699.0 small-vehicle 0
101.0 681.0 101.0 663.0 135.0 663.0 136.0 678.0 small-vehicle 0
100.0 663.0 99.0 642.0 131.0 644.0 131.0 662.0 small-vehicle 0
100.0 644.0 100.0 627.0 131.0 626.0 132.0 644.0 small-vehicle 0
101.0 625.0 100.0 608.0 133.0 607.0 133.0 624.0 small-vehicle 0
172.0 568.0 171.0 552.0 206.0 551.0 207.0 566.0 small-vehicle 0
290.0 1033.0 290.0 1054.0 254.0 1055.0 254.0 1034.0 small-vehicle 0
212.0 625.0 213.0 606.0 250.0 607.0 247.0 625.0 small-vehicle 0
290.0 740.0 288.0 758.0 251.0 757.0 252.0 740.0 small-vehicle 0
206.0 645.0 205.0 624.0 250.0 624.0 251.0 644.0 small-vehicle 0
206.0 663.0 207.0 645.0 249.0 644.0 247.0 662.0 small-vehicle 0
288.0 647.0 289.0 665.0 251.0 667.0 250.0 647.0 small-vehicle 0
212.0 683.0 214.0 662.0 250.0 663.0 251.0 682.0 small-vehicle 0
284.0 670.0 285.0 682.0 259.0 683.0 257.0 669.0 small-vehicle 0
287.0 681.0 289.0 701.0 251.0 702.0 250.0 683.0 small-vehicle 0
288.0 703.0 288.0 721.0 251.0 723.0 250.0 703.0 small-vehicle 0
290.0 722.0 290.0 738.0 252.0 740.0 252.0 723.0 small-vehicle 0
286.0 757.0 285.0 775.0 255.0 775.0 253.0 757.0 small-vehicle 0
288.0 1000.0 289.0 1015.0 257.0 1017.0 257.0 1000.0 small-vehicle 0
288.0 775.0 289.0 794.0 251.0 793.0 251.0 775.0 small-vehicle 0
288.0 812.0 289.0 832.0 256.0 831.0 256.0 813.0 small-vehicle 0
289.0 832.0 288.0 850.0 255.0 849.0 255.0 831.0 small-vehicle 0
288.0 850.0 288.0 868.0 254.0 868.0 253.0 849.0 small-vehicle 0
286.0 869.0 289.0 886.0 252.0 887.0 253.0 867.0 small-vehicle 0
289.0 887.0 290.0 905.0 253.0 905.0 252.0 887.0 small-vehicle 0
288.0 943.0 288.0 963.0 254.0 961.0 254.0 944.0 small-vehicle 0
288.0 980.0 289.0 999.0 253.0 999.0 254.0 979.0 small-vehicle 0
103.0 941.0 102.0 922.0 141.0 923.0 140.0 941.0 small-vehicle 0
112.0 959.0 113.0 941.0 148.0 942.0 148.0 959.0 small-vehicle 0
149.0 959.0 149.0 942.0 179.0 942.0 178.0 957.0 small-vehicle 0
142.0 940.0 140.0 922.0 177.0 922.0 177.0 936.0 small-vehicle 0
514.0 1035.0 517.0 1058.0 473.0 1056.0 473.0 1035.0 small-vehicle 0
513.0 980.0 511.0 1000.0 474.0 1000.0 472.0 981.0 small-vehicle 0
508.0 965.0 510.0 979.0 480.0 979.0 481.0 965.0 small-vehicle 0
512.0 944.0 512.0 963.0 477.0 963.0 477.0 944.0 small-vehicle 0
509.0 908.0 510.0 925.0 478.0 923.0 479.0 908.0 small-vehicle 0
510.0 888.0 510.0 907.0 472.0 906.0 473.0 887.0 small-vehicle 0
513.0 869.0 513.0 888.0 473.0 888.0 475.0 871.0 small-vehicle 0
511.0 855.0 510.0 869.0 479.0 869.0 479.0 855.0 small-vehicle 0
514.0 834.0 515.0 852.0 478.0 850.0 478.0 833.0 small-vehicle 0
512.0 815.0 510.0 829.0 476.0 830.0 475.0 814.0 small-vehicle 0
514.0 796.0 514.0 814.0 473.0 815.0 475.0 796.0 small-vehicle 0
516.0 777.0 516.0 796.0 476.0 796.0 475.0 777.0 small-vehicle 0
514.0 758.0 515.0 777.0 474.0 777.0 474.0 757.0 small-vehicle 0
515.0 739.0 515.0 758.0 474.0 758.0 474.0 740.0 small-vehicle 0
511.0 721.0 512.0 740.0 472.0 740.0 473.0 721.0 small-vehicle 0
507.0 706.0 507.0 719.0 480.0 720.0 480.0 704.0 small-vehicle 0
510.0 686.0 509.0 704.0 476.0 702.0 475.0 687.0 small-vehicle 0
511.0 666.0 512.0 685.0 475.0 685.0 473.0 666.0 small-vehicle 0
508.0 647.0 510.0 665.0 476.0 665.0 475.0 648.0 small-vehicle 0
511.0 1055.0 512.0 1073.0 477.0 1074.0 477.0 1055.0 small-vehicle 0
511.0 1091.0 511.0 1113.0 473.0 1111.0 474.0 1092.0 small-vehicle 0
437.0 1073.0 437.0 1055.0 473.0 1055.0 473.0 1075.0 small-vehicle 0
442.0 625.0 440.0 611.0 471.0 609.0 473.0 627.0 small-vehicle 0
439.0 457.0 439.0 442.0 473.0 442.0 473.0 456.0 small-vehicle 0
433.0 480.0 432.0 462.0 473.0 462.0 475.0 479.0 small-vehicle 0
435.0 497.0 436.0 479.0 469.0 479.0 468.0 497.0 small-vehicle 0
436.0 514.0 436.0 499.0 470.0 498.0 468.0 516.0 small-vehicle 0
436.0 531.0 436.0 514.0 470.0 515.0 470.0 534.0 small-vehicle 0
435.0 553.0 434.0 534.0 474.0 532.0 472.0 552.0 small-vehicle 0
436.0 571.0 436.0 554.0 474.0 552.0 473.0 571.0 small-vehicle 0
435.0 612.0 435.0 589.0 474.0 588.0 473.0 609.0 small-vehicle 0
434.0 646.0 434.0 625.0 473.0 626.0 473.0 647.0 small-vehicle 0
441.0 1032.0 441.0 1019.0 468.0 1019.0 468.0 1030.0 small-vehicle 0
435.0 667.0 436.0 646.0 473.0 647.0 472.0 664.0 small-vehicle 0
437.0 699.0 438.0 681.0 473.0 682.0 474.0 700.0 small-vehicle 0
435.0 718.0 439.0 700.0 474.0 700.0 475.0 718.0 small-vehicle 0
438.0 851.0 438.0 828.0 476.0 830.0 474.0 851.0 small-vehicle 0
438.0 887.0 436.0 866.0 474.0 868.0 475.0 889.0 small-vehicle 0
436.0 922.0 436.0 905.0 472.0 906.0 473.0 924.0 small-vehicle 0
440.0 943.0 439.0 924.0 464.0 924.0 464.0 943.0 small-vehicle 0
435.0 1018.0 436.0 998.0 475.0 998.0 473.0 1018.0 small-vehicle 0
511.0 628.0 511.0 647.0 472.0 647.0 474.0 628.0 small-vehicle 0
511.0 612.0 510.0 627.0 483.0 627.0 483.0 612.0 small-vehicle 0
511.0 592.0 511.0 611.0 473.0 612.0 474.0 593.0 small-vehicle 0
706.0 406.0 705.0 423.0 668.0 423.0 668.0 406.0 small-vehicle 0
629.0 625.0 628.0 609.0 662.0 609.0 661.0 624.0 small-vehicle 0
629.0 706.0 629.0 683.0 669.0 682.0 668.0 705.0 small-vehicle 0
629.0 744.0 629.0 726.0 668.0 724.0 667.0 745.0 small-vehicle 0
629.0 762.0 628.0 744.0 668.0 743.0 666.0 765.0 small-vehicle 0
628.0 785.0 628.0 766.0 667.0 764.0 668.0 785.0 small-vehicle 0
700.0 346.0 700.0 366.0 644.0 365.0 642.0 346.0 small-vehicle 0
705.0 370.0 704.0 385.0 668.0 383.0 669.0 369.0 small-vehicle 0
704.0 389.0 704.0 404.0 668.0 405.0 668.0 388.0 small-vehicle 0
706.0 423.0 706.0 443.0 672.0 442.0 673.0 423.0 small-vehicle 0
633.0 586.0 632.0 572.0 663.0 571.0 663.0 588.0 small-vehicle 0
706.0 443.0 706.0 460.0 673.0 463.0 673.0 441.0 small-vehicle 0
706.0 460.0 705.0 480.0 669.0 482.0 669.0 462.0 small-vehicle 0
706.0 480.0 705.0 499.0 671.0 499.0 670.0 482.0 small-vehicle 0
706.0 498.0 706.0 516.0 667.0 515.0 668.0 498.0 small-vehicle 0
706.0 516.0 707.0 536.0 670.0 536.0 668.0 515.0 small-vehicle 0
707.0 535.0 706.0 554.0 668.0 555.0 668.0 535.0 small-vehicle 0
706.0 554.0 706.0 570.0 669.0 572.0 669.0 555.0 small-vehicle 0
707.0 571.0 707.0 592.0 673.0 591.0 672.0 574.0 small-vehicle 0
629.0 610.0 627.0 590.0 669.0 591.0 668.0 609.0 small-vehicle 0
630.0 555.0 631.0 534.0 668.0 533.0 669.0 553.0 small-vehicle 0
513.0 572.0 512.0 591.0 474.0 593.0 473.0 572.0 small-vehicle 0
512.0 368.0 512.0 388.0 475.0 386.0 475.0 368.0 small-vehicle 0
511.0 555.0 512.0 571.0 473.0 572.0 474.0 553.0 small-vehicle 0
512.0 535.0 512.0 553.0 474.0 553.0 474.0 536.0 small-vehicle 0
512.0 516.0 513.0 536.0 473.0 538.0 472.0 516.0 small-vehicle 0
512.0 479.0 511.0 498.0 474.0 499.0 474.0 479.0 small-vehicle 0
511.0 443.0 512.0 462.0 475.0 462.0 476.0 444.0 small-vehicle 0
512.0 424.0 512.0 442.0 475.0 443.0 476.0 424.0 small-vehicle 0
513.0 405.0 512.0 425.0 476.0 424.0 474.0 406.0 small-vehicle 0
514.0 386.0 513.0 403.0 475.0 406.0 475.0 386.0 small-vehicle 0
596.0 453.0 583.0 454.0 582.0 429.0 598.0 429.0 small-vehicle 0
631.0 534.0 631.0 517.0 667.0 514.0 668.0 533.0 small-vehicle 0
583.0 457.0 597.0 457.0 597.0 486.0 582.0 486.0 small-vehicle 0
626.0 386.0 625.0 368.0 660.0 368.0 660.0 385.0 small-vehicle 0
630.0 402.0 632.0 385.0 666.0 387.0 665.0 404.0 small-vehicle 0
628.0 423.0 628.0 405.0 665.0 404.0 664.0 423.0 small-vehicle 0
634.0 438.0 635.0 422.0 666.0 423.0 666.0 443.0 small-vehicle 0
627.0 456.0 626.0 441.0 665.0 441.0 667.0 457.0 small-vehicle 0
631.0 474.0 632.0 458.0 662.0 457.0 663.0 474.0 small-vehicle 0
629.0 498.0 628.0 480.0 664.0 477.0 664.0 495.0 small-vehicle 0
436.0 442.0 435.0 423.0 472.0 421.0 473.0 440.0 small-vehicle 0
435.0 420.0 436.0 402.0 474.0 402.0 473.0 423.0 small-vehicle 0
440.0 402.0 440.0 387.0 470.0 387.0 470.0 403.0 small-vehicle 0
322.0 663.0 323.0 644.0 361.0 645.0 361.0 662.0 small-vehicle 0
320.0 515.0 321.0 497.0 360.0 497.0 361.0 515.0 small-vehicle 0
322.0 533.0 323.0 515.0 358.0 516.0 356.0 532.0 small-vehicle 0
326.0 550.0 326.0 533.0 362.0 531.0 361.0 551.0 small-vehicle 0
324.0 568.0 326.0 553.0 354.0 554.0 353.0 570.0 small-vehicle 0
324.0 586.0 324.0 569.0 361.0 569.0 360.0 585.0 small-vehicle 0
324.0 607.0 323.0 589.0 362.0 588.0 362.0 607.0 small-vehicle 0
322.0 627.0 322.0 611.0 361.0 609.0 362.0 627.0 small-vehicle 0
320.0 646.0 320.0 625.0 362.0 628.0 361.0 646.0 small-vehicle 0
325.0 682.0 325.0 664.0 361.0 660.0 362.0 679.0 small-vehicle 0
325.0 477.0 324.0 459.0 361.0 458.0 362.0 478.0 small-vehicle 0
328.0 698.0 328.0 681.0 362.0 681.0 362.0 698.0 small-vehicle 0
325.0 718.0 325.0 701.0 362.0 701.0 362.0 718.0 small-vehicle 0
325.0 738.0 325.0 721.0 363.0 720.0 362.0 738.0 small-vehicle 0
324.0 774.0 325.0 756.0 362.0 757.0 363.0 773.0 small-vehicle 0
326.0 792.0 325.0 776.0 363.0 773.0 363.0 792.0 small-vehicle 0
326.0 809.0 325.0 791.0 363.0 792.0 363.0 807.0 small-vehicle 0
326.0 831.0 325.0 813.0 363.0 811.0 363.0 827.0 small-vehicle 0
325.0 848.0 327.0 831.0 364.0 830.0 365.0 849.0 small-vehicle 0
324.0 496.0 323.0 478.0 362.0 478.0 361.0 497.0 small-vehicle 0
323.0 457.0 323.0 440.0 357.0 441.0 357.0 455.0 small-vehicle 0
326.0 886.0 325.0 869.0 364.0 869.0 364.0 885.0 small-vehicle 0
104.0 1013.0 103.0 998.0 134.0 998.0 134.0 1012.0 small-vehicle 0
100.0 995.0 99.0 977.0 131.0 978.0 128.0 995.0 small-vehicle 0
129.0 997.0 130.0 978.0 156.0 978.0 157.0 996.0 small-vehicle 0
143.0 1014.0 143.0 998.0 177.0 997.0 178.0 1013.0 small-vehicle 0
155.0 1032.0 154.0 1016.0 182.0 1016.0 183.0 1030.0 small-vehicle 0
126.0 1033.0 126.0 1015.0 156.0 1015.0 156.0 1031.0 small-vehicle 0
111.0 1052.0 111.0 1034.0 142.0 1036.0 141.0 1051.0 small-vehicle 0
102.0 1070.0 102.0 1051.0 141.0 1051.0 140.0 1069.0 small-vehicle 0
98.0 1032.0 98.0 1014.0 128.0 1016.0 126.0 1033.0 small-vehicle 0
62.0 937.0 61.0 953.0 29.0 955.0 30.0 937.0 small-vehicle 0
322.0 440.0 322.0 421.0 363.0 421.0 364.0 442.0 small-vehicle 0
65.0 989.0 65.0 1007.0 31.0 1005.0 30.0 989.0 small-vehicle 0
68.0 1024.0 68.0 1040.0 29.0 1043.0 29.0 1025.0 small-vehicle 0
63.0 1043.0 63.0 1058.0 33.0 1059.0 32.0 1044.0 small-vehicle 0
62.0 1062.0 60.0 1075.0 32.0 1076.0 31.0 1061.0 small-vehicle 0
32.0 1143.0 33.0 1126.0 70.0 1128.0 68.0 1146.0 small-vehicle 0
39.0 1125.0 39.0 1113.0 67.0 1112.0 68.0 1127.0 small-vehicle 0
325.0 386.0 326.0 366.0 362.0 367.0 361.0 388.0 small-vehicle 0
325.0 403.0 325.0 385.0 362.0 386.0 362.0 405.0 small-vehicle 0
328.0 866.0 328.0 850.0 362.0 849.0 363.0 864.0 small-vehicle 0
328.0 903.0 328.0 887.0 365.0 885.0 365.0 904.0 small-vehicle 0
439.0 384.0 438.0 368.0 470.0 369.0 471.0 384.0 small-vehicle 0
394.0 537.0 393.0 552.0 366.0 553.0 367.0 539.0 small-vehicle 0
399.0 703.0 398.0 721.0 362.0 720.0 363.0 701.0 small-vehicle 0
398.0 682.0 399.0 704.0 363.0 703.0 363.0 683.0 small-vehicle 0
398.0 646.0 398.0 667.0 363.0 668.0 362.0 646.0 small-vehicle 0
398.0 628.0 398.0 648.0 362.0 648.0 362.0 628.0 small-vehicle 0
397.0 609.0 399.0 625.0 362.0 626.0 361.0 608.0 small-vehicle 0
398.0 590.0 397.0 609.0 361.0 607.0 361.0 590.0 small-vehicle 0
395.0 573.0 395.0 588.0 365.0 591.0 365.0 573.0 small-vehicle 0
397.0 554.0 397.0 571.0 361.0 572.0 361.0 553.0 small-vehicle 0
398.0 517.0 399.0 536.0 362.0 535.0 363.0 516.0 small-vehicle 0
393.0 762.0 392.0 775.0 367.0 775.0 365.0 761.0 small-vehicle 0
400.0 498.0 400.0 514.0 361.0 515.0 360.0 497.0 small-vehicle 0
399.0 480.0 399.0 498.0 360.0 497.0 362.0 481.0 small-vehicle 0
399.0 461.0 399.0 481.0 361.0 480.0 361.0 461.0 small-vehicle 0
395.0 444.0 395.0 459.0 370.0 460.0 370.0 444.0 small-vehicle 0
395.0 427.0 393.0 439.0 369.0 440.0 369.0 427.0 small-vehicle 0
399.0 407.0 398.0 424.0 362.0 423.0 362.0 408.0 small-vehicle 0
401.0 390.0 398.0 408.0 363.0 407.0 363.0 389.0 small-vehicle 0
398.0 369.0 396.0 385.0 363.0 385.0 363.0 367.0 small-vehicle 0
402.0 737.0 403.0 757.0 361.0 758.0 361.0 738.0 small-vehicle 0
397.0 776.0 397.0 793.0 368.0 794.0 367.0 779.0 small-vehicle 0
322.0 924.0 322.0 906.0 364.0 906.0 365.0 923.0 small-vehicle 0
400.0 1092.0 400.0 1112.0 360.0 1110.0 362.0 1091.0 small-vehicle 0
325.0 941.0 325.0 926.0 358.0 924.0 358.0 941.0 small-vehicle 0
325.0 960.0 325.0 943.0 360.0 942.0 362.0 960.0 small-vehicle 0
327.0 979.0 327.0 961.0 361.0 960.0 362.0 977.0 small-vehicle 0
326.0 996.0 325.0 979.0 362.0 980.0 361.0 997.0 small-vehicle 0
323.0 1016.0 323.0 998.0 362.0 998.0 361.0 1014.0 small-vehicle 0
323.0 1035.0 325.0 1017.0 366.0 1015.0 366.0 1033.0 small-vehicle 0
324.0 1054.0 326.0 1037.0 365.0 1036.0 365.0 1053.0 small-vehicle 0
332.0 1068.0 331.0 1056.0 358.0 1056.0 357.0 1067.0 small-vehicle 0
400.0 1054.0 400.0 1072.0 362.0 1071.0 363.0 1055.0 small-vehicle 0
402.0 795.0 401.0 812.0 363.0 811.0 364.0 794.0 small-vehicle 0
399.0 1036.0 400.0 1054.0 364.0 1055.0 364.0 1037.0 small-vehicle 0
399.0 980.0 399.0 1000.0 362.0 999.0 363.0 980.0 small-vehicle 0
399.0 961.0 400.0 980.0 362.0 981.0 362.0 961.0 small-vehicle 0
400.0 943.0 398.0 961.0 362.0 962.0 362.0 943.0 small-vehicle 0
400.0 870.0 401.0 888.0 367.0 888.0 368.0 870.0 small-vehicle 0
400.0 852.0 400.0 868.0 366.0 868.0 364.0 852.0 small-vehicle 0
402.0 832.0 401.0 850.0 366.0 849.0 365.0 833.0 small-vehicle 0
400.0 814.0 399.0 831.0 366.0 830.0 365.0 813.0 small-vehicle 0
743.0 750.0 743.0 730.0 783.0 729.0 781.0 749.0 small-vehicle 0
743.0 786.0 742.0 766.0 780.0 765.0 781.0 783.0 small-vehicle 0
1269.0 407.0 1269.0 388.0 1302.0 389.0 1305.0 411.0 small-vehicle 1
1064.0 1183.0 1045.0 1184.0 1046.0 1147.0 1063.0 1148.0 small-vehicle 0
1346.0 43.0 1361.0 41.0 1363.0 68.0 1348.0 70.0 small-vehicle 0
1381.0 42.0 1397.0 41.0 1396.0 79.0 1380.0 80.0 small-vehicle 0
1397.0 43.0 1409.0 43.0 1411.0 78.0 1396.0 79.0 small-vehicle 0
1381.0 80.0 1394.0 80.0 1395.0 115.0 1379.0 116.0 small-vehicle 0
1381.0 117.0 1395.0 116.0 1394.0 154.0 1379.0 155.0 small-vehicle 0
1729.0 61.0 1728.0 48.0 1757.0 47.0 1758.0 60.0 small-vehicle 0
1730.0 75.0 1730.0 61.0 1760.0 60.0 1758.0 73.0 small-vehicle 0
1730.0 100.0 1731.0 86.0 1758.0 85.0 1757.0 101.0 small-vehicle 0
1728.0 116.0 1728.0 101.0 1760.0 103.0 1759.0 118.0 small-vehicle 0
1728.0 133.0 1726.0 118.0 1758.0 119.0 1760.0 132.0 small-vehicle 0
1729.0 148.0 1728.0 133.0 1760.0 131.0 1760.0 148.0 small-vehicle 0
1726.0 163.0 1727.0 149.0 1759.0 148.0 1757.0 161.0 small-vehicle 0
1726.0 179.0 1726.0 163.0 1759.0 163.0 1759.0 179.0 small-vehicle 0
1725.0 197.0 1725.0 179.0 1759.0 178.0 1762.0 195.0 small-vehicle 0
1737.0 197.0 1754.0 196.0 1755.0 229.0 1738.0 230.0 small-vehicle 0
1725.0 263.0 1723.0 247.0 1754.0 247.0 1755.0 263.0 small-vehicle 0
1724.0 279.0 1725.0 262.0 1755.0 263.0 1755.0 276.0 small-vehicle 0
1727.0 292.0 1726.0 279.0 1760.0 279.0 1759.0 293.0 small-vehicle 0
1726.0 310.0 1726.0 293.0 1759.0 294.0 1758.0 313.0 small-vehicle 0
1342.0 108.0 1362.0 108.0 1363.0 149.0 1342.0 150.0 small-vehicle 0
1345.0 68.0 1361.0 70.0 1362.0 108.0 1343.0 107.0 small-vehicle 0
1498.0 116.0 1478.0 115.0 1481.0 82.0 1498.0 84.0 small-vehicle 0
1267.0 1183.0 1251.0 1184.0 1249.0 1149.0 1266.0 1147.0 small-vehicle 0
1103.0 1184.0 1085.0 1183.0 1083.0 1149.0 1101.0 1149.0 small-vehicle 0
1140.0 1187.0 1120.0 1187.0 1120.0 1148.0 1140.0 1146.0 small-vehicle 0
1158.0 1185.0 1139.0 1188.0 1140.0 1147.0 1157.0 1148.0 small-vehicle 0
1175.0 1185.0 1156.0 1186.0 1158.0 1148.0 1175.0 1149.0 small-vehicle 0
1193.0 1184.0 1173.0 1185.0 1174.0 1149.0 1193.0 1147.0 small-vehicle 0
1213.0 1184.0 1193.0 1185.0 1192.0 1149.0 1210.0 1147.0 small-vehicle 0
1229.0 1185.0 1212.0 1184.0 1212.0 1147.0 1232.0 1148.0 small-vehicle 0
1250.0 1184.0 1230.0 1184.0 1232.0 1149.0 1250.0 1148.0 small-vehicle 0
1285.0 1184.0 1269.0 1183.0 1267.0 1147.0 1286.0 1149.0 small-vehicle 0
1476.0 126.0 1459.0 126.0 1460.0 88.0 1480.0 90.0 small-vehicle 0
1491.0 198.0 1473.0 197.0 1477.0 164.0 1492.0 166.0 small-vehicle 0
1477.0 159.0 1460.0 159.0 1460.0 124.0 1479.0 126.0 small-vehicle 0
1459.0 160.0 1441.0 160.0 1443.0 123.0 1460.0 125.0 small-vehicle 0
1443.0 160.0 1425.0 158.0 1424.0 122.0 1444.0 122.0 small-vehicle 0
1441.0 196.0 1422.0 196.0 1425.0 158.0 1443.0 159.0 small-vehicle 0
1424.0 162.0 1405.0 161.0 1405.0 123.0 1426.0 123.0 small-vehicle 0
1424.0 122.0 1405.0 123.0 1407.0 88.0 1426.0 89.0 small-vehicle 0
1443.0 120.0 1424.0 121.0 1427.0 85.0 1443.0 85.0 small-vehicle 0
1724.0 326.0 1724.0 311.0 1757.0 310.0 1758.0 326.0 small-vehicle 0
1726.0 341.0 1727.0 326.0 1759.0 325.0 1758.0 341.0 small-vehicle 0
1758.0 380.0 1741.0 379.0 1739.0 347.0 1758.0 346.0 small-vehicle 0
620.0 43.0 647.0 43.0 645.0 182.0 618.0 179.0 large-vehicle 0
829.0 43.0 855.0 43.0 851.0 173.0 824.0 173.0 large-vehicle 0
802.0 44.0 829.0 42.0 825.0 174.0 798.0 175.0 large-vehicle 0
776.0 45.0 802.0 43.0 800.0 175.0 774.0 172.0 large-vehicle 0
750.0 44.0 776.0 44.0 775.0 173.0 747.0 174.0 large-vehicle 0
725.0 44.0 751.0 42.0 747.0 175.0 722.0 174.0 large-vehicle 0
699.0 43.0 724.0 44.0 722.0 174.0 699.0 172.0 large-vehicle 0
674.0 44.0 700.0 42.0 700.0 173.0 673.0 172.0 large-vehicle 0
648.0 43.0 674.0 45.0 674.0 174.0 646.0 172.0 large-vehicle 0
557.0 63.0 584.0 62.0 579.0 192.0 553.0 193.0 large-vehicle 0
881.0 44.0 903.0 44.0 902.0 175.0 874.0 173.0 large-vehicle 0
551.0 395.0 574.0 395.0 575.0 490.0 547.0 488.0 large-vehicle 0
575.0 619.0 601.0 618.0 603.0 693.0 577.0 696.0 large-vehicle 0
549.0 656.0 577.0 658.0 575.0 755.0 547.0 753.0 large-vehicle 0
551.0 798.0 576.0 797.0 574.0 895.0 545.0 894.0 large-vehicle 0
688.0 828.0 711.0 828.0 709.0 902.0 685.0 900.0 large-vehicle 0
85.0 1213.0 70.0 1197.0 113.0 1152.0 127.0 1170.0 large-vehicle 0
116.0 1224.0 98.0 1203.0 158.0 1147.0 176.0 1166.0 large-vehicle 0
152.0 1226.0 134.0 1206.0 193.0 1147.0 209.0 1168.0 large-vehicle 0
854.0 46.0 881.0 43.0 876.0 175.0 851.0 174.0 large-vehicle 0
928.0 198.0 902.0 195.0 905.0 45.0 933.0 45.0 large-vehicle 0
1741.0 398.0 1758.0 398.0 1761.0 432.0 1740.0 432.0 small-vehicle 0
1762.0 819.0 1743.0 819.0 1744.0 780.0 1761.0 781.0 small-vehicle 0
1759.0 475.0 1740.0 475.0 1741.0 444.0 1758.0 443.0 small-vehicle 0
1760.0 516.0 1744.0 516.0 1743.0 490.0 1760.0 488.0 small-vehicle 0
1758.0 547.0 1742.0 549.0 1741.0 519.0 1759.0 519.0 small-vehicle 0
1761.0 582.0 1739.0 581.0 1742.0 551.0 1761.0 550.0 small-vehicle 0
1761.0 616.0 1745.0 615.0 1744.0 585.0 1761.0 586.0 small-vehicle 0
1759.0 670.0 1741.0 671.0 1742.0 635.0 1759.0 634.0 small-vehicle 0
1760.0 724.0 1743.0 725.0 1742.0 690.0 1759.0 691.0 small-vehicle 0
1761.0 775.0 1742.0 775.0 1740.0 737.0 1760.0 737.0 small-vehicle 0
1763.0 856.0 1744.0 857.0 1744.0 827.0 1762.0 826.0 small-vehicle 0
934.0 49.0 958.0 48.0 957.0 179.0 931.0 176.0 large-vehicle 0
1759.0 905.0 1738.0 904.0 1738.0 864.0 1760.0 864.0 small-vehicle 0
1759.0 952.0 1738.0 949.0 1739.0 909.0 1757.0 908.0 small-vehicle 0
1611.0 36.0 1611.0 21.0 1655.0 21.0 1654.0 36.0 small-vehicle 0
1115.0 193.0 1097.0 192.0 1097.0 153.0 1115.0 152.0 large-vehicle 0
1090.0 174.0 1067.0 174.0 1069.0 109.0 1090.0 110.0 large-vehicle 0
1068.0 177.0 1048.0 177.0 1049.0 130.0 1068.0 131.0 large-vehicle 0
1049.0 168.0 1030.0 167.0 1031.0 130.0 1049.0 128.0 large-vehicle 0
983.0 188.0 963.0 186.0 962.0 133.0 984.0 132.0 large-vehicle 0
1082.0 1184.0 1062.0 1183.0 1064.0 1147.0 1084.0 1149.0 small-vehicle 0
1047.0 1184.0 1026.0 1184.0 1028.0 1149.0 1046.0 1149.0 small-vehicle 0
1377.0 441.0 1358.0 439.0 1359.0 402.0 1376.0 402.0 small-vehicle 0
1027.0 1184.0 1008.0 1183.0 1008.0 1149.0 1027.0 1148.0 small-vehicle 0
1627.0 467.0 1642.0 468.0 1643.0 504.0 1626.0 503.0 small-vehicle 0
1647.0 477.0 1662.0 476.0 1663.0 507.0 1646.0 508.0 small-vehicle 0
1665.0 540.0 1648.0 540.0 1648.0 512.0 1664.0 510.0 small-vehicle 0
1665.0 574.0 1648.0 574.0 1647.0 543.0 1664.0 540.0 small-vehicle 0
1606.0 508.0 1622.0 507.0 1624.0 547.0 1607.0 547.0 small-vehicle 0
1649.0 584.0 1662.0 586.0 1664.0 625.0 1645.0 627.0 small-vehicle 0
1646.0 627.0 1664.0 625.0 1664.0 665.0 1645.0 665.0 small-vehicle 0
1664.0 705.0 1645.0 707.0 1647.0 672.0 1666.0 672.0 small-vehicle 0
1665.0 743.0 1648.0 742.0 1648.0 707.0 1664.0 706.0 small-vehicle 0
1664.0 789.0 1646.0 789.0 1647.0 754.0 1663.0 753.0 small-vehicle 0
1665.0 835.0 1646.0 834.0 1646.0 795.0 1665.0 794.0 small-vehicle 0
1665.0 879.0 1648.0 878.0 1648.0 842.0 1666.0 841.0 small-vehicle 0
1666.0 919.0 1647.0 920.0 1647.0 881.0 1666.0 878.0 small-vehicle 0
1665.0 965.0 1648.0 966.0 1647.0 930.0 1666.0 930.0 small-vehicle 0
1666.0 1000.0 1647.0 999.0 1647.0 966.0 1665.0 965.0 small-vehicle 0
1665.0 1047.0 1648.0 1046.0 1647.0 1009.0 1665.0 1010.0 small-vehicle 0
1667.0 1085.0 1648.0 1084.0 1649.0 1049.0 1663.0 1047.0 small-vehicle 0
1585.0 1184.0 1568.0 1185.0 1568.0 1146.0 1586.0 1145.0 small-vehicle 0
1607.0 1177.0 1589.0 1176.0 1591.0 1148.0 1606.0 1148.0 small-vehicle 0
1634.0 456.0 1632.0 442.0 1667.0 441.0 1667.0 458.0 small-vehicle 0
1626.0 440.0 1625.0 422.0 1663.0 424.0 1661.0 439.0 small-vehicle 0
1587.0 385.0 1587.0 371.0 1616.0 371.0 1616.0 386.0 small-vehicle 0
1542.0 440.0 1542.0 424.0 1571.0 423.0 1571.0 439.0 small-vehicle 0
1375.0 363.0 1360.0 363.0 1360.0 329.0 1374.0 327.0 small-vehicle 0
1376.0 325.0 1360.0 325.0 1359.0 290.0 1377.0 290.0 small-vehicle 0
1376.0 289.0 1359.0 286.0 1361.0 252.0 1376.0 253.0 small-vehicle 0
1377.0 249.0 1361.0 250.0 1360.0 216.0 1377.0 216.0 small-vehicle 0
1376.0 216.0 1360.0 216.0 1360.0 180.0 1376.0 180.0 small-vehicle 0
1426.0 442.0 1426.0 424.0 1456.0 424.0 1456.0 440.0 small-vehicle 0
1461.0 440.0 1460.0 423.0 1494.0 423.0 1493.0 442.0 small-vehicle 0
1498.0 441.0 1498.0 423.0 1540.0 421.0 1537.0 440.0 small-vehicle 0
1407.0 440.0 1390.0 438.0 1391.0 411.0 1406.0 410.0 small-vehicle 0
1617.0 387.0 1619.0 371.0 1662.0 373.0 1658.0 392.0 small-vehicle 0
1424.0 440.0 1409.0 439.0 1408.0 410.0 1425.0 412.0 small-vehicle 0
1431.0 303.0 1431.0 323.0 1468.0 323.0 1469.0 305.0 small-vehicle 0
1480.0 321.0 1478.0 303.0 1510.0 303.0 1508.0 321.0 small-vehicle 0
1424.0 343.0 1412.0 343.0 1410.0 318.0 1425.0 317.0 small-vehicle 0
1424.0 409.0 1409.0 410.0 1409.0 382.0 1424.0 380.0 small-vehicle 0
1407.0 405.0 1393.0 406.0 1393.0 383.0 1407.0 382.0 small-vehicle 0
1557.0 407.0 1556.0 388.0 1598.0 387.0 1597.0 406.0 small-vehicle 0
1602.0 405.0 1602.0 390.0 1641.0 391.0 1641.0 407.0 small-vehicle 0
1639.0 1183.0 1621.0 1184.0 1623.0 1147.0 1637.0 1144.0 small-vehicle 0
1662.0 1182.0 1646.0 1182.0 1646.0 1147.0 1662.0 1147.0 small-vehicle 0
1566.0 1277.0 1548.0 1277.0 1549.0 1242.0 1564.0 1243.0 small-vehicle 0
1254.0 1417.0 1268.0 1417.0 1268.0 1447.0 1252.0 1445.0 small-vehicle 0
1618.0 1483.0 1601.0 1483.0 1600.0 1455.0 1617.0 1455.0 small-vehicle 0
1471.0 1321.0 1489.0 1320.0 1490.0 1357.0 1470.0 1356.0 small-vehicle 0
1472.0 1364.0 1489.0 1364.0 1490.0 1401.0 1471.0 1400.0 small-vehicle 0
1473.0 1415.0 1489.0 1415.0 1487.0 1454.0 1470.0 1451.0 small-vehicle 0
1668.0 1372.0 1653.0 1371.0 1655.0 1345.0 1670.0 1346.0 small-vehicle 0
1670.0 1413.0 1655.0 1413.0 1654.0 1385.0 1667.0 1384.0 small-vehicle 0
1670.0 1457.0 1657.0 1454.0 1656.0 1432.0 1670.0 1433.0 small-vehicle 0
1670.0 1499.0 1653.0 1499.0 1652.0 1468.0 1668.0 1469.0 small-vehicle 0
1274.0 1372.0 1289.0 1370.0 1290.0 1399.0 1274.0 1399.0 small-vehicle 0
1618.0 1421.0 1601.0 1421.0 1601.0 1390.0 1617.0 1391.0 small-vehicle 0
1297.0 1337.0 1312.0 1336.0 1308.0 1372.0 1293.0 1371.0 small-vehicle 0
1331.0 1283.0 1350.0 1283.0 1348.0 1317.0 1331.0 1319.0 small-vehicle 0
1336.0 1234.0 1350.0 1235.0 1350.0 1266.0 1333.0 1264.0 small-vehicle 0
1261.0 1229.0 1276.0 1229.0 1274.0 1265.0 1259.0 1264.0 small-vehicle 0
1235.0 1226.0 1250.0 1226.0 1247.0 1255.0 1234.0 1255.0 small-vehicle 0
1230.0 1262.0 1213.0 1263.0 1211.0 1230.0 1230.0 1227.0 small-vehicle 0
1212.0 1262.0 1193.0 1259.0 1193.0 1224.0 1211.0 1222.0 small-vehicle 0
1027.0 1265.0 1008.0 1264.0 1009.0 1227.0 1030.0 1226.0 small-vehicle 0
1618.0 1453.0 1601.0 1451.0 1601.0 1425.0 1618.0 1424.0 small-vehicle 0
1617.0 1386.0 1601.0 1388.0 1601.0 1360.0 1617.0 1357.0 small-vehicle 0
1565.0 1309.0 1547.0 1309.0 1548.0 1278.0 1566.0 1277.0 small-vehicle 0
1583.0 1483.0 1569.0 1484.0 1572.0 1460.0 1585.0 1460.0 small-vehicle 0
1566.0 1346.0 1549.0 1347.0 1549.0 1314.0 1565.0 1314.0 small-vehicle 0
1549.0 1347.0 1532.0 1349.0 1530.0 1312.0 1550.0 1310.0 small-vehicle 0
1550.0 1383.0 1533.0 1384.0 1531.0 1350.0 1549.0 1348.0 small-vehicle 0
1551.0 1421.0 1534.0 1422.0 1532.0 1387.0 1549.0 1385.0 small-vehicle 0
1568.0 1418.0 1553.0 1421.0 1551.0 1386.0 1566.0 1389.0 small-vehicle 0
1551.0 1455.0 1535.0 1456.0 1535.0 1425.0 1550.0 1424.0 small-vehicle 0
1551.0 1492.0 1533.0 1490.0 1533.0 1460.0 1551.0 1457.0 small-vehicle 0
1569.0 1486.0 1553.0 1485.0 1553.0 1457.0 1569.0 1460.0 small-vehicle 0
1584.0 1457.0 1569.0 1457.0 1570.0 1429.0 1584.0 1429.0 small-vehicle 0
1617.0 1356.0 1598.0 1359.0 1597.0 1322.0 1617.0 1320.0 small-vehicle 0
1568.0 1457.0 1554.0 1457.0 1553.0 1425.0 1569.0 1423.0 small-vehicle 0
1584.0 1426.0 1570.0 1425.0 1569.0 1399.0 1584.0 1398.0 small-vehicle 0
1585.0 1400.0 1569.0 1399.0 1568.0 1369.0 1585.0 1369.0 small-vehicle 0
1568.0 1383.0 1553.0 1384.0 1552.0 1348.0 1568.0 1346.0 small-vehicle 0
1585.0 1366.0 1568.0 1367.0 1568.0 1333.0 1585.0 1333.0 small-vehicle 0
1586.0 1331.0 1569.0 1331.0 1568.0 1296.0 1582.0 1295.0 small-vehicle 0
1586.0 1293.0 1568.0 1292.0 1568.0 1258.0 1585.0 1256.0 small-vehicle 0
1616.0 1319.0 1598.0 1319.0 1597.0 1286.0 1614.0 1286.0 small-vehicle 0
187.0 1228.0 171.0 1207.0 233.0 1144.0 255.0 1162.0 large-vehicle 0
221.0 1228.0 205.0 1211.0 272.0 1146.0 290.0 1163.0 large-vehicle 0
255.0 1229.0 241.0 1213.0 310.0 1146.0 329.0 1164.0 large-vehicle 0
302.0 1227.0 281.0 1211.0 348.0 1147.0 365.0 1166.0 large-vehicle 0
1162.0 136.0 1141.0 137.0 1139.0 94.0 1163.0 94.0 large-vehicle 0
1188.0 141.0 1167.0 141.0 1165.0 97.0 1184.0 96.0 large-vehicle 0
1137.0 87.0 1120.0 87.0 1118.0 47.0 1138.0 46.0 large-vehicle 0
1116.0 108.0 1096.0 107.0 1093.0 67.0 1115.0 66.0 large-vehicle 0
1116.0 149.0 1097.0 147.0 1098.0 113.0 1117.0 114.0 large-vehicle 0
1138.0 134.0 1119.0 133.0 1119.0 94.0 1139.0 96.0 large-vehicle 0
1233.0 103.0 1217.0 101.0 1218.0 62.0 1234.0 64.0 large-vehicle 0
964.0 43.0 986.0 44.0 988.0 125.0 961.0 124.0 large-vehicle 0
989.0 53.0 1010.0 52.0 1005.0 159.0 986.0 155.0 large-vehicle 0
1015.0 48.0 1035.0 49.0 1030.0 108.0 1009.0 106.0 large-vehicle 0
1069.0 127.0 1049.0 127.0 1047.0 85.0 1070.0 89.0 large-vehicle 0
1069.0 83.0 1048.0 84.0 1048.0 44.0 1067.0 45.0 large-vehicle 0
1085.0 84.0 1069.0 84.0 1068.0 44.0 1087.0 45.0 large-vehicle 0
1773.0 1662.0 1746.0 1663.0 1741.0 1538.0 1770.0 1539.0 large-vehicle 0
138.0 1427.0 120.0 1428.0 120.0 1396.0 138.0 1398.0 small-vehicle 0
210.0 1573.0 193.0 1573.0 194.0 1537.0 213.0 1537.0 small-vehicle 0
247.0 1582.0 230.0 1581.0 230.0 1545.0 248.0 1545.0 small-vehicle 0
267.0 1583.0 248.0 1582.0 248.0 1544.0 266.0 1543.0 small-vehicle 0
249.0 1542.0 230.0 1542.0 231.0 1501.0 249.0 1503.0 small-vehicle 0
1160.0 179.0 1141.0 179.0 1142.0 142.0 1159.0 143.0 large-vehicle 0
1281.0 193.0 1263.0 194.0 1263.0 158.0 1279.0 156.0 large-vehicle 0
1257.0 192.0 1242.0 192.0 1241.0 156.0 1261.0 154.0 large-vehicle 0
1464.0 1700.0 1490.0 1699.0 1490.0 1802.0 1464.0 1801.0 large-vehicle 0
1312.0 1592.0 1337.0 1592.0 1335.0 1696.0 1309.0 1694.0 large-vehicle 0
1233.0 1698.0 1258.0 1698.0 1258.0 1799.0 1232.0 1798.0 large-vehicle 0
1437.0 1596.0 1465.0 1596.0 1464.0 1700.0 1437.0 1698.0 large-vehicle 0
1464.0 1595.0 1489.0 1593.0 1489.0 1699.0 1464.0 1700.0 large-vehicle 0
1491.0 1600.0 1515.0 1602.0 1516.0 1699.0 1489.0 1700.0 large-vehicle 0
1516.0 1598.0 1543.0 1599.0 1541.0 1701.0 1515.0 1702.0 large-vehicle 0
1569.0 1595.0 1596.0 1593.0 1594.0 1699.0 1567.0 1695.0 large-vehicle 0
1436.0 1700.0 1464.0 1699.0 1464.0 1803.0 1436.0 1800.0 large-vehicle 0
1489.0 1701.0 1516.0 1700.0 1516.0 1802.0 1490.0 1801.0 large-vehicle 0
1260.0 149.0 1239.0 149.0 1239.0 94.0 1257.0 92.0 large-vehicle 0
1515.0 1702.0 1542.0 1701.0 1541.0 1803.0 1516.0 1802.0 large-vehicle 0
1568.0 1700.0 1595.0 1699.0 1596.0 1803.0 1566.0 1803.0 large-vehicle 0
1430.0 245.0 1430.0 216.0 1562.0 219.0 1561.0 247.0 large-vehicle 0
1212.0 127.0 1188.0 127.0 1186.0 57.0 1214.0 57.0 large-vehicle 0
1234.0 172.0 1214.0 171.0 1214.0 122.0 1237.0 121.0 large-vehicle 0
1302.0 190.0 1282.0 188.0 1283.0 138.0 1308.0 140.0 large-vehicle 0
1284.0 139.0 1263.0 139.0 1263.0 94.0 1284.0 94.0 large-vehicle 0
1301.0 129.0 1284.0 128.0 1285.0 92.0 1301.0 93.0 large-vehicle 0
250.0 1502.0 229.0 1501.0 230.0 1465.0 250.0 1465.0 small-vehicle 0
250.0 1465.0 230.0 1464.0 232.0 1431.0 249.0 1429.0 small-vehicle 0
122.0 1582.0 103.0 1581.0 104.0 1540.0 122.0 1540.0 small-vehicle 0
1461.0 40.0 1481.0 44.0 1477.0 80.0 1463.0 80.0 small-vehicle 1
47.0 1400.0 29.0 1399.0 27.0 1360.0 46.0 1361.0 small-vehicle 0
66.0 1541.0 48.0 1541.0 47.0 1505.0 66.0 1505.0 small-vehicle 0
784.0 1549.0 803.0 1548.0 804.0 1581.0 784.0 1584.0 small-vehicle 0
1156.0 1110.0 1172.0 1101.0 1194.0 1132.0 1179.0 1141.0 small-vehicle 1
1027.0 1103.0 1045.0 1106.0 1043.0 1138.0 1027.0 1139.0 small-vehicle 1
1411.0 44.0 1427.0 43.0 1424.0 79.0 1411.0 78.0 small-vehicle 1
1428.0 41.0 1445.0 43.0 1444.0 76.0 1427.0 76.0 small-vehicle 1
1443.0 44.0 1462.0 46.0 1461.0 77.0 1445.0 77.0 small-vehicle 1
1499.0 80.0 1480.0 80.0 1480.0 43.0 1500.0 42.0 small-vehicle 1
30.0 1462.0 11.0 1464.0 11.0 1428.0 31.0 1429.0 small-vehicle 0
1498.0 45.0 1519.0 45.0 1517.0 80.0 1501.0 82.0 small-vehicle 1
1514.0 322.0 1509.0 302.0 1544.0 298.0 1543.0 321.0 small-vehicle 1
1548.0 319.0 1547.0 302.0 1581.0 303.0 1581.0 318.0 small-vehicle 1
1406.0 276.0 1425.0 276.0 1426.0 313.0 1408.0 310.0 small-vehicle 1
1412.0 344.0 1423.0 343.0 1427.0 376.0 1409.0 378.0 small-vehicle 1
1411.0 376.0 1390.0 376.0 1390.0 343.0 1410.0 340.0 large-vehicle 0
1341.0 403.0 1320.0 403.0 1319.0 362.0 1340.0 362.0 large-vehicle 0
1344.0 290.0 1320.0 287.0 1322.0 245.0 1343.0 247.0 large-vehicle 0
31.0 1429.0 11.0 1430.0 10.0 1394.0 28.0 1393.0 small-vehicle 0
30.0 1498.0 11.0 1499.0 11.0 1463.0 30.0 1462.0 small-vehicle 0
122.0 1540.0 105.0 1539.0 103.0 1502.0 121.0 1505.0 small-vehicle 0
67.0 1500.0 47.0 1503.0 46.0 1464.0 67.0 1463.0 small-vehicle 0
157.0 1542.0 139.0 1542.0 140.0 1506.0 159.0 1506.0 small-vehicle 0
194.0 1554.0 175.0 1552.0 177.0 1514.0 195.0 1515.0 small-vehicle 0
229.0 1537.0 212.0 1537.0 211.0 1499.0 230.0 1499.0 small-vehicle 0
230.0 1428.0 211.0 1428.0 213.0 1402.0 232.0 1401.0 small-vehicle 0
103.0 1409.0 83.0 1409.0 83.0 1373.0 103.0 1373.0 small-vehicle 0
65.0 1420.0 47.0 1420.0 48.0 1382.0 65.0 1382.0 small-vehicle 0
66.0 1379.0 47.0 1379.0 45.0 1347.0 65.0 1347.0 small-vehicle 0
65.0 1347.0 46.0 1347.0 45.0 1312.0 65.0 1312.0 small-vehicle 0
30.0 1579.0 12.0 1577.0 12.0 1539.0 30.0 1537.0 small-vehicle 0
29.0 1537.0 11.0 1535.0 12.0 1499.0 29.0 1499.0 small-vehicle 0
48.0 1548.0 29.0 1548.0 30.0 1515.0 47.0 1516.0 small-vehicle 0
47.0 1516.0 30.0 1516.0 30.0 1480.0 46.0 1480.0 small-vehicle 0
46.0 1479.0 30.0 1479.0 29.0 1448.0 48.0 1449.0 small-vehicle 0
103.0 1494.0 85.0 1495.0 84.0 1456.0 104.0 1457.0 small-vehicle 0
105.0 1541.0 84.0 1541.0 84.0 1501.0 104.0 1501.0 small-vehicle 0
103.0 1582.0 83.0 1582.0 84.0 1540.0 104.0 1540.0 small-vehicle 0
175.0 1500.0 157.0 1500.0 156.0 1468.0 177.0 1467.0 small-vehicle 0
176.0 1544.0 156.0 1543.0 158.0 1504.0 176.0 1505.0 small-vehicle 0
1260.0 1594.0 1285.0 1594.0 1283.0 1696.0 1259.0 1696.0 large-vehicle 0
1235.0 1596.0 1262.0 1596.0 1259.0 1693.0 1235.0 1693.0 large-vehicle 0
1012.0 1699.0 1035.0 1702.0 1034.0 1803.0 1010.0 1804.0 large-vehicle 0
409.0 1516.0 432.0 1516.0 430.0 1584.0 405.0 1583.0 large-vehicle 0
366.0 1483.0 391.0 1482.0 387.0 1574.0 364.0 1574.0 large-vehicle 0
391.0 1357.0 409.0 1358.0 408.0 1399.0 391.0 1402.0 large-vehicle 0
390.0 1402.0 410.0 1402.0 409.0 1469.0 390.0 1469.0 large-vehicle 0
390.0 1469.0 409.0 1467.0 410.0 1534.0 390.0 1534.0 large-vehicle 0
390.0 1534.0 409.0 1534.0 407.0 1583.0 387.0 1585.0 large-vehicle 0
412.0 1320.0 430.0 1319.0 432.0 1374.0 409.0 1372.0 large-vehicle 0
411.0 1384.0 434.0 1382.0 431.0 1451.0 411.0 1450.0 large-vehicle 0
411.0 1450.0 432.0 1450.0 430.0 1515.0 409.0 1516.0 large-vehicle 0
433.0 1519.0 456.0 1516.0 452.0 1584.0 430.0 1586.0 large-vehicle 0
342.0 1464.0 364.0 1463.0 365.0 1508.0 340.0 1509.0 large-vehicle 0
434.0 1403.0 456.0 1401.0 454.0 1479.0 430.0 1479.0 large-vehicle 0
434.0 1341.0 456.0 1341.0 453.0 1386.0 433.0 1386.0 large-vehicle 0
510.0 1336.0 533.0 1335.0 531.0 1404.0 509.0 1405.0 large-vehicle 0
509.0 1411.0 533.0 1411.0 531.0 1479.0 508.0 1478.0 large-vehicle 0
537.0 1326.0 562.0 1324.0 560.0 1412.0 536.0 1416.0 large-vehicle 0
383.0 1705.0 410.0 1705.0 409.0 1807.0 381.0 1806.0 large-vehicle 0
382.0 1602.0 408.0 1602.0 410.0 1700.0 382.0 1700.0 large-vehicle 0
409.0 1601.0 433.0 1601.0 434.0 1709.0 411.0 1709.0 large-vehicle 0
340.0 1509.0 366.0 1509.0 361.0 1574.0 339.0 1573.0 large-vehicle 0
321.0 1463.0 342.0 1462.0 339.0 1532.0 316.0 1531.0 large-vehicle 0
8.0 1600.0 31.0 1600.0 31.0 1705.0 7.0 1702.0 large-vehicle 0
232.0 1395.0 211.0 1395.0 212.0 1358.0 231.0 1358.0 large-vehicle 0
343.0 1228.0 324.0 1209.0 387.0 1145.0 404.0 1163.0 large-vehicle 0
380.0 1229.0 360.0 1210.0 414.0 1157.0 430.0 1177.0 large-vehicle 0
400.0 1245.0 382.0 1229.0 446.0 1163.0 463.0 1181.0 large-vehicle 0
291.0 1256.0 292.0 1231.0 353.0 1232.0 352.0 1257.0 large-vehicle 0
532.0 1233.0 506.0 1221.0 521.0 1179.0 543.0 1187.0 large-vehicle 0
104.0 1320.0 128.0 1319.0 130.0 1381.0 105.0 1379.0 large-vehicle 0
178.0 1383.0 157.0 1382.0 157.0 1340.0 177.0 1341.0 large-vehicle 0
175.0 1421.0 156.0 1421.0 156.0 1389.0 176.0 1389.0 large-vehicle 0
268.0 1338.0 297.0 1338.0 294.0 1417.0 265.0 1419.0 large-vehicle 0
298.0 1463.0 320.0 1464.0 317.0 1525.0 298.0 1526.0 large-vehicle 0
265.0 1419.0 295.0 1419.0 300.0 1513.0 268.0 1512.0 large-vehicle 0
319.0 1345.0 344.0 1344.0 347.0 1415.0 319.0 1412.0 large-vehicle 0
345.0 1319.0 363.0 1319.0 365.0 1359.0 344.0 1359.0 large-vehicle 0
369.0 1315.0 391.0 1315.0 390.0 1390.0 369.0 1389.0 large-vehicle 0
368.0 1389.0 391.0 1391.0 391.0 1484.0 365.0 1482.0 large-vehicle 0
345.0 1372.0 369.0 1373.0 366.0 1463.0 343.0 1462.0 large-vehicle 0
321.0 1416.0 344.0 1417.0 342.0 1464.0 320.0 1464.0 large-vehicle 0
299.0 1419.0 321.0 1418.0 321.0 1458.0 300.0 1458.0 large-vehicle 0
433.0 1599.0 457.0 1599.0 457.0 1707.0 436.0 1708.0 large-vehicle 0
6.0 1714.0 30.0 1715.0 28.0 1811.0 2.0 1812.0 large-vehicle 0
985.0 1699.0 1013.0 1699.0 1009.0 1804.0 986.0 1803.0 large-vehicle 0
988.0 1596.0 1011.0 1596.0 1012.0 1698.0 986.0 1700.0 large-vehicle 0
685.0 1516.0 704.0 1515.0 705.0 1584.0 681.0 1586.0 large-vehicle 0
680.0 1444.0 703.0 1443.0 703.0 1508.0 682.0 1509.0 large-vehicle 0
681.0 1374.0 704.0 1370.0 701.0 1434.0 681.0 1435.0 large-vehicle 0
860.0 1599.0 887.0 1600.0 886.0 1700.0 858.0 1701.0 large-vehicle 0
888.0 1597.0 912.0 1598.0 911.0 1697.0 886.0 1698.0 large-vehicle 0
912.0 1596.0 936.0 1598.0 936.0 1699.0 911.0 1700.0 large-vehicle 0
938.0 1597.0 960.0 1598.0 961.0 1699.0 936.0 1700.0 large-vehicle 0
961.0 1598.0 987.0 1596.0 986.0 1700.0 962.0 1700.0 large-vehicle 0
1013.0 1591.0 1035.0 1591.0 1034.0 1693.0 1012.0 1692.0 large-vehicle 0
657.0 1452.0 679.0 1451.0 676.0 1511.0 659.0 1512.0 large-vehicle 0
1039.0 1599.0 1061.0 1600.0 1060.0 1697.0 1038.0 1698.0 large-vehicle 0
1065.0 1595.0 1085.0 1595.0 1083.0 1695.0 1064.0 1697.0 large-vehicle 0
1089.0 1594.0 1111.0 1594.0 1108.0 1693.0 1088.0 1693.0 large-vehicle 0
865.0 1701.0 887.0 1699.0 885.0 1805.0 862.0 1803.0 large-vehicle 0
888.0 1699.0 911.0 1699.0 909.0 1805.0 888.0 1803.0 large-vehicle 0
911.0 1699.0 935.0 1698.0 935.0 1805.0 910.0 1804.0 large-vehicle 0
936.0 1699.0 960.0 1699.0 960.0 1805.0 934.0 1806.0 large-vehicle 0
960.0 1700.0 984.0 1700.0 985.0 1805.0 960.0 1805.0 large-vehicle 0
659.0 1515.0 680.0 1512.0 680.0 1582.0 659.0 1585.0 large-vehicle 0
657.0 1383.0 679.0 1382.0 676.0 1450.0 656.0 1450.0 large-vehicle 0
100.0 1600.0 126.0 1599.0 124.0 1705.0 98.0 1706.0 large-vehicle 0
318.0 1541.0 340.0 1541.0 339.0 1586.0 316.0 1586.0 large-vehicle 0
126.0 1599.0 150.0 1599.0 153.0 1708.0 123.0 1707.0 large-vehicle 0
152.0 1598.0 174.0 1599.0 177.0 1700.0 151.0 1698.0 large-vehicle 0
173.0 1601.0 199.0 1602.0 199.0 1705.0 174.0 1706.0 large-vehicle 0
198.0 1600.0 221.0 1599.0 219.0 1701.0 197.0 1701.0 large-vehicle 0
175.0 1708.0 199.0 1709.0 196.0 1811.0 172.0 1810.0 large-vehicle 0
151.0 1707.0 173.0 1705.0 170.0 1809.0 147.0 1808.0 large-vehicle 0
127.0 1708.0 151.0 1708.0 148.0 1808.0 123.0 1807.0 large-vehicle 0
297.0 1530.0 318.0 1528.0 317.0 1584.0 293.0 1585.0 large-vehicle 0
274.0 1513.0 298.0 1513.0 296.0 1585.0 272.0 1586.0 large-vehicle 0
657.0 1316.0 681.0 1315.0 679.0 1383.0 658.0 1382.0 large-vehicle 0
561.0 1447.0 581.0 1447.0 581.0 1514.0 558.0 1515.0 large-vehicle 0
560.0 1515.0 583.0 1515.0 582.0 1584.0 559.0 1586.0 large-vehicle 0
606.0 1572.0 589.0 1571.0 587.0 1522.0 609.0 1521.0 large-vehicle 0
605.0 1514.0 586.0 1514.0 587.0 1475.0 607.0 1475.0 large-vehicle 0
629.0 1567.0 611.0 1568.0 610.0 1510.0 629.0 1509.0 large-vehicle 0
632.0 1490.0 660.0 1487.0 660.0 1585.0 639.0 1585.0 large-vehicle 0
633.0 1435.0 654.0 1432.0 658.0 1485.0 636.0 1483.0 large-vehicle 0
633.0 1365.0 654.0 1363.0 654.0 1431.0 634.0 1434.0 large-vehicle 0
1375.0 402.0 1359.0 401.0 1360.0 367.0 1374.0 366.0 small-vehicle 0
1361.0 441.0 1344.0 440.0 1342.0 404.0 1359.0 404.0 small-vehicle 0
744.0 804.0 743.0 787.0 782.0 785.0 783.0 805.0 small-vehicle 0
930.0 600.0 930.0 616.0 892.0 618.0 891.0 600.0 small-vehicle 0
1126.0 244.0 1126.0 260.0 1095.0 258.0 1096.0 243.0 small-vehicle 0
1127.0 275.0 1126.0 291.0 1098.0 290.0 1098.0 275.0 small-vehicle 0
1126.0 304.0 1124.0 319.0 1095.0 319.0 1095.0 302.0 small-vehicle 0
1125.0 318.0 1126.0 336.0 1097.0 336.0 1097.0 320.0 small-vehicle 0
1126.0 351.0 1125.0 365.0 1096.0 364.0 1098.0 350.0 small-vehicle 0
1125.0 364.0 1126.0 378.0 1102.0 379.0 1101.0 366.0 small-vehicle 0
1126.0 379.0 1125.0 394.0 1101.0 395.0 1101.0 379.0 small-vehicle 0
1067.0 407.0 1067.0 426.0 1095.0 424.0 1099.0 403.0 small-vehicle 0
990.0 389.0 1004.0 391.0 1006.0 425.0 990.0 425.0 small-vehicle 0
970.0 379.0 985.0 380.0 983.0 415.0 971.0 413.0 small-vehicle 0
965.0 451.0 964.0 432.0 1005.0 430.0 1005.0 451.0 small-vehicle 0
975.0 485.0 973.0 468.0 1001.0 467.0 999.0 485.0 small-vehicle 0
966.0 503.0 964.0 487.0 1003.0 486.0 1001.0 503.0 small-vehicle 0
967.0 526.0 966.0 507.0 1005.0 506.0 1003.0 524.0 small-vehicle 0
966.0 562.0 966.0 543.0 1003.0 542.0 1003.0 561.0 small-vehicle 0
966.0 599.0 965.0 581.0 1003.0 579.0 1004.0 599.0 small-vehicle 0
971.0 634.0 972.0 616.0 999.0 617.0 1000.0 633.0 small-vehicle 0
966.0 655.0 966.0 636.0 1004.0 636.0 1005.0 654.0 small-vehicle 0
966.0 674.0 966.0 655.0 1005.0 655.0 1003.0 674.0 small-vehicle 0
1066.0 378.0 1066.0 364.0 1095.0 362.0 1095.0 379.0 small-vehicle 0
1066.0 363.0 1065.0 349.0 1097.0 347.0 1096.0 364.0 small-vehicle 0
1065.0 350.0 1064.0 334.0 1097.0 335.0 1097.0 348.0 small-vehicle 0
1036.0 290.0 1036.0 306.0 1008.0 307.0 1005.0 290.0 small-vehicle 0
930.0 561.0 929.0 580.0 891.0 581.0 891.0 564.0 small-vehicle 0
929.0 543.0 931.0 561.0 892.0 561.0 892.0 545.0 small-vehicle 0
929.0 528.0 928.0 543.0 898.0 543.0 897.0 527.0 small-vehicle 0
928.0 508.0 928.0 527.0 891.0 527.0 892.0 510.0 small-vehicle 0
928.0 491.0 927.0 508.0 893.0 509.0 891.0 491.0 small-vehicle 0
929.0 471.0 929.0 490.0 891.0 489.0 892.0 470.0 small-vehicle 0
928.0 451.0 928.0 470.0 891.0 472.0 892.0 453.0 small-vehicle 0
929.0 431.0 928.0 450.0 891.0 450.0 893.0 432.0 small-vehicle 0
1035.0 306.0 1036.0 318.0 1007.0 321.0 1006.0 305.0 small-vehicle 0
1065.0 335.0 1064.0 318.0 1098.0 317.0 1096.0 334.0 small-vehicle 0
1036.0 319.0 1034.0 336.0 1006.0 337.0 1007.0 323.0 small-vehicle 0
1035.0 336.0 1037.0 350.0 1006.0 351.0 1005.0 335.0 small-vehicle 0
1038.0 351.0 1038.0 364.0 1005.0 365.0 1004.0 351.0 small-vehicle 0
1037.0 365.0 1037.0 380.0 1006.0 381.0 1006.0 366.0 small-vehicle 0
1037.0 380.0 1036.0 395.0 1005.0 395.0 1005.0 380.0 small-vehicle 0
1065.0 271.0 1066.0 286.0 1097.0 286.0 1096.0 270.0 small-vehicle 0
1066.0 303.0 1066.0 287.0 1096.0 286.0 1097.0 302.0 small-vehicle 0
1065.0 316.0 1065.0 303.0 1096.0 302.0 1096.0 319.0 small-vehicle 0
969.0 818.0 969.0 802.0 1008.0 802.0 1006.0 819.0 small-vehicle 0
969.0 838.0 969.0 822.0 1005.0 821.0 1004.0 839.0 small-vehicle 0
969.0 859.0 969.0 841.0 1005.0 839.0 1004.0 856.0 small-vehicle 0
1469.0 590.0 1451.0 589.0 1450.0 556.0 1469.0 555.0 small-vehicle 0
1302.0 588.0 1284.0 589.0 1283.0 554.0 1301.0 554.0 small-vehicle 0
1321.0 590.0 1303.0 588.0 1301.0 554.0 1320.0 554.0 small-vehicle 0
1340.0 589.0 1321.0 591.0 1321.0 555.0 1337.0 554.0 small-vehicle 0
1376.0 588.0 1358.0 589.0 1357.0 554.0 1376.0 555.0 small-vehicle 0
1396.0 590.0 1377.0 589.0 1376.0 555.0 1395.0 555.0 small-vehicle 0
1413.0 589.0 1397.0 590.0 1395.0 555.0 1413.0 556.0 small-vehicle 0
1432.0 588.0 1412.0 589.0 1413.0 556.0 1432.0 556.0 small-vehicle 0
1450.0 589.0 1433.0 589.0 1430.0 555.0 1448.0 555.0 small-vehicle 0
1487.0 587.0 1469.0 589.0 1467.0 555.0 1488.0 556.0 small-vehicle 0
1265.0 589.0 1246.0 590.0 1245.0 555.0 1265.0 555.0 small-vehicle 0
1506.0 590.0 1488.0 589.0 1488.0 554.0 1505.0 554.0 small-vehicle 0
1524.0 589.0 1506.0 590.0 1506.0 554.0 1523.0 555.0 small-vehicle 0
1542.0 590.0 1525.0 591.0 1524.0 556.0 1542.0 555.0 small-vehicle 0
1561.0 589.0 1543.0 589.0 1543.0 555.0 1560.0 554.0 small-vehicle 0
1580.0 589.0 1562.0 590.0 1559.0 553.0 1579.0 554.0 small-vehicle 0
1598.0 587.0 1581.0 588.0 1579.0 554.0 1596.0 554.0 small-vehicle 0
1617.0 587.0 1597.0 589.0 1596.0 553.0 1616.0 554.0 small-vehicle 0
1099.0 624.0 1080.0 624.0 1079.0 589.0 1099.0 590.0 small-vehicle 0
1284.0 588.0 1266.0 590.0 1265.0 554.0 1284.0 554.0 small-vehicle 0
1229.0 590.0 1210.0 591.0 1210.0 554.0 1228.0 553.0 small-vehicle 0
968.0 875.0 968.0 859.0 1006.0 858.0 1005.0 875.0 small-vehicle 0
1041.0 627.0 1020.0 627.0 1021.0 592.0 1041.0 591.0 small-vehicle 0
968.0 893.0 967.0 877.0 1003.0 876.0 1005.0 892.0 small-vehicle 0
968.0 911.0 970.0 896.0 1004.0 896.0 1003.0 914.0 small-vehicle 0
967.0 932.0 968.0 915.0 1003.0 914.0 1003.0 933.0 small-vehicle 0
968.0 952.0 968.0 933.0 1003.0 933.0 1003.0 952.0 small-vehicle 0
968.0 971.0 968.0 952.0 1003.0 951.0 1003.0 970.0 small-vehicle 0
968.0 990.0 967.0 971.0 1003.0 970.0 1004.0 990.0 small-vehicle 0
966.0 1012.0 967.0 990.0 1005.0 991.0 1004.0 1012.0 small-vehicle 0
1042.0 588.0 1020.0 589.0 1020.0 556.0 1039.0 556.0 small-vehicle 0
1062.0 588.0 1042.0 589.0 1042.0 555.0 1062.0 556.0 small-vehicle 0
1192.0 590.0 1174.0 588.0 1174.0 555.0 1190.0 555.0 small-vehicle 0
1061.0 626.0 1040.0 626.0 1042.0 590.0 1062.0 590.0 small-vehicle 0
1080.0 624.0 1060.0 626.0 1062.0 590.0 1079.0 590.0 small-vehicle 0
1080.0 589.0 1062.0 589.0 1063.0 557.0 1080.0 555.0 small-vehicle 0
1098.0 588.0 1078.0 589.0 1081.0 557.0 1097.0 558.0 small-vehicle 0
1117.0 587.0 1099.0 588.0 1098.0 558.0 1116.0 556.0 small-vehicle 0
1135.0 589.0 1117.0 588.0 1118.0 556.0 1135.0 556.0 small-vehicle 0
1155.0 587.0 1136.0 589.0 1136.0 554.0 1155.0 554.0 small-vehicle 0
1173.0 588.0 1155.0 590.0 1154.0 555.0 1171.0 555.0 small-vehicle 0
928.0 582.0 929.0 601.0 891.0 598.0 892.0 582.0 small-vehicle 0
929.0 617.0 929.0 638.0 891.0 639.0 891.0 618.0 small-vehicle 0
1358.0 401.0 1344.0 401.0 1344.0 366.0 1360.0 365.0 small-vehicle 0
931.0 637.0 932.0 656.0 891.0 657.0 892.0 640.0 small-vehicle 0
817.0 788.0 817.0 804.0 785.0 804.0 785.0 789.0 small-vehicle 0
819.0 770.0 820.0 788.0 786.0 787.0 785.0 769.0 small-vehicle 0
819.0 729.0 819.0 748.0 782.0 749.0 782.0 730.0 small-vehicle 0
819.0 692.0 820.0 713.0 782.0 712.0 783.0 694.0 small-vehicle 0
818.0 657.0 818.0 673.0 788.0 674.0 788.0 658.0 small-vehicle 0
818.0 637.0 818.0 656.0 787.0 656.0 786.0 638.0 small-vehicle 0
819.0 600.0 819.0 620.0 788.0 619.0 787.0 599.0 small-vehicle 0
819.0 581.0 818.0 600.0 784.0 599.0 785.0 581.0 small-vehicle 0
818.0 564.0 819.0 580.0 781.0 582.0 782.0 564.0 small-vehicle 0
820.0 544.0 819.0 565.0 781.0 563.0 783.0 546.0 small-vehicle 0
819.0 524.0 820.0 545.0 781.0 542.0 780.0 527.0 small-vehicle 0
819.0 507.0 818.0 524.0 781.0 526.0 780.0 508.0 small-vehicle 0
819.0 488.0 820.0 507.0 780.0 508.0 780.0 489.0 small-vehicle 0
817.0 469.0 819.0 488.0 780.0 489.0 779.0 468.0 small-vehicle 0
816.0 451.0 816.0 469.0 786.0 468.0 785.0 455.0 small-vehicle 0
817.0 434.0 816.0 448.0 784.0 450.0 783.0 434.0 small-vehicle 0
772.0 382.0 788.0 382.0 787.0 415.0 771.0 416.0 small-vehicle 0
750.0 379.0 767.0 377.0 768.0 406.0 750.0 405.0 small-vehicle 0
790.0 383.0 806.0 384.0 806.0 413.0 790.0 415.0 small-vehicle 0
821.0 825.0 821.0 845.0 787.0 844.0 785.0 824.0 small-vehicle 0
818.0 845.0 817.0 861.0 788.0 860.0 788.0 845.0 small-vehicle 0
822.0 863.0 823.0 882.0 784.0 882.0 784.0 863.0 small-vehicle 0
744.0 977.0 743.0 959.0 784.0 956.0 784.0 976.0 small-vehicle 0
743.0 825.0 744.0 807.0 782.0 806.0 782.0 821.0 small-vehicle 0
743.0 842.0 744.0 825.0 782.0 824.0 781.0 842.0 small-vehicle 0
744.0 861.0 743.0 843.0 781.0 843.0 781.0 858.0 small-vehicle 0
751.0 877.0 749.0 861.0 783.0 857.0 782.0 875.0 small-vehicle 0
742.0 900.0 742.0 880.0 782.0 878.0 782.0 900.0 small-vehicle 0
743.0 920.0 742.0 901.0 782.0 900.0 782.0 918.0 small-vehicle 0
743.0 937.0 743.0 921.0 783.0 918.0 781.0 936.0 small-vehicle 0
743.0 958.0 742.0 938.0 783.0 937.0 783.0 956.0 small-vehicle 0
744.0 996.0 743.0 976.0 785.0 974.0 784.0 996.0 small-vehicle 0
818.0 882.0 818.0 899.0 785.0 900.0 784.0 883.0 small-vehicle 0
744.0 1016.0 744.0 997.0 783.0 997.0 782.0 1014.0 small-vehicle 0
743.0 1074.0 744.0 1054.0 782.0 1055.0 784.0 1073.0 small-vehicle 0
820.0 1056.0 821.0 1073.0 784.0 1074.0 783.0 1058.0 small-vehicle 0
820.0 1035.0 820.0 1056.0 783.0 1056.0 781.0 1036.0 small-vehicle 0
819.0 1017.0 820.0 1036.0 789.0 1034.0 790.0 1017.0 small-vehicle 0
820.0 958.0 820.0 977.0 785.0 978.0 784.0 957.0 small-vehicle 0
818.0 939.0 819.0 957.0 790.0 957.0 790.0 939.0 small-vehicle 0
821.0 900.0 822.0 920.0 787.0 921.0 785.0 903.0 small-vehicle 0
808.0 384.0 820.0 384.0 822.0 411.0 808.0 410.0 small-vehicle 0
869.0 376.0 885.0 377.0 886.0 405.0 868.0 405.0 small-vehicle 0
903.0 377.0 926.0 376.0 927.0 415.0 903.0 415.0 small-vehicle 0
933.0 957.0 933.0 975.0 898.0 976.0 897.0 958.0 small-vehicle 0
855.0 974.0 855.0 956.0 893.0 955.0 892.0 974.0 small-vehicle 0
855.0 992.0 855.0 975.0 891.0 974.0 892.0 991.0 small-vehicle 0
854.0 1015.0 853.0 996.0 893.0 994.0 894.0 1014.0 small-vehicle 0
853.0 1052.0 853.0 1033.0 892.0 1031.0 893.0 1053.0 small-vehicle 0
931.0 1054.0 930.0 1073.0 895.0 1071.0 893.0 1055.0 small-vehicle 0
930.0 1035.0 931.0 1054.0 900.0 1052.0 902.0 1034.0 small-vehicle 0
931.0 1016.0 930.0 1034.0 894.0 1035.0 895.0 1017.0 small-vehicle 0
933.0 975.0 933.0 996.0 894.0 996.0 892.0 975.0 small-vehicle 0
931.0 939.0 931.0 954.0 902.0 956.0 901.0 940.0 small-vehicle 0
856.0 920.0 855.0 901.0 892.0 899.0 892.0 919.0 small-vehicle 0
931.0 918.0 929.0 938.0 897.0 938.0 896.0 918.0 small-vehicle 0
933.0 881.0 932.0 900.0 893.0 902.0 891.0 881.0 small-vehicle 0
933.0 862.0 933.0 880.0 892.0 883.0 892.0 865.0 small-vehicle 0
933.0 842.0 933.0 860.0 894.0 860.0 894.0 843.0 small-vehicle 0
932.0 807.0 930.0 826.0 897.0 824.0 897.0 806.0 small-vehicle 0
934.0 785.0 933.0 806.0 901.0 806.0 900.0 787.0 small-vehicle 0
929.0 693.0 929.0 711.0 897.0 711.0 897.0 693.0 small-vehicle 0
929.0 673.0 929.0 694.0 896.0 693.0 896.0 674.0 small-vehicle 0
855.0 956.0 855.0 937.0 894.0 936.0 893.0 955.0 small-vehicle 0
859.0 896.0 858.0 879.0 890.0 877.0 891.0 896.0 small-vehicle 0
854.0 453.0 853.0 432.0 892.0 432.0 891.0 451.0 small-vehicle 0
856.0 655.0 856.0 635.0 892.0 637.0 892.0 654.0 small-vehicle 0
853.0 470.0 854.0 453.0 890.0 451.0 890.0 470.0 small-vehicle 0
852.0 488.0 853.0 471.0 889.0 470.0 890.0 489.0 small-vehicle 0
853.0 507.0 852.0 490.0 891.0 488.0 889.0 505.0 small-vehicle 0
853.0 526.0 852.0 506.0 891.0 505.0 892.0 527.0 small-vehicle 0
854.0 544.0 853.0 526.0 891.0 525.0 892.0 544.0 small-vehicle 0
855.0 561.0 854.0 544.0 890.0 543.0 891.0 562.0 small-vehicle 0
854.0 580.0 853.0 561.0 891.0 561.0 891.0 579.0 small-vehicle 0
854.0 601.0 853.0 581.0 891.0 581.0 892.0 599.0 small-vehicle 0
856.0 672.0 856.0 655.0 887.0 654.0 887.0 672.0 small-vehicle 0
859.0 878.0 859.0 863.0 891.0 861.0 890.0 875.0 small-vehicle 0
853.0 693.0 854.0 674.0 891.0 674.0 891.0 690.0 small-vehicle 0
854.0 711.0 854.0 693.0 891.0 694.0 890.0 710.0 small-vehicle 0
853.0 729.0 853.0 711.0 892.0 709.0 891.0 730.0 small-vehicle 0
854.0 749.0 855.0 730.0 890.0 730.0 892.0 748.0 small-vehicle 0
859.0 784.0 859.0 767.0 888.0 768.0 887.0 783.0 small-vehicle 0
855.0 820.0 855.0 803.0 891.0 803.0 892.0 822.0 small-vehicle 0
856.0 839.0 855.0 822.0 891.0 822.0 891.0 841.0 small-vehicle 0
859.0 860.0 859.0 844.0 888.0 843.0 889.0 858.0 small-vehicle 0
1117.0 625.0 1099.0 626.0 1098.0 591.0 1117.0 591.0 small-vehicle 0
1135.0 624.0 1117.0 625.0 1116.0 593.0 1136.0 592.0 small-vehicle 0
1154.0 625.0 1135.0 624.0 1135.0 593.0 1154.0 593.0 small-vehicle 0
1174.0 625.0 1154.0 624.0 1155.0 593.0 1173.0 593.0 small-vehicle 0
1600.0 1032.0 1579.0 1034.0 1581.0 997.0 1600.0 999.0 small-vehicle 0
1620.0 1034.0 1599.0 1033.0 1599.0 998.0 1616.0 998.0 small-vehicle 0
1026.0 1071.0 1006.0 1072.0 1007.0 1033.0 1025.0 1033.0 small-vehicle 0
1043.0 1072.0 1025.0 1071.0 1024.0 1039.0 1043.0 1040.0 small-vehicle 0
1061.0 1071.0 1044.0 1070.0 1044.0 1037.0 1060.0 1037.0 small-vehicle 0
1078.0 1072.0 1060.0 1070.0 1061.0 1035.0 1078.0 1034.0 small-vehicle 0
1098.0 1071.0 1078.0 1071.0 1078.0 1034.0 1098.0 1033.0 small-vehicle 0
1117.0 1071.0 1099.0 1072.0 1099.0 1037.0 1115.0 1036.0 small-vehicle 0
1136.0 1071.0 1119.0 1071.0 1117.0 1033.0 1135.0 1034.0 small-vehicle 0
1155.0 1071.0 1137.0 1071.0 1137.0 1033.0 1154.0 1033.0 small-vehicle 0
1173.0 1071.0 1155.0 1071.0 1154.0 1033.0 1172.0 1033.0 small-vehicle 0
1191.0 1072.0 1173.0 1072.0 1174.0 1034.0 1191.0 1033.0 small-vehicle 0
1210.0 1072.0 1192.0 1073.0 1191.0 1031.0 1208.0 1033.0 small-vehicle 0
1228.0 1071.0 1209.0 1072.0 1208.0 1034.0 1228.0 1034.0 small-vehicle 0
1246.0 1072.0 1229.0 1071.0 1228.0 1036.0 1245.0 1034.0 small-vehicle 0
1266.0 1072.0 1246.0 1072.0 1244.0 1034.0 1265.0 1033.0 small-vehicle 0
1284.0 1072.0 1266.0 1071.0 1265.0 1032.0 1282.0 1032.0 small-vehicle 0
1301.0 1071.0 1284.0 1072.0 1283.0 1032.0 1303.0 1033.0 small-vehicle 0
1322.0 1072.0 1302.0 1071.0 1302.0 1035.0 1320.0 1033.0 small-vehicle 0
1581.0 1033.0 1563.0 1034.0 1563.0 998.0 1579.0 998.0 small-vehicle 0
1562.0 1033.0 1545.0 1033.0 1544.0 996.0 1563.0 997.0 small-vehicle 0
1544.0 1033.0 1526.0 1034.0 1527.0 1001.0 1544.0 1000.0 small-vehicle 0
1341.0 1033.0 1322.0 1033.0 1321.0 998.0 1340.0 998.0 small-vehicle 0
1190.0 1032.0 1172.0 1033.0 1173.0 996.0 1191.0 998.0 small-vehicle 0
1208.0 1032.0 1190.0 1032.0 1191.0 998.0 1208.0 997.0 small-vehicle 0
1230.0 1032.0 1208.0 1033.0 1207.0 996.0 1228.0 997.0 small-vehicle 0
1245.0 1032.0 1229.0 1033.0 1229.0 998.0 1247.0 996.0 small-vehicle 0
1267.0 1033.0 1245.0 1034.0 1248.0 998.0 1264.0 1000.0 small-vehicle 0
1283.0 1033.0 1264.0 1033.0 1265.0 995.0 1282.0 995.0 small-vehicle 0
1303.0 1033.0 1283.0 1032.0 1283.0 999.0 1302.0 1000.0 small-vehicle 0
1320.0 1032.0 1303.0 1033.0 1302.0 999.0 1321.0 1000.0 small-vehicle 0
1359.0 1032.0 1340.0 1032.0 1339.0 998.0 1360.0 997.0 small-vehicle 0
1524.0 1032.0 1506.0 1033.0 1507.0 998.0 1526.0 997.0 small-vehicle 0
1376.0 1033.0 1359.0 1033.0 1357.0 999.0 1378.0 998.0 small-vehicle 0
1396.0 1034.0 1377.0 1034.0 1376.0 1000.0 1395.0 999.0 small-vehicle 0
1414.0 1033.0 1396.0 1032.0 1395.0 998.0 1414.0 1000.0 small-vehicle 0
1433.0 1033.0 1415.0 1034.0 1413.0 993.0 1432.0 994.0 small-vehicle 0
1451.0 1032.0 1433.0 1033.0 1432.0 996.0 1451.0 996.0 small-vehicle 0
1470.0 1032.0 1452.0 1032.0 1450.0 998.0 1469.0 998.0 small-vehicle 0
1488.0 1032.0 1469.0 1032.0 1471.0 994.0 1489.0 992.0 small-vehicle 0
1507.0 1033.0 1489.0 1032.0 1489.0 997.0 1505.0 997.0 small-vehicle 0
1341.0 1072.0 1322.0 1072.0 1322.0 1033.0 1339.0 1033.0 small-vehicle 0
1356.0 1072.0 1341.0 1072.0 1340.0 1034.0 1359.0 1033.0 small-vehicle 0
1377.0 1070.0 1359.0 1071.0 1359.0 1034.0 1378.0 1034.0 small-vehicle 0
1302.0 288.0 1302.0 304.0 1275.0 303.0 1275.0 289.0 small-vehicle 0
1215.0 362.0 1215.0 379.0 1186.0 380.0 1185.0 363.0 small-vehicle 0
1215.0 335.0 1214.0 350.0 1187.0 351.0 1186.0 335.0 small-vehicle 0
1214.0 273.0 1214.0 287.0 1186.0 288.0 1185.0 273.0 small-vehicle 0
1188.0 181.0 1170.0 182.0 1171.0 147.0 1187.0 146.0 small-vehicle 0
1210.0 172.0 1192.0 171.0 1192.0 133.0 1210.0 133.0 small-vehicle 0
1138.0 173.0 1122.0 173.0 1121.0 138.0 1139.0 138.0 small-vehicle 0
1302.0 243.0 1302.0 258.0 1271.0 259.0 1270.0 243.0 small-vehicle 0
1302.0 272.0 1302.0 287.0 1271.0 289.0 1271.0 271.0 small-vehicle 0
1302.0 303.0 1302.0 318.0 1275.0 318.0 1276.0 303.0 small-vehicle 0
1156.0 442.0 1155.0 423.0 1185.0 423.0 1185.0 439.0 small-vehicle 0
1242.0 347.0 1242.0 333.0 1274.0 333.0 1274.0 347.0 small-vehicle 0
1243.0 363.0 1243.0 349.0 1274.0 348.0 1274.0 362.0 small-vehicle 0
1359.0 195.0 1344.0 196.0 1341.0 159.0 1358.0 159.0 small-vehicle 0
1359.0 229.0 1343.0 228.0 1344.0 197.0 1359.0 197.0 small-vehicle 0
1358.0 261.0 1345.0 262.0 1345.0 232.0 1358.0 231.0 small-vehicle 0
1357.0 295.0 1344.0 296.0 1344.0 262.0 1357.0 261.0 small-vehicle 0
1359.0 329.0 1343.0 329.0 1342.0 296.0 1358.0 294.0 small-vehicle 0
1359.0 363.0 1343.0 364.0 1342.0 329.0 1360.0 329.0 small-vehicle 0
1216.0 395.0 1215.0 409.0 1185.0 410.0 1186.0 395.0 small-vehicle 0
1155.0 409.0 1155.0 393.0 1186.0 393.0 1186.0 409.0 small-vehicle 0
1396.0 1073.0 1377.0 1071.0 1377.0 1034.0 1396.0 1033.0 small-vehicle 0
1561.0 1071.0 1541.0 1071.0 1543.0 1034.0 1562.0 1035.0 small-vehicle 0
1416.0 1072.0 1396.0 1072.0 1396.0 1033.0 1413.0 1034.0 small-vehicle 0
1431.0 1071.0 1414.0 1070.0 1413.0 1035.0 1434.0 1033.0 small-vehicle 0
1450.0 1069.0 1431.0 1071.0 1433.0 1035.0 1452.0 1034.0 small-vehicle 0
1471.0 1070.0 1452.0 1070.0 1452.0 1035.0 1470.0 1033.0 small-vehicle 0
1489.0 1071.0 1470.0 1071.0 1470.0 1033.0 1487.0 1033.0 small-vehicle 0
1507.0 1070.0 1488.0 1071.0 1488.0 1033.0 1507.0 1033.0 small-vehicle 0
1527.0 1071.0 1508.0 1071.0 1506.0 1033.0 1524.0 1033.0 small-vehicle 0
1541.0 1071.0 1525.0 1071.0 1525.0 1034.0 1542.0 1034.0 small-vehicle 0
1581.0 1070.0 1562.0 1071.0 1561.0 1033.0 1581.0 1034.0 small-vehicle 0
1155.0 378.0 1155.0 362.0 1187.0 363.0 1185.0 378.0 small-vehicle 0
1599.0 1069.0 1582.0 1070.0 1580.0 1033.0 1598.0 1033.0 small-vehicle 0
1618.0 1068.0 1598.0 1070.0 1597.0 1033.0 1621.0 1034.0 small-vehicle 0
1154.0 289.0 1153.0 274.0 1185.0 272.0 1185.0 288.0 small-vehicle 0
1154.0 304.0 1153.0 289.0 1184.0 289.0 1184.0 305.0 small-vehicle 0
1154.0 318.0 1154.0 304.0 1185.0 305.0 1186.0 319.0 small-vehicle 0
1154.0 335.0 1155.0 319.0 1187.0 318.0 1186.0 335.0 small-vehicle 0
1155.0 349.0 1154.0 335.0 1186.0 335.0 1188.0 349.0 small-vehicle 0
1156.0 365.0 1155.0 350.0 1188.0 349.0 1186.0 365.0 small-vehicle 0
1173.0 1033.0 1156.0 1032.0 1155.0 997.0 1172.0 996.0 small-vehicle 0
1155.0 1032.0 1136.0 1033.0 1137.0 994.0 1154.0 995.0 small-vehicle 0
1137.0 1032.0 1117.0 1032.0 1115.0 996.0 1135.0 996.0 small-vehicle 0
1210.0 776.0 1191.0 776.0 1191.0 737.0 1210.0 737.0 small-vehicle 0
1061.0 777.0 1041.0 778.0 1042.0 738.0 1059.0 737.0 small-vehicle 0
1079.0 777.0 1060.0 777.0 1059.0 738.0 1078.0 738.0 small-vehicle 0
1098.0 778.0 1080.0 778.0 1078.0 738.0 1097.0 737.0 small-vehicle 0
1117.0 777.0 1098.0 777.0 1097.0 736.0 1116.0 735.0 small-vehicle 0
1135.0 776.0 1117.0 776.0 1117.0 736.0 1133.0 735.0 small-vehicle 0
1155.0 777.0 1134.0 776.0 1133.0 737.0 1153.0 735.0 small-vehicle 0
1173.0 776.0 1155.0 778.0 1153.0 736.0 1173.0 735.0 small-vehicle 0
1191.0 776.0 1172.0 776.0 1173.0 736.0 1191.0 736.0 small-vehicle 0
1229.0 775.0 1209.0 777.0 1210.0 736.0 1228.0 737.0 small-vehicle 0
1617.0 622.0 1596.0 622.0 1597.0 589.0 1617.0 589.0 small-vehicle 0
1247.0 775.0 1227.0 776.0 1229.0 737.0 1247.0 737.0 small-vehicle 0
1266.0 775.0 1246.0 775.0 1246.0 737.0 1264.0 735.0 small-vehicle 0
1284.0 774.0 1265.0 776.0 1266.0 735.0 1284.0 736.0 small-vehicle 0
1303.0 775.0 1284.0 773.0 1284.0 735.0 1301.0 736.0 small-vehicle 0
1322.0 775.0 1303.0 775.0 1302.0 738.0 1320.0 736.0 small-vehicle 0
1340.0 776.0 1322.0 775.0 1321.0 736.0 1338.0 737.0 small-vehicle 0
1358.0 775.0 1340.0 776.0 1339.0 737.0 1357.0 736.0 small-vehicle 0
1377.0 775.0 1359.0 774.0 1357.0 735.0 1376.0 735.0 small-vehicle 0
1041.0 778.0 1022.0 778.0 1021.0 737.0 1041.0 735.0 small-vehicle 0
1598.0 623.0 1579.0 623.0 1581.0 590.0 1598.0 588.0 small-vehicle 0
1413.0 773.0 1394.0 774.0 1394.0 737.0 1414.0 735.0 small-vehicle 0
1396.0 625.0 1377.0 624.0 1376.0 589.0 1395.0 590.0 small-vehicle 0
1191.0 626.0 1174.0 625.0 1175.0 593.0 1192.0 592.0 small-vehicle 0
1228.0 625.0 1210.0 626.0 1209.0 590.0 1230.0 591.0 small-vehicle 0
1266.0 623.0 1246.0 624.0 1246.0 590.0 1266.0 588.0 small-vehicle 0
1284.0 623.0 1265.0 623.0 1266.0 591.0 1283.0 589.0 small-vehicle 0
1303.0 624.0 1283.0 624.0 1284.0 590.0 1302.0 588.0 small-vehicle 0
1322.0 625.0 1304.0 624.0 1303.0 589.0 1321.0 589.0 small-vehicle 0
1340.0 622.0 1322.0 624.0 1321.0 590.0 1339.0 590.0 small-vehicle 0
1377.0 623.0 1357.0 624.0 1357.0 588.0 1376.0 588.0 small-vehicle 0
1414.0 624.0 1396.0 623.0 1395.0 589.0 1413.0 588.0 small-vehicle 0
1581.0 624.0 1561.0 624.0 1562.0 590.0 1580.0 589.0 small-vehicle 0
1431.0 624.0 1413.0 624.0 1413.0 591.0 1432.0 589.0 small-vehicle 0
1451.0 625.0 1432.0 625.0 1433.0 590.0 1450.0 589.0 small-vehicle 0
1468.0 624.0 1450.0 625.0 1450.0 589.0 1469.0 590.0 small-vehicle 0
1489.0 625.0 1469.0 624.0 1468.0 591.0 1488.0 590.0 small-vehicle 0
1507.0 624.0 1487.0 625.0 1488.0 590.0 1506.0 590.0 small-vehicle 0
1525.0 626.0 1506.0 626.0 1505.0 592.0 1525.0 591.0 small-vehicle 0
1543.0 626.0 1525.0 625.0 1524.0 593.0 1542.0 591.0 small-vehicle 0
1562.0 623.0 1542.0 624.0 1542.0 592.0 1562.0 591.0 small-vehicle 0
1395.0 774.0 1376.0 775.0 1376.0 735.0 1394.0 736.0 small-vehicle 0
1432.0 775.0 1412.0 775.0 1413.0 737.0 1432.0 735.0 small-vehicle 0
1118.0 1033.0 1098.0 1033.0 1098.0 997.0 1117.0 997.0 small-vehicle 0
1546.0 918.0 1525.0 919.0 1524.0 883.0 1543.0 882.0 small-vehicle 0
1396.0 922.0 1377.0 923.0 1377.0 882.0 1395.0 881.0 small-vehicle 0
1414.0 920.0 1397.0 922.0 1396.0 882.0 1414.0 882.0 small-vehicle 0
1433.0 921.0 1413.0 921.0 1414.0 882.0 1432.0 883.0 small-vehicle 0
1451.0 919.0 1433.0 921.0 1432.0 883.0 1452.0 883.0 small-vehicle 0
1470.0 922.0 1452.0 922.0 1451.0 883.0 1469.0 883.0 small-vehicle 0
1488.0 921.0 1469.0 920.0 1469.0 883.0 1488.0 883.0 small-vehicle 0
1506.0 920.0 1489.0 921.0 1488.0 882.0 1506.0 883.0 small-vehicle 0
1526.0 920.0 1507.0 920.0 1507.0 881.0 1526.0 879.0 small-vehicle 0
1563.0 921.0 1545.0 921.0 1543.0 882.0 1565.0 881.0 small-vehicle 0
1258.0 886.0 1270.0 880.0 1285.0 911.0 1274.0 919.0 small-vehicle 0
1582.0 919.0 1564.0 921.0 1563.0 883.0 1582.0 883.0 small-vehicle 0
1600.0 920.0 1582.0 920.0 1581.0 883.0 1599.0 883.0 small-vehicle 0
1617.0 918.0 1600.0 919.0 1599.0 883.0 1619.0 884.0 small-vehicle 0
1023.0 1033.0 1007.0 1032.0 1006.0 997.0 1023.0 997.0 small-vehicle 0
1042.0 1032.0 1024.0 1034.0 1022.0 997.0 1041.0 998.0 small-vehicle 0
1061.0 1033.0 1043.0 1032.0 1042.0 998.0 1059.0 997.0 small-vehicle 0
1080.0 1033.0 1061.0 1033.0 1061.0 996.0 1078.0 997.0 small-vehicle 0
1098.0 1033.0 1079.0 1032.0 1078.0 997.0 1097.0 997.0 small-vehicle 0
1377.0 920.0 1359.0 921.0 1357.0 882.0 1377.0 881.0 small-vehicle 0
1237.0 889.0 1248.0 881.0 1265.0 913.0 1252.0 920.0 small-vehicle 0
1449.0 776.0 1432.0 776.0 1432.0 735.0 1451.0 736.0 small-vehicle 0
1619.0 774.0 1599.0 773.0 1599.0 734.0 1616.0 734.0 small-vehicle 0
1470.0 775.0 1450.0 775.0 1450.0 736.0 1469.0 737.0 small-vehicle 0
1488.0 774.0 1470.0 774.0 1470.0 736.0 1488.0 736.0 small-vehicle 0
1508.0 774.0 1488.0 774.0 1488.0 737.0 1505.0 737.0 small-vehicle 0
1525.0 773.0 1507.0 773.0 1505.0 736.0 1525.0 737.0 small-vehicle 0
1545.0 774.0 1525.0 773.0 1526.0 737.0 1543.0 737.0 small-vehicle 0
1563.0 774.0 1544.0 774.0 1543.0 736.0 1561.0 736.0 small-vehicle 0
1581.0 775.0 1562.0 774.0 1561.0 735.0 1581.0 735.0 small-vehicle 0
1600.0 774.0 1582.0 774.0 1580.0 734.0 1599.0 734.0 small-vehicle 0
1044.0 923.0 1024.0 923.0 1023.0 881.0 1042.0 882.0 small-vehicle 0
1215.0 890.0 1227.0 881.0 1243.0 913.0 1229.0 920.0 small-vehicle 0
1061.0 924.0 1045.0 923.0 1043.0 882.0 1059.0 882.0 small-vehicle 0
1080.0 922.0 1061.0 924.0 1060.0 882.0 1078.0 883.0 small-vehicle 0
1098.0 924.0 1081.0 922.0 1078.0 884.0 1097.0 884.0 small-vehicle 0
1119.0 925.0 1098.0 924.0 1098.0 884.0 1116.0 884.0 small-vehicle 0
1137.0 925.0 1119.0 925.0 1116.0 882.0 1136.0 883.0 small-vehicle 0
1156.0 920.0 1138.0 922.0 1137.0 885.0 1155.0 883.0 small-vehicle 0
1173.0 890.0 1186.0 884.0 1201.0 916.0 1189.0 923.0 small-vehicle 0
1195.0 889.0 1207.0 882.0 1220.0 914.0 1209.0 923.0 small-vehicle 0
68.0 194.0 48.0 193.0 48.0 159.0 67.0 159.0 small-vehicle 0
