imagesource:GoogleEarth
gsd:null
1473.0 157.0 1478.0 161.0 1470.0 174.0 1464.0 169.0 small-vehicle 1
1482.0 2348.0 1470.0 2280.0 1549.0 2270.0 1561.0 2333.0 plane 0
1782.0 1936.0 1832.0 1927.0 1838.0 1950.0 1788.0 1961.0 basketball-court 0
1775.0 1905.0 1824.0 1895.0 1830.0 1922.0 1780.0 1930.0 basketball-court 0
1769.0 1874.0 1818.0 1865.0 1824.0 1888.0 1773.0 1898.0 basketball-court 0
1766.0 1841.0 1813.0 1833.0 1817.0 1857.0 1766.0 1866.0 basketball-court 0
1716.0 2458.0 1824.0 2438.0 1852.0 2594.0 1745.0 2611.0 soccer-ball-field 0
1684.0 2403.0 1827.0 2377.0 1882.0 2639.0 1741.0 2665.0 ground-track-field 0
1502.0 2431.0 1488.0 2363.0 1556.0 2346.0 1570.0 2421.0 plane 0
1450.0 2194.0 1433.0 2130.0 1500.0 2111.0 1514.0 2186.0 plane 0
2998.0 2271.0 3025.0 2265.0 3034.0 2311.0 3006.0 2317.0 basketball-court 0
1428.0 2110.0 1421.0 2046.0 1485.0 2034.0 1495.0 2102.0 plane 0
1373.0 1874.0 1350.0 1807.0 1425.0 1785.0 1444.0 1862.0 plane 0
1359.0 1793.0 1346.0 1730.0 1411.0 1707.0 1427.0 1788.0 plane 0
1341.0 1719.0 1324.0 1652.0 1395.0 1626.0 1412.0 1707.0 plane 0
1324.0 1631.0 1309.0 1570.0 1378.0 1556.0 1389.0 1626.0 plane 0
1312.0 1558.0 1287.0 1495.0 1356.0 1471.0 1372.0 1545.0 plane 0
1282.0 1477.0 1275.0 1416.0 1341.0 1404.0 1350.0 1472.0 plane 0
2009.0 2534.0 2039.0 2529.0 2047.0 2575.0 2016.0 2580.0 basketball-court 0
1969.0 2743.0 1992.0 2738.0 2004.0 2780.0 1977.0 2787.0 basketball-court 0
1998.0 2737.0 2021.0 2732.0 2032.0 2773.0 2007.0 2779.0 basketball-court 0
1978.0 2791.0 2004.0 2785.0 2012.0 2826.0 1983.0 2833.0 basketball-court 0
2383.0 3741.0 2409.0 3734.0 2422.0 3780.0 2393.0 3785.0 basketball-court 0
2393.0 3790.0 2421.0 3783.0 2433.0 3827.0 2399.0 3833.0 basketball-court 0
2343.0 5222.0 2306.0 5261.0 2270.0 5231.0 2312.0 5184.0 plane 0
2302.0 5178.0 2246.0 5195.0 2226.0 5138.0 2281.0 5121.0 plane 0
2269.0 5230.0 2231.0 5192.0 2260.0 5154.0 2300.0 5183.0 plane 0
2059.0 4916.0 2041.0 4856.0 2112.0 4845.0 2127.0 4906.0 plane 0
2046.0 4839.0 2036.0 4777.0 2099.0 4762.0 2109.0 4834.0 plane 0
2024.0 4763.0 2008.0 4701.0 2077.0 4684.0 2094.0 4748.0 plane 0
2004.0 4681.0 1991.0 4623.0 2061.0 4604.0 2075.0 4671.0 plane 0
1994.0 4604.0 1979.0 4541.0 2042.0 4526.0 2058.0 4592.0 plane 0
1977.0 4524.0 1964.0 4463.0 2027.0 4448.0 2040.0 4515.0 plane 0
1940.0 4362.0 1919.0 4296.0 1987.0 4283.0 1999.0 4355.0 plane 0
1891.0 4063.0 1878.0 3999.0 1944.0 3986.0 1958.0 4051.0 plane 0
1841.0 3861.0 1823.0 3790.0 1898.0 3777.0 1914.0 3849.0 plane 0
2009.0 2786.0 2031.0 2780.0 2043.0 2821.0 2016.0 2827.0 basketball-court 0
1269.0 1397.0 1257.0 1335.0 1324.0 1323.0 1335.0 1386.0 plane 0
