imagesource:GoogleEarth
gsd:0.141530042828
1712.0 310.0 1698.0 310.0 1698.0 277.0 1711.0 278.0 small-vehicle 1
1695.0 304.0 1681.0 304.0 1678.0 275.0 1692.0 274.0 large-vehicle 0
1676.0 314.0 1659.0 314.0 1660.0 277.0 1674.0 277.0 large-vehicle 0
653.0 1003.0 668.0 993.0 684.0 1018.0 669.0 1029.0 small-vehicle 0
852.0 243.0 1085.0 245.0 1083.0 493.0 854.0 495.0 plane 0
331.0 263.0 570.0 265.0 568.0 495.0 331.0 495.0 plane 0
620.0 831.0 828.0 834.0 832.0 1048.0 615.0 1051.0 plane 0
928.0 1393.0 1068.0 1393.0 1068.0 1565.0 928.0 1565.0 helicopter 0
673.0 1400.0 812.0 1400.0 812.0 1570.0 673.0 1570.0 helicopter 0
