imagesource:GoogleEarth
gsd:0.143821882711
1459.0 2100.0 1461.0 2113.0 1428.0 2117.0 1426.0 2103.0 small-vehicle 0
398.0 2594.0 392.0 2347.0 660.0 2343.0 669.0 2589.0 plane 0
998.0 3670.0 1015.0 3669.0 1020.0 3702.0 1003.0 3703.0 small-vehicle 0
930.0 3669.0 946.0 3666.0 954.0 3697.0 938.0 3699.0 small-vehicle 1
873.0 3676.0 888.0 3674.0 894.0 3702.0 878.0 3704.0 small-vehicle 1
855.0 3670.0 870.0 3670.0 874.0 3701.0 861.0 3703.0 small-vehicle 1
834.0 3672.0 854.0 3670.0 859.0 3704.0 839.0 3707.0 small-vehicle 1
804.0 3674.0 819.0 3672.0 827.0 3703.0 812.0 3704.0 small-vehicle 1
410.0 1920.0 441.0 1918.0 446.0 2013.0 414.0 2015.0 helicopter 0
732.0 397.0 733.0 377.0 772.0 376.0 772.0 394.0 small-vehicle 0
738.0 1513.0 645.0 1515.0 643.0 1391.0 735.0 1390.0 helicopter 0
810.0 894.0 895.0 884.0 910.0 995.0 827.0 1005.0 helicopter 0
620.0 893.0 696.0 888.0 707.0 1006.0 631.0 1010.0 helicopter 0
879.0 866.0 905.0 852.0 930.0 908.0 906.0 918.0 small-vehicle 0
633.0 479.0 650.0 479.0 651.0 521.0 635.0 521.0 small-vehicle 0
688.0 420.0 687.0 407.0 719.0 408.0 717.0 421.0 small-vehicle 0
1049.0 3679.0 1067.0 3676.0 1070.0 3703.0 1054.0 3705.0 small-vehicle 0
1011.0 2746.0 1089.0 2744.0 1095.0 2858.0 1018.0 2861.0 helicopter 0
1212.0 2742.0 1292.0 2744.0 1291.0 2856.0 1211.0 2853.0 helicopter 0
1061.0 2436.0 974.0 2433.0 982.0 2307.0 1072.0 2311.0 helicopter 0
1282.0 2413.0 1194.0 2414.0 1194.0 2289.0 1284.0 2288.0 helicopter 0
1059.0 1894.0 1152.0 1897.0 1147.0 2014.0 1053.0 2010.0 helicopter 0
1277.0 1883.0 1343.0 1886.0 1344.0 2001.0 1273.0 2001.0 helicopter 0
1121.0 1495.0 1089.0 1498.0 1083.0 1384.0 1116.0 1380.0 helicopter 0
1063.0 1518.0 1047.0 1524.0 1027.0 1477.0 1045.0 1471.0 small-vehicle 0
1316.0 1319.0 1316.0 1305.0 1342.0 1303.0 1342.0 1318.0 small-vehicle 0
1030.0 884.0 1109.0 875.0 1134.0 989.0 1049.0 1000.0 helicopter 0
1485.0 615.0 1485.0 601.0 1523.0 603.0 1523.0 616.0 small-vehicle 0
1485.0 597.0 1486.0 585.0 1522.0 585.0 1522.0 598.0 small-vehicle 0
1485.0 582.0 1485.0 566.0 1525.0 567.0 1524.0 582.0 small-vehicle 0
1387.0 767.0 1388.0 754.0 1416.0 755.0 1417.0 768.0 small-vehicle 0
1398.0 843.0 1398.0 831.0 1424.0 831.0 1425.0 843.0 small-vehicle 0
1417.0 2106.0 1396.0 2108.0 1393.0 2058.0 1413.0 2056.0 small-vehicle 0
654.0 606.0 435.0 626.0 397.0 382.0 626.0 370.0 plane 0
