imagesource:GoogleEarth
gsd:0.130751823712
2628.0 939.0 2707.0 906.0 2777.0 1075.0 2698.0 1108.0 tennis-court 0
2517.0 985.0 2595.0 954.0 2664.0 1120.0 2586.0 1153.0 tennis-court 0
1413.0 1763.0 1423.0 1757.0 1437.0 1777.0 1428.0 1784.0 small-vehicle 0
1490.0 1720.0 1502.0 1715.0 1513.0 1738.0 1502.0 1744.0 small-vehicle 0
1470.0 1727.0 1483.0 1719.0 1502.0 1753.0 1487.0 1761.0 small-vehicle 0
870.0 418.0 955.0 403.0 985.0 583.0 901.0 596.0 tennis-court 0
1220.0 1349.0 1178.0 1683.0 840.0 1634.0 887.0 1310.0 baseball-diamond 0
750.0 439.0 833.0 426.0 865.0 607.0 781.0 617.0 tennis-court 0
