imagesource:GoogleEarth
gsd:0.136064540699
1302.0 1000.0 1304.0 1016.0 1262.0 1021.0 1260.0 1007.0 small-vehicle 1
1308.0 996.0 1306.0 983.0 1336.0 980.0 1336.0 993.0 small-vehicle 0
1231.0 1085.0 1219.0 1079.0 1227.0 1050.0 1243.0 1054.0 small-vehicle 0
1249.0 1103.0 1235.0 1096.0 1245.0 1064.0 1258.0 1068.0 small-vehicle 0
1265.0 1122.0 1252.0 1116.0 1260.0 1086.0 1273.0 1089.0 small-vehicle 0
1198.0 1081.0 1209.0 1085.0 1200.0 1116.0 1187.0 1110.0 small-vehicle 0
1217.0 1094.0 1228.0 1100.0 1217.0 1130.0 1206.0 1123.0 small-vehicle 0
1419.0 1244.0 1428.0 1254.0 1405.0 1277.0 1396.0 1265.0 small-vehicle 0
1380.0 1278.0 1391.0 1288.0 1369.0 1313.0 1359.0 1303.0 small-vehicle 0
1350.0 1306.0 1359.0 1316.0 1339.0 1336.0 1329.0 1326.0 small-vehicle 0
1238.0 1221.0 1239.0 1233.0 1207.0 1238.0 1203.0 1225.0 small-vehicle 0
1192.0 1228.0 1195.0 1242.0 1161.0 1248.0 1158.0 1234.0 small-vehicle 0
1272.0 746.0 1264.0 737.0 1284.0 713.0 1294.0 723.0 small-vehicle 1
1294.0 784.0 1286.0 776.0 1310.0 752.0 1318.0 759.0 small-vehicle 1
1239.0 777.0 1231.0 767.0 1254.0 748.0 1262.0 756.0 small-vehicle 1
1223.0 760.0 1214.0 752.0 1236.0 729.0 1244.0 738.0 small-vehicle 1
1208.0 750.0 1198.0 741.0 1223.0 714.0 1232.0 724.0 small-vehicle 0
1264.0 813.0 1256.0 804.0 1278.0 782.0 1286.0 790.0 small-vehicle 0
1279.0 827.0 1269.0 819.0 1290.0 798.0 1298.0 806.0 small-vehicle 0
1367.0 1071.0 1369.0 1084.0 1339.0 1089.0 1338.0 1075.0 small-vehicle 0
1205.0 895.0 1196.0 885.0 1219.0 862.0 1230.0 871.0 small-vehicle 0
1218.0 1257.0 1218.0 1242.0 1249.0 1238.0 1250.0 1252.0 small-vehicle 1
1165.0 840.0 1154.0 831.0 1179.0 806.0 1188.0 816.0 small-vehicle 0
677.0 584.0 791.0 492.0 894.0 614.0 783.0 713.0 plane 0
813.0 467.0 922.0 373.0 1022.0 484.0 916.0 583.0 plane 0
933.0 353.0 1025.0 278.0 1088.0 355.0 998.0 433.0 plane 0
1384.0 330.0 1265.0 449.0 1123.0 312.0 1252.0 191.0 plane 0
1228.0 449.0 1123.0 541.0 1037.0 423.0 1140.0 341.0 plane 0
1106.0 581.0 1023.0 640.0 963.0 547.0 1041.0 489.0 plane 0
783.0 958.0 845.0 906.0 880.0 944.0 817.0 1000.0 plane 0
508.0 1356.0 607.0 1278.0 677.0 1356.0 574.0 1444.0 plane 0
1057.0 969.0 1045.0 951.0 1096.0 899.0 1111.0 914.0 large-vehicle 0
1029.0 935.0 1016.0 922.0 1070.0 860.0 1085.0 873.0 large-vehicle 0
1468.0 1019.0 1479.0 1024.0 1471.0 1054.0 1458.0 1050.0 small-vehicle 0
1334.0 1030.0 1332.0 1018.0 1368.0 1012.0 1368.0 1026.0 small-vehicle 0
1334.0 1036.0 1337.0 1049.0 1305.0 1055.0 1303.0 1042.0 small-vehicle 0
1350.0 1056.0 1352.0 1069.0 1318.0 1074.0 1316.0 1060.0 small-vehicle 0
1397.0 1100.0 1395.0 1088.0 1428.0 1082.0 1429.0 1095.0 small-vehicle 0
1409.0 1124.0 1411.0 1138.0 1378.0 1144.0 1376.0 1130.0 small-vehicle 0
1252.0 799.0 1243.0 790.0 1267.0 764.0 1276.0 775.0 small-vehicle 0
1297.0 844.0 1288.0 836.0 1308.0 812.0 1317.0 821.0 small-vehicle 1
1151.0 819.0 1140.0 806.0 1167.0 782.0 1177.0 791.0 small-vehicle 1
1180.0 857.0 1169.0 846.0 1195.0 821.0 1204.0 832.0 small-vehicle 1
1192.0 873.0 1182.0 863.0 1208.0 839.0 1216.0 849.0 small-vehicle 1
1327.0 1244.0 1316.0 1238.0 1325.0 1210.0 1336.0 1213.0 small-vehicle 1
1326.0 1188.0 1314.0 1184.0 1324.0 1151.0 1336.0 1156.0 small-vehicle 1
1314.0 1225.0 1304.0 1219.0 1314.0 1190.0 1323.0 1194.0 small-vehicle 1
1300.0 1216.0 1288.0 1212.0 1294.0 1182.0 1305.0 1183.0 small-vehicle 1
1308.0 1172.0 1299.0 1168.0 1306.0 1142.0 1315.0 1144.0 small-vehicle 1
1279.0 1157.0 1290.0 1160.0 1281.0 1192.0 1269.0 1188.0 small-vehicle 1
1297.0 1151.0 1284.0 1145.0 1292.0 1115.0 1304.0 1118.0 small-vehicle 1
1280.0 1133.0 1269.0 1129.0 1277.0 1098.0 1288.0 1101.0 small-vehicle 1
1265.0 1134.0 1275.0 1137.0 1267.0 1170.0 1256.0 1165.0 small-vehicle 1
1250.0 1158.0 1238.0 1154.0 1247.0 1121.0 1259.0 1124.0 small-vehicle 1
1231.0 1110.0 1243.0 1114.0 1234.0 1146.0 1222.0 1141.0 small-vehicle 1
1174.0 1202.0 1174.0 1192.0 1205.0 1190.0 1205.0 1202.0 small-vehicle 1
1191.0 1221.0 1190.0 1211.0 1223.0 1206.0 1225.0 1220.0 small-vehicle 1
1160.0 1186.0 1158.0 1175.0 1190.0 1173.0 1191.0 1182.0 small-vehicle 1
1145.0 1199.0 1146.0 1210.0 1120.0 1212.0 1118.0 1201.0 small-vehicle 1
1179.0 1213.0 1180.0 1225.0 1149.0 1229.0 1148.0 1216.0 small-vehicle 1
1317.0 1013.0 1314.0 999.0 1349.0 995.0 1350.0 1009.0 small-vehicle 1
1356.0 1227.0 1341.0 1222.0 1357.0 1182.0 1370.0 1186.0 small-vehicle 1
1497.0 1172.0 1508.0 1180.0 1487.0 1207.0 1472.0 1196.0 small-vehicle 1
1458.0 1210.0 1470.0 1219.0 1449.0 1243.0 1438.0 1232.0 small-vehicle 1
793.0 1123.0 805.0 1113.0 831.0 1144.0 820.0 1153.0 small-vehicle 0
1216.0 912.0 1205.0 902.0 1230.0 878.0 1239.0 888.0 small-vehicle 1
1085.0 1015.0 1074.0 1023.0 1052.0 996.0 1062.0 987.0 small-vehicle 0
1100.0 996.0 1094.0 986.0 1126.0 966.0 1132.0 979.0 small-vehicle 0
867.0 1066.0 878.0 1058.0 898.0 1084.0 887.0 1092.0 small-vehicle 0
881.0 1097.0 872.0 1105.0 847.0 1079.0 856.0 1070.0 small-vehicle 0
865.0 1113.0 857.0 1121.0 832.0 1093.0 843.0 1085.0 small-vehicle 0
815.0 1111.0 824.0 1101.0 845.0 1124.0 836.0 1132.0 small-vehicle 0
1164.0 1138.0 1166.0 1149.0 1141.0 1153.0 1136.0 1140.0 small-vehicle 1
1427.0 1136.0 1423.0 1122.0 1459.0 1114.0 1462.0 1130.0 small-vehicle 1
1359.0 901.0 1368.0 904.0 1363.0 931.0 1353.0 929.0 small-vehicle 1
1422.0 974.0 1430.0 977.0 1426.0 1000.0 1416.0 997.0 small-vehicle 1
1437.0 984.0 1447.0 988.0 1441.0 1014.0 1431.0 1009.0 small-vehicle 1
1349.0 1046.0 1348.0 1034.0 1378.0 1032.0 1378.0 1046.0 small-vehicle 1
1366.0 1061.0 1364.0 1050.0 1396.0 1049.0 1396.0 1061.0 small-vehicle 1
1382.0 1080.0 1380.0 1069.0 1414.0 1067.0 1414.0 1079.0 small-vehicle 1
1400.0 1107.0 1401.0 1117.0 1365.0 1125.0 1363.0 1113.0 small-vehicle 1
408.0 819.0 526.0 721.0 653.0 879.0 534.0 972.0 plane 0
