imagesource:GoogleEarth
gsd:0.141279067079
1626.0 1052.0 1614.0 1064.0 1590.0 1037.0 1602.0 1025.0 small-vehicle 0
1658.0 1030.0 1647.0 1041.0 1624.0 1015.0 1632.0 1003.0 small-vehicle 0
1872.0 731.0 1864.0 741.0 1840.0 721.0 1850.0 710.0 small-vehicle 0
2174.0 1050.0 2164.0 1059.0 2134.0 1029.0 2144.0 1019.0 small-vehicle 0
1630.0 2383.0 1638.0 2392.0 1618.0 2414.0 1608.0 2404.0 small-vehicle 0
1643.0 2404.0 1650.0 2413.0 1626.0 2433.0 1618.0 2423.0 small-vehicle 0
1828.0 2743.0 1838.0 2735.0 1861.0 2756.0 1850.0 2765.0 small-vehicle 0
2397.0 2759.0 2408.0 2750.0 2437.0 2782.0 2425.0 2791.0 small-vehicle 0
2357.0 2813.0 2348.0 2821.0 2329.0 2797.0 2337.0 2789.0 small-vehicle 1
2285.0 2837.0 2294.0 2831.0 2317.0 2853.0 2307.0 2862.0 small-vehicle 0
2272.0 2852.0 2282.0 2844.0 2302.0 2866.0 2294.0 2876.0 small-vehicle 0
2253.0 2863.0 2262.0 2855.0 2285.0 2878.0 2276.0 2887.0 small-vehicle 0
2240.0 2875.0 2247.0 2867.0 2267.0 2887.0 2260.0 2897.0 small-vehicle 0
2226.0 2887.0 2235.0 2881.0 2256.0 2906.0 2247.0 2915.0 small-vehicle 0
2213.0 2903.0 2222.0 2895.0 2243.0 2919.0 2234.0 2927.0 small-vehicle 0
2201.0 2914.0 2209.0 2906.0 2228.0 2928.0 2219.0 2935.0 small-vehicle 1
2187.0 2928.0 2195.0 2921.0 2215.0 2943.0 2206.0 2951.0 small-vehicle 0
2169.0 2942.0 2179.0 2933.0 2198.0 2956.0 2189.0 2964.0 small-vehicle 1
2313.0 2807.0 2323.0 2799.0 2344.0 2825.0 2334.0 2831.0 small-vehicle 1
2228.0 2827.0 2219.0 2833.0 2203.0 2811.0 2212.0 2806.0 small-vehicle 1
2103.0 3149.0 2092.0 3156.0 2075.0 3135.0 2084.0 3128.0 small-vehicle 0
2162.0 3099.0 2152.0 3107.0 2133.0 3085.0 2143.0 3077.0 small-vehicle 1
2071.0 3070.0 2061.0 3079.0 2035.0 3055.0 2045.0 3046.0 small-vehicle 1
1927.0 3718.0 1935.0 3727.0 1909.0 3753.0 1901.0 3741.0 small-vehicle 0
1886.0 3725.0 1875.0 3715.0 1902.0 3684.0 1913.0 3694.0 small-vehicle 0
1875.0 530.0 1884.0 522.0 1902.0 545.0 1894.0 554.0 small-vehicle 0
2289.0 124.0 2291.0 110.0 2330.0 114.0 2328.0 129.0 small-vehicle 0
1306.0 240.0 1299.0 252.0 1276.0 233.0 1283.0 221.0 small-vehicle 0
875.0 3157.0 924.0 3209.0 887.0 3245.0 837.0 3195.0 plane 0
911.0 581.0 936.0 512.0 1025.0 541.0 1001.0 617.0 plane 0
656.0 782.0 693.0 551.0 1029.0 605.0 990.0 835.0 plane 0
579.0 759.0 727.0 694.0 807.0 860.0 657.0 932.0 plane 0
674.0 2174.0 647.0 2375.0 440.0 2346.0 460.0 2148.0 plane 0
559.0 2507.0 552.0 2642.0 402.0 2630.0 410.0 2493.0 plane 0
525.0 2651.0 515.0 2764.0 419.0 2751.0 430.0 2641.0 plane 0
643.0 2844.0 731.0 2918.0 650.0 3012.0 563.0 2933.0 plane 0
732.0 2943.0 798.0 3005.0 728.0 3086.0 661.0 3021.0 plane 0
839.0 3041.0 905.0 3111.0 817.0 3187.0 755.0 3114.0 plane 0
940.0 3206.0 1010.0 3272.0 946.0 3339.0 877.0 3264.0 plane 0
1109.0 2329.0 1155.0 2197.0 1297.0 2251.0 1254.0 2383.0 plane 0
1303.0 267.0 1294.0 278.0 1269.0 257.0 1277.0 247.0 small-vehicle 0
1633.0 2681.0 1520.0 2705.0 1499.0 2597.0 1612.0 2578.0 plane 0
1628.0 2091.0 1560.0 2016.0 1641.0 1938.0 1712.0 2012.0 plane 0
1295.0 3233.0 1373.0 3183.0 1437.0 3272.0 1364.0 3324.0 plane 0
1910.0 3813.0 1832.0 3900.0 1754.0 3826.0 1839.0 3741.0 plane 0
1923.0 2289.0 1875.0 2236.0 1913.0 2200.0 1963.0 2249.0 plane 0
1504.0 3605.0 1516.0 3593.0 1564.0 3640.0 1554.0 3652.0 large-vehicle 0
1443.0 3661.0 1456.0 3651.0 1499.0 3699.0 1487.0 3713.0 large-vehicle 0
1412.0 3690.0 1425.0 3678.0 1470.0 3728.0 1457.0 3739.0 large-vehicle 0
1346.0 299.0 1339.0 309.0 1315.0 292.0 1322.0 282.0 small-vehicle 0
1343.0 268.0 1336.0 277.0 1319.0 263.0 1327.0 253.0 small-vehicle 0
1859.0 3697.0 1850.0 3687.0 1874.0 3659.0 1883.0 3668.0 small-vehicle 0
1638.0 3760.0 1622.0 3759.0 1625.0 3727.0 1638.0 3728.0 small-vehicle 0
1082.0 1241.0 1080.0 1254.0 1037.0 1247.0 1039.0 1233.0 small-vehicle 0
2572.0 2155.0 2562.0 2145.0 2579.0 2129.0 2578.0 2146.0 small-vehicle 1
1586.0 2345.0 1594.0 2351.0 1573.0 2371.0 1565.0 2364.0 small-vehicle 1
1577.0 2327.0 1586.0 2334.0 1563.0 2356.0 1553.0 2348.0 small-vehicle 1
1562.0 2307.0 1570.0 2315.0 1548.0 2337.0 1540.0 2327.0 small-vehicle 1
1549.0 2283.0 1555.0 2291.0 1536.0 2311.0 1526.0 2303.0 small-vehicle 1
1530.0 2265.0 1539.0 2272.0 1517.0 2297.0 1509.0 2287.0 small-vehicle 1
1658.0 2422.0 1664.0 2432.0 1644.0 2447.0 1636.0 2437.0 small-vehicle 1
1669.0 2439.0 1677.0 2448.0 1657.0 2465.0 1650.0 2457.0 small-vehicle 1
1311.0 303.0 1306.0 311.0 1284.0 295.0 1291.0 287.0 small-vehicle 1
2000.0 3138.0 1988.0 3146.0 1963.0 3122.0 1974.0 3111.0 small-vehicle 1
2344.0 2477.0 2334.0 2486.0 2306.0 2456.0 2317.0 2445.0 small-vehicle 0
2556.0 2136.0 2546.0 2127.0 2571.0 2103.0 2579.0 2112.0 small-vehicle 1
1593.0 2275.0 1601.0 2282.0 1583.0 2302.0 1575.0 2295.0 small-vehicle 1
1498.0 2997.0 1637.0 2984.0 1647.0 3144.0 1507.0 3155.0 plane 1
1820.0 3403.0 1806.0 3416.0 1779.0 3389.0 1796.0 3374.0 small-vehicle 1
1862.0 3369.0 1850.0 3377.0 1832.0 3354.0 1847.0 3343.0 small-vehicle 1
1879.0 3353.0 1864.0 3363.0 1844.0 3341.0 1860.0 3327.0 small-vehicle 1
2524.0 2664.0 2512.0 2654.0 2538.0 2628.0 2551.0 2639.0 small-vehicle 1
2510.0 2650.0 2497.0 2640.0 2524.0 2611.0 2537.0 2626.0 small-vehicle 1
2032.0 1386.0 2022.0 1373.0 2052.0 1350.0 2060.0 1364.0 small-vehicle 1
1973.0 1260.0 1982.0 1270.0 1961.0 1295.0 1951.0 1286.0 small-vehicle 1
1934.0 1212.0 1920.0 1222.0 1891.0 1189.0 1905.0 1178.0 small-vehicle 1
1887.0 1147.0 1872.0 1159.0 1843.0 1127.0 1858.0 1114.0 small-vehicle 1
1601.0 2357.0 1607.0 2365.0 1593.0 2382.0 1584.0 2374.0 small-vehicle 1
1507.0 2258.0 1515.0 2266.0 1495.0 2288.0 1487.0 2277.0 small-vehicle 0
1075.0 1291.0 1074.0 1304.0 1032.0 1299.0 1033.0 1286.0 small-vehicle 0
2112.0 3030.0 2102.0 3040.0 2082.0 3017.0 2092.0 3006.0 small-vehicle 1
1070.0 1313.0 1069.0 1325.0 1035.0 1320.0 1037.0 1308.0 small-vehicle 0
1147.0 1455.0 1159.0 1458.0 1151.0 1493.0 1139.0 1488.0 small-vehicle 0
2381.0 1282.0 2372.0 1291.0 2347.0 1265.0 2359.0 1255.0 small-vehicle 0
1409.0 3743.0 1421.0 3734.0 1450.0 3767.0 1438.0 3776.0 small-vehicle 0
2524.0 2109.0 2514.0 2099.0 2542.0 2070.0 2553.0 2080.0 small-vehicle 0
2512.0 2090.0 2501.0 2081.0 2523.0 2058.0 2533.0 2067.0 small-vehicle 0
2495.0 2075.0 2485.0 2066.0 2511.0 2039.0 2520.0 2050.0 small-vehicle 0
2480.0 2058.0 2471.0 2048.0 2493.0 2026.0 2501.0 2036.0 small-vehicle 0
2467.0 2046.0 2455.0 2035.0 2475.0 2015.0 2485.0 2026.0 small-vehicle 1
2453.0 2026.0 2443.0 2015.0 2465.0 1991.0 2476.0 2000.0 small-vehicle 0
1641.0 2913.0 1630.0 2907.0 1643.0 2881.0 1653.0 2885.0 small-vehicle 1
2053.0 2323.0 2066.0 2321.0 2075.0 2355.0 2064.0 2356.0 small-vehicle 1
1718.0 2880.0 1728.0 2872.0 1746.0 2895.0 1736.0 2902.0 small-vehicle 1
1753.0 2860.0 1763.0 2852.0 1784.0 2877.0 1776.0 2884.0 small-vehicle 1
1776.0 2844.0 1786.0 2838.0 1804.0 2861.0 1796.0 2869.0 small-vehicle 1
1811.0 2805.0 1821.0 2796.0 1837.0 2817.0 1828.0 2825.0 small-vehicle 1
1823.0 2793.0 1832.0 2787.0 1852.0 2810.0 1844.0 2818.0 small-vehicle 1
1846.0 2732.0 1853.0 2724.0 1874.0 2744.0 1867.0 2752.0 small-vehicle 1
1900.0 2740.0 1907.0 2732.0 1930.0 2755.0 1920.0 2762.0 small-vehicle 1
1912.0 2728.0 1921.0 2722.0 1940.0 2743.0 1934.0 2750.0 small-vehicle 1
1928.0 2716.0 1936.0 2708.0 1956.0 2728.0 1948.0 2738.0 small-vehicle 1
2004.0 2312.0 1992.0 2301.0 2022.0 2270.0 2033.0 2279.0 small-vehicle 1
566.0 391.0 788.0 294.0 929.0 588.0 719.0 694.0 plane 0
