imagesource:JL
gsd:0.72
1564.0 1794.0 1558.0 1804.0 1537.0 1790.0 1543.0 1782.0 bridge 0
1558.0 1819.0 1556.0 1830.0 1535.0 1823.0 1538.0 1814.0 bridge 0
690.0 2646.0 706.0 2700.0 653.0 2717.0 637.0 2660.0 baseball-diamond 0
1372.0 1589.0 1319.0 1598.0 1312.0 1552.0 1366.0 1544.0 baseball-diamond 0
1373.0 1600.0 1380.0 1646.0 1330.0 1656.0 1322.0 1609.0 baseball-diamond 0
3274.0 2198.0 3263.0 2167.0 3296.0 2157.0 3305.0 2187.0 plane 0
3359.0 2141.0 3366.0 2170.0 3341.0 2178.0 3332.0 2147.0 plane 0
3166.0 2455.0 3193.0 2466.0 3184.0 2492.0 3157.0 2483.0 plane 0
3306.0 2428.0 3324.0 2415.0 3338.0 2433.0 3321.0 2445.0 plane 0
3904.0 2220.0 3927.0 2213.0 3937.0 2246.0 3915.0 2252.0 plane 0
3932.0 2215.0 3956.0 2208.0 3964.0 2235.0 3940.0 2241.0 plane 0
58.0 62.0 115.0 46.0 132.0 112.0 74.0 127.0 baseball-diamond 0
3982.0 2401.0 3961.0 2409.0 3953.0 2386.0 3975.0 2379.0 plane 0
3969.0 2395.0 3995.0 2387.0 4000.0 2409.0 3974.0 2417.0 plane 0
1755.0 3571.0 1743.0 3532.0 1786.0 3523.0 1795.0 3561.0 bridge 0
1687.0 3355.0 1681.0 3334.0 1714.0 3324.0 1721.0 3346.0 bridge 0
1492.0 2663.0 1486.0 2686.0 1450.0 2673.0 1455.0 2652.0 bridge 0
566.0 2545.0 555.0 2509.0 596.0 2497.0 608.0 2534.0 baseball-diamond 0
