imagesource:JL
gsd:0.72
1538.0 4112.0 1550.0 4165.0 1492.0 4184.0 1479.0 4131.0 baseball-diamond 0
12.0 4825.0 87.0 4805.0 104.0 4886.0 31.0 4912.0 baseball-diamond 0
1129.0 4797.0 1146.0 4857.0 1076.0 4881.0 1056.0 4818.0 baseball-diamond 0
999.0 2335.0 1061.0 2347.0 1047.0 2411.0 985.0 2397.0 baseball-diamond 0
1209.0 2379.0 1197.0 2437.0 1122.0 2420.0 1137.0 2361.0 baseball-diamond 0
1347.0 2376.0 1275.0 2361.0 1292.0 2290.0 1363.0 2308.0 baseball-diamond 0
1450.0 2396.0 1380.0 2382.0 1393.0 2311.0 1465.0 2327.0 baseball-diamond 0
1296.0 1873.0 1280.0 1814.0 1348.0 1800.0 1361.0 1860.0 baseball-diamond 0
1002.0 1352.0 1016.0 1412.0 948.0 1430.0 931.0 1368.0 baseball-diamond 0
1414.0 1681.0 1429.0 1738.0 1367.0 1755.0 1352.0 1696.0 baseball-diamond 0
2471.0 4654.0 2449.0 4565.0 2536.0 4546.0 2556.0 4632.0 baseball-diamond 0
2452.0 4589.0 2467.0 4642.0 2414.0 4655.0 2401.0 4600.0 baseball-diamond 0
2435.0 2073.0 2492.0 2057.0 2509.0 2121.0 2451.0 2136.0 baseball-diamond 0
2515.0 1900.0 2534.0 1972.0 2464.0 1987.0 2447.0 1917.0 baseball-diamond 0
3431.0 3452.0 3445.0 3507.0 3382.0 3523.0 3366.0 3470.0 baseball-diamond 0
3308.0 3639.0 3291.0 3581.0 3356.0 3563.0 3371.0 3619.0 baseball-diamond 0
467.0 309.0 459.0 272.0 497.0 263.0 504.0 302.0 baseball-diamond 0
614.0 283.0 546.0 298.0 532.0 228.0 598.0 214.0 baseball-diamond 0
