imagesource:JL
gsd:0.72
2913.0 3263.0 2915.0 3239.0 2936.0 3242.0 2933.0 3266.0 plane 0
2305.0 3017.0 2317.0 2998.0 2332.0 3008.0 2322.0 3027.0 plane 0
1606.0 3679.0 1593.0 3629.0 1648.0 3619.0 1659.0 3666.0 plane 0
1583.0 3757.0 1574.0 3729.0 1602.0 3721.0 1609.0 3749.0 plane 0
1759.0 3760.0 1783.0 3775.0 1775.0 3792.0 1749.0 3780.0 plane 0
1533.0 3692.0 1552.0 3701.0 1541.0 3719.0 1524.0 3710.0 plane 0
1795.0 3720.0 1796.0 3742.0 1779.0 3744.0 1776.0 3719.0 plane 0
1946.0 2387.0 1958.0 2363.0 1977.0 2374.0 1966.0 2397.0 plane 0
2755.0 1932.0 2737.0 1863.0 2803.0 1849.0 2820.0 1915.0 baseball-diamond 0
2740.0 1939.0 2679.0 1955.0 2662.0 1889.0 2725.0 1876.0 baseball-diamond 0
2774.0 2031.0 2839.0 2016.0 2853.0 2081.0 2788.0 2098.0 baseball-diamond 0
2762.0 2036.0 2779.0 2101.0 2715.0 2117.0 2699.0 2051.0 baseball-diamond 0
1882.0 2391.0 1893.0 2370.0 1909.0 2381.0 1899.0 2399.0 plane 0
1862.0 2368.0 1872.0 2348.0 1888.0 2357.0 1877.0 2375.0 plane 0
3289.0 2543.0 3271.0 2471.0 3343.0 2459.0 3360.0 2526.0 baseball-diamond 0
3277.0 2642.0 3349.0 2623.0 3369.0 2693.0 3297.0 2714.0 baseball-diamond 0
3022.0 3058.0 3036.0 3031.0 3063.0 3047.0 3046.0 3072.0 plane 0
3041.0 3025.0 3054.0 3001.0 3078.0 3013.0 3064.0 3038.0 plane 0
3932.0 470.0 3985.0 519.0 3940.0 561.0 3889.0 515.0 baseball-diamond 0
1834.0 2363.0 1841.0 2345.0 1861.0 2356.0 1851.0 2373.0 plane 0
1844.0 2347.0 1853.0 2332.0 1867.0 2341.0 1859.0 2356.0 plane 0
1853.0 2333.0 1861.0 2316.0 1876.0 2323.0 1868.0 2340.0 plane 0
1916.0 2397.0 1923.0 2383.0 1940.0 2393.0 1932.0 2407.0 plane 0
1927.0 2384.0 1933.0 2371.0 1947.0 2377.0 1940.0 2392.0 plane 0
1974.0 2247.0 1959.0 2251.0 1956.0 2236.0 1971.0 2233.0 plane 0
1986.0 2274.0 1970.0 2278.0 1965.0 2262.0 1980.0 2258.0 plane 0
1970.0 2275.0 1959.0 2280.0 1955.0 2267.0 1967.0 2264.0 plane 1
1778.0 3764.0 1800.0 3724.0 1848.0 3749.0 1826.0 3789.0 plane 0
