imagesource:JL
gsd:0.72
3035.0 2288.0 3056.0 2288.0 3056.0 2312.0 3035.0 2312.0 roundabout 0
2164.0 2423.0 2229.0 2445.0 2192.0 2574.0 2126.0 2554.0 soccer-ball-field 1
2867.0 89.0 2910.0 89.0 2910.0 136.0 2867.0 136.0 roundabout 0
1509.0 41.0 1504.0 15.0 1527.0 12.0 1530.0 38.0 plane 0
1500.0 89.0 1534.0 62.0 1563.0 96.0 1529.0 124.0 plane 0
1468.0 938.0 1523.0 924.0 1538.0 987.0 1484.0 1002.0 plane 0
2203.0 3304.0 2239.0 3317.0 2219.0 3382.0 2183.0 3371.0 roundabout 0
1658.0 4330.0 1669.0 4310.0 1704.0 4331.0 1692.0 4350.0 roundabout 0
961.0 2949.0 997.0 2949.0 997.0 2987.0 961.0 2987.0 roundabout 0
1025.0 2503.0 1055.0 2503.0 1055.0 2536.0 1025.0 2536.0 roundabout 0
722.0 863.0 766.0 872.0 755.0 926.0 712.0 918.0 plane 0
1138.0 469.0 1197.0 406.0 1240.0 447.0 1183.0 506.0 plane 0
815.0 809.0 819.0 903.0 714.0 904.0 710.0 809.0 plane 0
832.0 795.0 824.0 845.0 774.0 836.0 781.0 786.0 plane 0
872.0 723.0 918.0 723.0 918.0 771.0 872.0 771.0 plane 0
1090.0 612.0 1052.0 615.0 1050.0 570.0 1089.0 569.0 plane 0
1011.0 569.0 1048.0 569.0 1048.0 614.0 1011.0 614.0 plane 0
3112.0 39.0 3181.0 39.0 3181.0 110.0 3112.0 110.0 roundabout 0
2486.0 162.0 2543.0 158.0 2551.0 228.0 2496.0 235.0 plane 0
2654.0 292.0 2684.0 290.0 2687.0 323.0 2656.0 326.0 plane 0
3757.0 347.0 3838.0 347.0 3838.0 428.0 3757.0 428.0 roundabout 0
3966.0 2217.0 3986.0 2188.0 4000.0 2198.0 3979.0 2227.0 plane 0
3964.0 2099.0 3960.0 2080.0 3977.0 2078.0 3980.0 2097.0 plane 0
3933.0 2088.0 3929.0 2067.0 3946.0 2064.0 3950.0 2086.0 plane 0
3935.0 2111.0 3931.0 2088.0 3951.0 2086.0 3955.0 2109.0 plane 0
3951.0 1000.0 4001.0 1000.0 4001.0 1058.0 3951.0 1058.0 plane 0
3876.0 949.0 3930.0 945.0 3936.0 1008.0 3883.0 1012.0 plane 0
3696.0 2127.0 3722.0 2096.0 3743.0 2112.0 3716.0 2142.0 plane 0
2710.0 340.0 2752.0 334.0 2759.0 379.0 2719.0 386.0 plane 0
3745.0 2144.0 3736.0 2186.0 3698.0 2179.0 3708.0 2134.0 plane 0
3752.0 2181.0 3752.0 2225.0 3722.0 2226.0 3720.0 2183.0 plane 0
3052.0 2738.0 3172.0 2672.0 3207.0 2736.0 3086.0 2797.0 ground-track-field 0
2886.0 2516.0 2922.0 2516.0 2922.0 2555.0 2886.0 2555.0 roundabout 0
3177.0 1450.0 3227.0 1450.0 3227.0 1506.0 3177.0 1506.0 roundabout 0
2586.0 1231.0 2642.0 1231.0 2642.0 1289.0 2586.0 1289.0 roundabout 0
565.0 529.0 604.0 529.0 604.0 575.0 565.0 575.0 roundabout 0
