imagesource:JL
gsd:0.72
2070.0 1794.0 2178.0 1774.0 2230.0 2002.0 2126.0 2030.0 ground-track-field 0
3865.0 2799.0 3796.0 2809.0 3786.0 2761.0 3852.0 2750.0 plane 0
3836.0 2679.0 3770.0 2692.0 3764.0 2639.0 3827.0 2630.0 plane 0
3806.0 2554.0 3741.0 2562.0 3734.0 2517.0 3797.0 2506.0 plane 0
3739.0 2438.0 3678.0 2452.0 3670.0 2402.0 3731.0 2392.0 plane 0
3540.0 2106.0 3591.0 2106.0 3592.0 2155.0 3540.0 2155.0 plane 0
3548.0 1982.0 3595.0 1975.0 3606.0 2023.0 3555.0 2031.0 plane 0
3415.0 1176.0 3466.0 1125.0 3526.0 1179.0 3479.0 1236.0 plane 0
3283.0 1219.0 3320.0 1177.0 3375.0 1224.0 3335.0 1269.0 plane 0
3187.0 1247.0 3238.0 1204.0 3283.0 1255.0 3233.0 1298.0 plane 0
3719.0 1876.0 3686.0 1836.0 3728.0 1800.0 3759.0 1840.0 plane 0
3469.0 1662.0 3515.0 1651.0 3528.0 1703.0 3480.0 1715.0 plane 0
