imagesource:JL
gsd:0.72
1876.0 1295.0 1916.0 1295.0 1916.0 1339.0 1876.0 1339.0 roundabout 0
3134.0 1053.0 3183.0 1053.0 3183.0 1108.0 3134.0 1108.0 storage-tank 0
412.0 2006.0 426.0 2011.0 433.0 1999.0 418.0 1991.0 plane 1
406.0 2033.0 422.0 2043.0 427.0 2029.0 411.0 2018.0 plane 0
327.0 2225.0 341.0 2233.0 349.0 2217.0 333.0 2209.0 plane 0
270.0 2311.0 286.0 2317.0 289.0 2300.0 272.0 2293.0 plane 0
264.0 2339.0 277.0 2347.0 284.0 2334.0 270.0 2327.0 plane 0
256.0 2357.0 267.0 2366.0 273.0 2355.0 259.0 2349.0 plane 1
231.0 2411.0 244.0 2415.0 249.0 2400.0 234.0 2395.0 plane 0
354.0 2198.0 349.0 2185.0 338.0 2188.0 341.0 2201.0 plane 1
2026.0 1323.0 2076.0 1323.0 2076.0 1375.0 2026.0 1375.0 storage-tank 0
3080.0 1066.0 3128.0 1066.0 3128.0 1119.0 3080.0 1119.0 storage-tank 0
465.0 3234.0 457.0 3249.0 473.0 3256.0 481.0 3242.0 plane 0
754.0 2486.0 744.0 2504.0 757.0 2510.0 769.0 2494.0 plane 0
483.0 3243.0 475.0 3259.0 490.0 3265.0 497.0 3250.0 plane 0
506.0 3255.0 501.0 3266.0 511.0 3273.0 518.0 3259.0 plane 1
542.0 3228.0 535.0 3240.0 552.0 3248.0 557.0 3236.0 plane 0
389.0 3204.0 385.0 3218.0 402.0 3224.0 405.0 3207.0 plane 0
367.0 3329.0 358.0 3346.0 374.0 3353.0 381.0 3339.0 plane 0
709.0 2473.0 700.0 2488.0 712.0 2495.0 719.0 2479.0 plane 0
698.0 2489.0 690.0 2505.0 702.0 2515.0 713.0 2495.0 plane 0
679.0 2523.0 671.0 2536.0 684.0 2543.0 691.0 2528.0 plane 0
671.0 2539.0 663.0 2553.0 674.0 2562.0 683.0 2548.0 plane 0
662.0 2555.0 652.0 2567.0 664.0 2576.0 675.0 2562.0 plane 0
461.0 1937.0 479.0 1944.0 483.0 1928.0 468.0 1920.0 plane 0
