imagesource:JL
gsd:0.72
3530.0 1316.0 3525.0 1307.0 3550.0 1293.0 3554.0 1304.0 bridge 0
3593.0 3587.0 3595.0 3596.0 3607.0 3594.0 3605.0 3585.0 plane 1
3726.0 3679.0 3737.0 3686.0 3735.0 3696.0 3721.0 3690.0 plane 1
3711.0 3667.0 3720.0 3675.0 3715.0 3685.0 3704.0 3678.0 plane 1
3714.0 3623.0 3728.0 3632.0 3721.0 3644.0 3708.0 3636.0 plane 0
3698.0 3613.0 3710.0 3621.0 3704.0 3631.0 3693.0 3624.0 plane 1
3682.0 3601.0 3694.0 3611.0 3688.0 3621.0 3676.0 3613.0 plane 0
3667.0 3590.0 3678.0 3599.0 3672.0 3608.0 3661.0 3600.0 plane 1
3630.0 3609.0 3640.0 3617.0 3635.0 3627.0 3624.0 3621.0 plane 1
3616.0 3595.0 3611.0 3603.0 3620.0 3611.0 3627.0 3603.0 plane 1
3545.0 3579.0 3554.0 3582.0 3560.0 3571.0 3551.0 3566.0 plane 1
1511.0 720.0 1544.0 720.0 1544.0 753.0 1511.0 753.0 roundabout 0
3553.0 3618.0 3562.0 3623.0 3569.0 3612.0 3561.0 3608.0 plane 1
3538.0 3657.0 3548.0 3648.0 3542.0 3641.0 3532.0 3649.0 plane 1
3428.0 1529.0 3469.0 1619.0 3494.0 1605.0 3453.0 1519.0 bridge 0
2352.0 452.0 2372.0 452.0 2372.0 471.0 2352.0 471.0 storage-tank 0
2412.0 408.0 2441.0 408.0 2441.0 443.0 2412.0 443.0 storage-tank 0
2062.0 2555.0 2261.0 2580.0 2257.0 2602.0 2052.0 2572.0 bridge 0
2078.0 2527.0 2269.0 2553.0 2263.0 2576.0 2068.0 2548.0 bridge 0
810.0 660.0 826.0 660.0 826.0 679.0 810.0 679.0 storage-tank 0
3583.0 3762.0 3584.0 3777.0 3594.0 3775.0 3591.0 3760.0 plane 0
3588.0 3784.0 3594.0 3798.0 3604.0 3794.0 3598.0 3779.0 plane 0
3598.0 3803.0 3603.0 3815.0 3614.0 3812.0 3608.0 3798.0 plane 1
3578.0 3837.0 3583.0 3852.0 3594.0 3847.0 3589.0 3832.0 plane 0
3327.0 557.0 3347.0 599.0 3431.0 541.0 3410.0 504.0 bridge 0
3341.0 891.0 3363.0 885.0 3360.0 871.0 3337.0 874.0 bridge 0
3490.0 3982.0 3501.0 3986.0 3498.0 3994.0 3487.0 3991.0 plane 1
3508.0 3924.0 3522.0 3926.0 3521.0 3936.0 3507.0 3934.0 plane 1
3505.0 3848.0 3518.0 3845.0 3520.0 3856.0 3506.0 3860.0 plane 1
3483.0 3846.0 3483.0 3858.0 3496.0 3856.0 3494.0 3844.0 plane 1
3789.0 3723.0 3776.0 3714.0 3769.0 3726.0 3782.0 3734.0 plane 0
3818.0 3751.0 3809.0 3741.0 3801.0 3750.0 3812.0 3761.0 plane 1
3858.0 3835.0 3870.0 3837.0 3873.0 3823.0 3861.0 3819.0 plane 1
3825.0 3909.0 3835.0 3913.0 3839.0 3902.0 3831.0 3897.0 plane 1
3810.0 3948.0 3820.0 3953.0 3824.0 3942.0 3813.0 3936.0 plane 1
3781.0 3993.0 3789.0 3999.0 3798.0 3987.0 3788.0 3981.0 plane 0
3548.0 3952.0 3547.0 3964.0 3561.0 3966.0 3561.0 3951.0 plane 1
3594.0 3987.0 3591.0 3999.0 3601.0 3999.0 3602.0 3987.0 plane 1
3612.0 3958.0 3608.0 3974.0 3620.0 3975.0 3621.0 3959.0 plane 0
3593.0 3936.0 3590.0 3953.0 3600.0 3953.0 3603.0 3937.0 plane 0
3585.0 3853.0 3587.0 3871.0 3599.0 3869.0 3598.0 3849.0 plane 0
666.0 770.0 683.0 770.0 683.0 789.0 666.0 789.0 storage-tank 0
