imagesource:JL
gsd:0.72
239.0 613.0 257.0 621.0 179.0 744.0 164.0 728.0 bridge 0
3739.0 4565.0 3771.0 4545.0 3775.0 4554.0 3744.0 4574.0 ship 0
3478.0 4707.0 3518.0 4709.0 3518.0 4720.0 3478.0 4716.0 ship 0
3483.0 4697.0 3524.0 4700.0 3523.0 4710.0 3481.0 4706.0 ship 0
3486.0 4688.0 3524.0 4691.0 3524.0 4699.0 3484.0 4697.0 ship 0
3497.0 4684.0 3538.0 4672.0 3543.0 4684.0 3502.0 4694.0 ship 0
3578.0 4637.0 3610.0 4628.0 3612.0 4636.0 3578.0 4645.0 ship 0
3578.0 4644.0 3611.0 4635.0 3612.0 4641.0 3578.0 4652.0 ship 0
3649.0 4629.0 3685.0 4598.0 3691.0 4604.0 3658.0 4634.0 ship 0
3664.0 4627.0 3694.0 4602.0 3699.0 4609.0 3668.0 4631.0 ship 0
3684.0 4584.0 3716.0 4581.0 3719.0 4591.0 3682.0 4595.0 ship 0
3685.0 4594.0 3722.0 4591.0 3725.0 4598.0 3686.0 4603.0 ship 0
3689.0 4603.0 3728.0 4597.0 3731.0 4606.0 3690.0 4609.0 ship 0
3692.0 4609.0 3731.0 4604.0 3731.0 4611.0 3693.0 4616.0 ship 0
3735.0 4556.0 3766.0 4540.0 3770.0 4548.0 3737.0 4565.0 ship 0
3659.0 4837.0 3697.0 4819.0 3703.0 4831.0 3664.0 4849.0 ship 0
266.0 683.0 280.0 696.0 237.0 760.0 223.0 745.0 bridge 0
3700.0 4833.0 3740.0 4831.0 3741.0 4842.0 3698.0 4842.0 ship 0
3669.0 4854.0 3697.0 4836.0 3711.0 4847.0 3679.0 4866.0 ship 0
3662.0 4863.0 3700.0 4860.0 3699.0 4875.0 3660.0 4875.0 ship 0
3674.0 4892.0 3705.0 4883.0 3708.0 4893.0 3678.0 4900.0 ship 0
3689.0 4899.0 3726.0 4890.0 3728.0 4898.0 3691.0 4905.0 ship 0
3688.0 4909.0 3732.0 4904.0 3733.0 4914.0 3689.0 4918.0 ship 0
3766.0 4813.0 3798.0 4781.0 3807.0 4790.0 3774.0 4822.0 ship 0
3775.0 4816.0 3815.0 4801.0 3818.0 4812.0 3777.0 4825.0 ship 0
3775.0 4833.0 3812.0 4828.0 3814.0 4839.0 3776.0 4843.0 ship 0
3778.0 4840.0 3821.0 4840.0 3821.0 4853.0 3777.0 4851.0 ship 0
3965.0 4793.0 3992.0 4787.0 3994.0 4793.0 3965.0 4801.0 ship 0
3965.0 4802.0 3996.0 4794.0 3998.0 4802.0 3968.0 4810.0 ship 0
3965.0 4812.0 3999.0 4803.0 4001.0 4812.0 3968.0 4822.0 ship 0
1855.0 3822.0 1871.0 3876.0 1883.0 3874.0 1866.0 3821.0 bridge 0
