imagesource:JL
gsd:0.72
3762.0 3542.0 3764.0 3480.0 3831.0 3485.0 3829.0 3548.0 baseball-diamond 0
2838.0 3256.0 2851.0 3305.0 2808.0 3316.0 2795.0 3267.0 baseball-diamond 0
2711.0 3270.0 2696.0 3213.0 2750.0 3199.0 2768.0 3256.0 baseball-diamond 0
2722.0 3060.0 2733.0 3105.0 2692.0 3114.0 2682.0 3072.0 baseball-diamond 0
2746.0 3001.0 2736.0 2960.0 2774.0 2952.0 2783.0 2993.0 baseball-diamond 0
2825.0 2889.0 2835.0 2927.0 2797.0 2933.0 2789.0 2896.0 baseball-diamond 0
3992.0 3364.0 3986.0 3323.0 3939.0 3327.0 3945.0 3372.0 baseball-diamond 0
2787.0 3505.0 2778.0 3470.0 2813.0 3462.0 2820.0 3498.0 baseball-diamond 0
2728.0 2909.0 2748.0 2908.0 2751.0 2927.0 2733.0 2930.0 baseball-diamond 0
1384.0 2572.0 1425.0 2572.0 1425.0 2616.0 1384.0 2616.0 storage-tank 0
2139.0 3532.0 2153.0 3532.0 2153.0 3547.0 2139.0 3547.0 storage-tank 0
1360.0 2564.0 1372.0 2564.0 1372.0 2576.0 1360.0 2576.0 storage-tank 1
