imagesource:JL
gsd:0.72
1706.0 2087.0 1692.0 2130.0 1572.0 2082.0 1591.0 2039.0 harbor 0
1317.0 404.0 1396.0 404.0 1396.0 478.0 1317.0 478.0 storage-tank 0
1831.0 2198.0 1726.0 2153.0 1782.0 1926.0 1951.0 1979.0 harbor 1
1841.0 2226.0 1801.0 2292.0 1439.0 2070.0 1486.0 2014.0 harbor 0
2539.0 596.0 2559.0 581.0 2576.0 599.0 2553.0 615.0 plane 0
2406.0 724.0 2426.0 709.0 2438.0 728.0 2419.0 742.0 plane 0
2358.0 802.0 2374.0 789.0 2387.0 803.0 2369.0 817.0 plane 0
1283.0 485.0 1365.0 485.0 1365.0 559.0 1283.0 559.0 storage-tank 0
2110.0 238.0 2139.0 238.0 2139.0 264.0 2110.0 264.0 roundabout 0
1790.0 2047.0 1778.0 2092.0 1606.0 2039.0 1618.0 1993.0 harbor 0
2407.0 1510.0 2424.0 1510.0 2424.0 1535.0 2407.0 1535.0 storage-tank 0
2382.0 1510.0 2407.0 1510.0 2407.0 1541.0 2382.0 1541.0 storage-tank 0
3683.0 459.0 3733.0 459.0 3733.0 509.0 3683.0 509.0 roundabout 0
3911.0 1279.0 3965.0 1279.0 3965.0 1339.0 3911.0 1339.0 roundabout 0
3706.0 1554.0 3774.0 1554.0 3774.0 1615.0 3706.0 1615.0 roundabout 0
3379.0 2045.0 3419.0 2045.0 3419.0 2087.0 3379.0 2087.0 roundabout 0
2549.0 720.0 2532.0 738.0 2518.0 725.0 2536.0 707.0 plane 0
2506.0 766.0 2490.0 783.0 2477.0 769.0 2494.0 752.0 plane 0
2460.0 808.0 2443.0 826.0 2430.0 813.0 2447.0 795.0 plane 0
2528.0 745.0 2512.0 762.0 2499.0 748.0 2515.0 730.0 plane 0
2570.0 700.0 2554.0 719.0 2540.0 703.0 2556.0 686.0 plane 0
2592.0 679.0 2578.0 696.0 2564.0 682.0 2579.0 666.0 plane 0
2363.0 505.0 2383.0 486.0 2406.0 511.0 2384.0 530.0 plane 0
2556.0 541.0 2536.0 556.0 2520.0 535.0 2538.0 518.0 plane 0
2638.0 551.0 2606.0 548.0 2610.0 523.0 2641.0 526.0 plane 0
2521.0 617.0 2537.0 603.0 2548.0 619.0 2531.0 632.0 plane 0
2712.0 573.0 2693.0 593.0 2675.0 574.0 2693.0 555.0 plane 0
2665.0 356.0 2693.0 380.0 2665.0 413.0 2636.0 386.0 plane 0
2668.0 309.0 2647.0 339.0 2620.0 319.0 2643.0 290.0 plane 0
2774.0 510.0 2761.0 527.0 2748.0 517.0 2763.0 500.0 plane 0
3100.0 377.0 3084.0 428.0 3030.0 409.0 3048.0 362.0 plane 0
1734.0 1931.0 1719.0 1973.0 1581.0 1930.0 1597.0 1886.0 harbor 0
1805.0 1992.0 1793.0 2046.0 1626.0 1997.0 1638.0 1951.0 harbor 0
799.0 648.0 842.0 648.0 842.0 689.0 799.0 689.0 roundabout 0
