imagesource:JL
gsd:0.72
1278.0 2851.0 1262.0 2776.0 1197.0 2789.0 1207.0 2866.0 baseball-diamond 0
3222.0 736.0 3266.0 733.0 3267.0 784.0 3218.0 783.0 roundabout 0
2778.0 1532.0 2825.0 1531.0 2824.0 1578.0 2772.0 1578.0 roundabout 0
2557.0 2010.0 2610.0 2008.0 2608.0 2069.0 2553.0 2067.0 roundabout 0
1335.0 2529.0 1280.0 2535.0 1292.0 2594.0 1351.0 2583.0 baseball-diamond 0
1384.0 2739.0 1373.0 2686.0 1317.0 2695.0 1328.0 2751.0 baseball-diamond 0
1241.0 2685.0 1226.0 2624.0 1154.0 2636.0 1167.0 2702.0 baseball-diamond 0
1362.0 2511.0 1457.0 2483.0 1525.0 2740.0 1414.0 2759.0 ground-track-field 0
3061.0 474.0 3190.0 263.0 3294.0 313.0 3150.0 539.0 ground-track-field 0
