imagesource:JL
gsd:0.72
3321.0 694.0 3330.0 692.0 3338.0 718.0 3329.0 720.0 bridge 0
3781.0 258.0 3791.0 257.0 3795.0 275.0 3785.0 277.0 bridge 0
414.0 3594.0 467.0 3594.0 467.0 3646.0 414.0 3646.0 roundabout 0
3075.0 463.0 3087.0 460.0 3094.0 489.0 3080.0 492.0 bridge 0
2446.0 644.0 2457.0 642.0 2459.0 666.0 2447.0 669.0 bridge 0
3452.0 358.0 3459.0 354.0 3467.0 373.0 3458.0 374.0 bridge 0
3515.0 327.0 3522.0 324.0 3529.0 343.0 3520.0 345.0 bridge 0
3582.0 310.0 3591.0 307.0 3597.0 323.0 3588.0 325.0 bridge 0
3818.0 246.0 3829.0 244.0 3833.0 262.0 3823.0 263.0 bridge 0
2958.0 1202.0 2977.0 1202.0 2977.0 1224.0 2958.0 1224.0 bridge 0
3848.0 232.0 3858.0 232.0 3859.0 253.0 3852.0 254.0 bridge 0
3909.0 209.0 3919.0 205.0 3925.0 225.0 3916.0 227.0 bridge 0
3971.0 180.0 3982.0 178.0 3989.0 200.0 3979.0 201.0 bridge 0
1819.0 3977.0 1837.0 3977.0 1837.0 3995.0 1819.0 3995.0 roundabout 0
2125.0 3910.0 2192.0 3910.0 2192.0 3979.0 2125.0 3979.0 roundabout 0
3115.0 3023.0 3135.0 3023.0 3135.0 3041.0 3115.0 3041.0 roundabout 0
459.0 1326.0 475.0 1315.0 533.0 1385.0 515.0 1398.0 bridge 0
