imagesource:JL
gsd:0.72
3644.0 3356.0 3675.0 3356.0 3688.0 3555.0 3655.0 3557.0 bridge 0
3315.0 1477.0 3309.0 1489.0 3315.0 1492.0 3321.0 1481.0 plane 1
3284.0 1453.0 3277.0 1465.0 3286.0 1470.0 3294.0 1457.0 plane 1
3293.0 1438.0 3287.0 1449.0 3295.0 1455.0 3301.0 1443.0 plane 1
3300.0 1425.0 3294.0 1436.0 3301.0 1441.0 3308.0 1428.0 plane 1
3303.0 1438.0 3297.0 1449.0 3304.0 1453.0 3311.0 1442.0 plane 1
3312.0 1425.0 3306.0 1433.0 3313.0 1438.0 3318.0 1429.0 plane 1
3309.0 1411.0 3302.0 1423.0 3311.0 1427.0 3317.0 1416.0 plane 1
3318.0 1489.0 3311.0 1500.0 3318.0 1504.0 3326.0 1493.0 plane 1
3994.0 2027.0 3987.0 2039.0 3996.0 2044.0 4000.0 2032.0 plane 1
3326.0 1477.0 3320.0 1485.0 3327.0 1490.0 3332.0 1480.0 plane 1
3324.0 1463.0 3318.0 1473.0 3325.0 1478.0 3331.0 1467.0 plane 1
3331.0 1450.0 3326.0 1461.0 3333.0 1465.0 3339.0 1454.0 plane 1
3342.0 1449.0 3336.0 1458.0 3343.0 1462.0 3348.0 1453.0 plane 1
3347.0 1435.0 3342.0 1445.0 3349.0 1449.0 3355.0 1439.0 plane 1
3315.0 1621.0 3307.0 1633.0 3316.0 1638.0 3323.0 1626.0 plane 1
3288.0 1387.0 3282.0 1398.0 3290.0 1402.0 3296.0 1391.0 plane 1
3286.0 1375.0 3280.0 1387.0 3288.0 1391.0 3295.0 1380.0 plane 1
3280.0 1400.0 3273.0 1410.0 3282.0 1416.0 3289.0 1404.0 plane 1
3266.0 1426.0 3258.0 1439.0 3267.0 1444.0 3273.0 1432.0 plane 0
3255.0 1428.0 3248.0 1441.0 3256.0 1447.0 3264.0 1431.0 plane 1
3261.0 1357.0 3256.0 1371.0 3263.0 1373.0 3270.0 1360.0 plane 1
3252.0 1359.0 3244.0 1369.0 3253.0 1374.0 3260.0 1363.0 plane 1
3245.0 1384.0 3239.0 1395.0 3247.0 1400.0 3253.0 1388.0 plane 1
3234.0 1387.0 3230.0 1397.0 3235.0 1402.0 3242.0 1391.0 plane 1
3236.0 1329.0 3228.0 1337.0 3235.0 1343.0 3241.0 1334.0 plane 1
3226.0 1342.0 3220.0 1353.0 3227.0 1358.0 3235.0 1347.0 plane 1
3212.0 1369.0 3206.0 1379.0 3212.0 1383.0 3218.0 1372.0 plane 1
3203.0 1382.0 3196.0 1392.0 3203.0 1398.0 3211.0 1386.0 plane 1
3201.0 1370.0 3193.0 1381.0 3198.0 1386.0 3208.0 1375.0 plane 1
3215.0 1345.0 3209.0 1355.0 3215.0 1359.0 3222.0 1347.0 plane 1
3224.0 1330.0 3219.0 1341.0 3224.0 1346.0 3232.0 1333.0 plane 1
3198.0 1300.0 3193.0 1311.0 3199.0 1315.0 3205.0 1304.0 plane 1
3987.0 2043.0 3980.0 2055.0 3989.0 2060.0 3996.0 2049.0 plane 1
3850.0 1968.0 3859.0 1975.0 3854.0 1984.0 3845.0 1978.0 plane 1
1994.0 2520.0 1984.0 2543.0 2042.0 2583.0 2052.0 2555.0 ship 0
763.0 2760.0 781.0 2794.0 750.0 2810.0 728.0 2773.0 baseball-diamond 0
1064.0 1478.0 1094.0 1535.0 1112.0 1522.0 1081.0 1468.0 ship 0
1043.0 1405.0 1076.0 1465.0 1091.0 1454.0 1060.0 1395.0 ship 0
969.0 1539.0 1082.0 1716.0 1109.0 1691.0 1001.0 1522.0 ship 0
897.0 1379.0 939.0 1466.0 967.0 1454.0 919.0 1363.0 ship 0
1564.0 2167.0 1551.0 2186.0 1649.0 2248.0 1659.0 2227.0 ship 0
665.0 2803.0 677.0 2838.0 708.0 2825.0 697.0 2788.0 baseball-diamond 0
783.0 2907.0 817.0 2892.0 804.0 2857.0 770.0 2872.0 baseball-diamond 0
3840.0 1959.0 3835.0 1972.0 3841.0 1977.0 3849.0 1963.0 plane 1
737.0 3177.0 746.0 3223.0 789.0 3210.0 776.0 3160.0 baseball-diamond 0
789.0 3369.0 833.0 3357.0 819.0 3305.0 777.0 3315.0 baseball-diamond 0
716.0 984.0 725.0 996.0 730.0 991.0 722.0 980.0 soccer-ball-field 0
603.0 735.0 657.0 806.0 676.0 790.0 627.0 716.0 ship 0
544.0 887.0 607.0 981.0 621.0 967.0 563.0 875.0 ship 0
410.0 934.0 497.0 874.0 510.0 893.0 422.0 955.0 ship 0
1081.0 1469.0 1109.0 1520.0 1124.0 1510.0 1095.0 1459.0 ship 0
1103.0 1549.0 1137.0 1607.0 1151.0 1600.0 1119.0 1538.0 ship 0
1118.0 1535.0 1150.0 1597.0 1166.0 1586.0 1134.0 1523.0 ship 0
1330.0 2128.0 1393.0 2225.0 1418.0 2205.0 1354.0 2108.0 ship 1
2950.0 3979.0 2990.0 3967.0 2974.0 3931.0 2938.0 3943.0 baseball-diamond 0
3058.0 3852.0 3072.0 3890.0 3035.0 3902.0 3020.0 3861.0 baseball-diamond 0
3027.0 2148.0 3045.0 2148.0 3045.0 2165.0 3027.0 2165.0 plane 0
3897.0 1944.0 3914.0 1943.0 3914.0 1953.0 3898.0 1954.0 plane 0
3882.0 1941.0 3877.0 1952.0 3886.0 1957.0 3891.0 1944.0 plane 1
3885.0 1951.0 3879.0 1961.0 3887.0 1967.0 3893.0 1954.0 plane 1
3877.0 1954.0 3870.0 1965.0 3879.0 1971.0 3885.0 1958.0 plane 1
3862.0 1979.0 3855.0 1990.0 3863.0 1995.0 3870.0 1983.0 plane 1
3864.0 1990.0 3858.0 1999.0 3866.0 2005.0 3871.0 1992.0 plane 1
3855.0 1933.0 3851.0 1943.0 3857.0 1947.0 3862.0 1936.0 plane 1
3846.0 1936.0 3841.0 1946.0 3848.0 1951.0 3855.0 1940.0 plane 1
3849.0 1946.0 3843.0 1956.0 3849.0 1959.0 3855.0 1949.0 plane 1
3839.0 1950.0 3831.0 1961.0 3840.0 1966.0 3847.0 1954.0 plane 1
3189.0 1315.0 3183.0 1324.0 3190.0 1330.0 3197.0 1318.0 plane 1
2129.0 2650.0 2115.0 2668.0 2173.0 2708.0 2189.0 2684.0 ship 0
2947.0 3116.0 2953.0 3104.0 3008.0 3133.0 3002.0 3146.0 ship 1
105.0 193.0 117.0 178.0 162.0 233.0 148.0 243.0 ship 0
365.0 657.0 372.0 671.0 341.0 692.0 332.0 679.0 ship 0
358.0 639.0 364.0 658.0 312.0 691.0 301.0 675.0 ship 0
351.0 629.0 357.0 641.0 318.0 666.0 310.0 658.0 ship 0
311.0 510.0 323.0 529.0 264.0 565.0 255.0 547.0 ship 0
303.0 473.0 323.0 495.0 253.0 548.0 232.0 526.0 ship 0
97.0 225.0 117.0 210.0 146.0 248.0 125.0 262.0 ship 0
859.0 3585.0 841.0 3544.0 886.0 3526.0 904.0 3569.0 baseball-diamond 0
3743.0 2548.0 3708.0 2518.0 3740.0 2481.0 3775.0 2510.0 plane 0
806.0 3386.0 851.0 3371.0 864.0 3421.0 820.0 3438.0 baseball-diamond 0
718.0 2939.0 702.0 2901.0 732.0 2889.0 750.0 2926.0 baseball-diamond 0
3746.0 1869.0 3746.0 1849.0 3765.0 1850.0 3765.0 1867.0 plane 0
3735.0 1888.0 3733.0 1860.0 3760.0 1861.0 3761.0 1888.0 plane 0
3680.0 1809.0 3688.0 1790.0 3704.0 1798.0 3696.0 1816.0 plane 0
3526.0 1680.0 3518.0 1695.0 3503.0 1686.0 3511.0 1670.0 plane 0
764.0 659.0 781.0 646.0 807.0 701.0 795.0 710.0 ship 0
755.0 682.0 778.0 671.0 795.0 714.0 776.0 723.0 ship 0
728.0 680.0 746.0 670.0 769.0 710.0 753.0 722.0 ship 0
689.0 651.0 709.0 639.0 748.0 719.0 727.0 729.0 ship 0
667.0 670.0 690.0 661.0 720.0 723.0 700.0 733.0 ship 0
473.0 827.0 479.0 852.0 396.0 885.0 386.0 859.0 ship 0
380.0 870.0 389.0 897.0 300.0 941.0 285.0 914.0 ship 0
1090.0 1722.0 1114.0 1702.0 1192.0 1824.0 1166.0 1844.0 ship 0
1362.0 2084.0 1337.0 2106.0 1253.0 1981.0 1281.0 1959.0 ship 0
1359.0 1879.0 1348.0 1888.0 1327.0 1863.0 1337.0 1851.0 ship 0
1481.0 1699.0 1460.0 1799.0 1432.0 1788.0 1456.0 1692.0 harbor 0
975.0 1556.0 1070.0 1692.0 1007.0 1730.0 914.0 1588.0 harbor 0
1716.0 2240.0 1740.0 2236.0 1777.0 2486.0 1751.0 2490.0 bridge 0
2098.0 2527.0 2109.0 2512.0 2172.0 2553.0 2162.0 2566.0 ship 0
1805.0 2476.0 1824.0 2445.0 1918.0 2512.0 1899.0 2540.0 ship 0
2398.0 2851.0 2405.0 2834.0 2450.0 2861.0 2440.0 2878.0 ship 0
2910.0 3138.0 2928.0 3103.0 3018.0 3154.0 3002.0 3186.0 ship 0
3413.0 1554.0 3402.0 1570.0 3389.0 1558.0 3397.0 1543.0 plane 0
3778.0 2585.0 3749.0 2558.0 3779.0 2522.0 3810.0 2551.0 plane 0
2101.0 2531.0 2091.0 2550.0 2160.0 2598.0 2172.0 2570.0 ship 0
489.0 906.0 520.0 890.0 535.0 932.0 509.0 946.0 harbor 0
3296.0 2113.0 3225.0 2127.0 3213.0 2058.0 3281.0 2044.0 plane 0
3224.0 2136.0 3184.0 2146.0 3175.0 2104.0 3214.0 2094.0 plane 0
3179.0 2152.0 3137.0 2163.0 3129.0 2119.0 3169.0 2109.0 plane 0
3133.0 2167.0 3093.0 2178.0 3083.0 2132.0 3121.0 2120.0 plane 0
3082.0 2186.0 3062.0 2191.0 3058.0 2171.0 3078.0 2165.0 plane 0
1512.0 2276.0 1545.0 2297.0 1537.0 2319.0 1500.0 2299.0 harbor 0
417.0 958.0 445.0 939.0 471.0 979.0 439.0 999.0 harbor 0
3815.0 2627.0 3782.0 2598.0 3812.0 2562.0 3847.0 2590.0 plane 0
742.0 896.0 718.0 912.0 663.0 824.0 692.0 806.0 ship 0
2624.0 2999.0 2614.0 3019.0 2654.0 3044.0 2667.0 3019.0 harbor 1
2625.0 2973.0 2616.0 2989.0 2667.0 3017.0 2673.0 2994.0 ship 0
2527.0 2871.0 2496.0 2936.0 2539.0 2956.0 2575.0 2898.0 harbor 1
2242.0 2754.0 2232.0 2778.0 2330.0 2840.0 2343.0 2815.0 harbor 1
2232.0 2710.0 2223.0 2739.0 2296.0 2787.0 2313.0 2757.0 ship 0
3440.0 2242.0 3403.0 2204.0 3443.0 2160.0 3481.0 2199.0 plane 0
3506.0 2306.0 3462.0 2270.0 3497.0 2225.0 3541.0 2262.0 plane 0
3563.0 2372.0 3520.0 2336.0 3555.0 2288.0 3600.0 2326.0 plane 0
3472.0 2466.0 3463.0 2422.0 3509.0 2413.0 3516.0 2454.0 plane 0
3628.0 2433.0 3580.0 2398.0 3615.0 2351.0 3656.0 2383.0 plane 0
3674.0 2470.0 3642.0 2444.0 3667.0 2411.0 3700.0 2434.0 plane 0
3616.0 2538.0 3646.0 2563.0 3622.0 2598.0 3590.0 2572.0 plane 0
3649.0 2574.0 3681.0 2601.0 3655.0 2634.0 3624.0 2608.0 plane 0
3683.0 2611.0 3712.0 2639.0 3686.0 2670.0 3656.0 2645.0 plane 0
3716.0 2648.0 3749.0 2673.0 3725.0 2711.0 3693.0 2683.0 plane 0
3756.0 2687.0 3786.0 2716.0 3762.0 2750.0 3729.0 2720.0 plane 0
3790.0 2726.0 3819.0 2755.0 3795.0 2789.0 3764.0 2758.0 plane 0
3824.0 2767.0 3857.0 2796.0 3832.0 2830.0 3797.0 2799.0 plane 0
3862.0 2805.0 3893.0 2834.0 3869.0 2868.0 3836.0 2840.0 plane 0
3925.0 2746.0 3893.0 2716.0 3923.0 2676.0 3955.0 2705.0 plane 0
3887.0 2704.0 3856.0 2673.0 3887.0 2638.0 3918.0 2667.0 plane 0
3854.0 2664.0 3821.0 2635.0 3850.0 2600.0 3880.0 2629.0 plane 0
199.0 28.0 224.0 28.0 224.0 120.0 199.0 120.0 ship 0
