imagesource:JL
gsd:0.72
2680.0 302.0 2659.0 343.0 2692.0 362.0 2713.0 323.0 baseball-diamond 0
1874.0 704.0 1892.0 681.0 1918.0 699.0 1899.0 725.0 baseball-diamond 0
98.0 1865.0 194.0 1987.0 150.0 2032.0 55.0 1905.0 ground-track-field 0
1158.0 1818.0 1275.0 1927.0 1242.0 1991.0 1120.0 1885.0 ground-track-field 0
1959.0 2606.0 1969.0 2582.0 1988.0 2597.0 1975.0 2620.0 baseball-diamond 0
1933.0 2655.0 1948.0 2669.0 1931.0 2685.0 1914.0 2673.0 baseball-diamond 0
2031.0 2461.0 2045.0 2474.0 2030.0 2498.0 2015.0 2480.0 baseball-diamond 0
1426.0 719.0 1407.0 700.0 1397.0 725.0 1414.0 742.0 baseball-diamond 0
1309.0 831.0 1368.0 834.0 1374.0 647.0 1310.0 638.0 ground-track-field 0
2896.0 1436.0 2913.0 1453.0 2893.0 1470.0 2876.0 1452.0 baseball-diamond 0
1946.0 2599.0 1962.0 2569.0 1941.0 2550.0 1925.0 2577.0 baseball-diamond 0
3808.0 1163.0 3792.0 1171.0 3799.0 1200.0 3819.0 1191.0 baseball-diamond 0
3726.0 1175.0 3748.0 1198.0 3733.0 1210.0 3712.0 1195.0 baseball-diamond 0
3814.0 1110.0 3868.0 1094.0 3913.0 1271.0 3851.0 1287.0 ground-track-field 0
148.0 1686.0 121.0 1723.0 147.0 1750.0 174.0 1716.0 baseball-diamond 0
251.0 1772.0 218.0 1799.0 241.0 1832.0 275.0 1809.0 baseball-diamond 0
1185.0 2104.0 1211.0 2071.0 1180.0 2039.0 1155.0 2069.0 baseball-diamond 0
1921.0 2646.0 1903.0 2628.0 1888.0 2650.0 1907.0 2670.0 baseball-diamond 0
344.0 1895.0 370.0 1935.0 350.0 1958.0 321.0 1936.0 baseball-diamond 0
