imagesource:JL
gsd:0.72
3265.0 3881.0 3210.0 3898.0 3187.0 3831.0 3242.0 3815.0 plane 0
3298.0 3608.0 3301.0 3625.0 3320.0 3621.0 3317.0 3600.0 plane 0
1135.0 3891.0 1089.0 3900.0 1101.0 3952.0 1150.0 3941.0 baseball-diamond 0
1633.0 948.0 1610.0 1005.0 1656.0 1023.0 1682.0 972.0 baseball-diamond 0
1592.0 1654.0 1608.0 1710.0 1654.0 1691.0 1644.0 1639.0 baseball-diamond 0
1645.0 1842.0 1691.0 1826.0 1678.0 1771.0 1623.0 1784.0 baseball-diamond 0
2526.0 1589.0 2552.0 1672.0 2733.0 1604.0 2701.0 1530.0 ground-track-field 0
3308.0 3637.0 3312.0 3654.0 3327.0 3653.0 3324.0 3632.0 plane 0
3290.0 3582.0 3295.0 3598.0 3312.0 3595.0 3309.0 3573.0 plane 0
3059.0 3944.0 3004.0 3963.0 2983.0 3896.0 3039.0 3875.0 plane 0
339.0 2390.0 399.0 2369.0 414.0 2427.0 353.0 2449.0 baseball-diamond 0
2446.0 3723.0 2468.0 3778.0 2407.0 3809.0 2382.0 3751.0 plane 0
1626.0 927.0 1646.0 868.0 1599.0 847.0 1577.0 903.0 baseball-diamond 0
1647.0 939.0 1671.0 882.0 1713.0 908.0 1689.0 965.0 baseball-diamond 0
1619.0 944.0 1596.0 1003.0 1549.0 978.0 1572.0 919.0 baseball-diamond 0
1992.0 1962.0 2076.0 1975.0 2046.0 2158.0 1955.0 2143.0 ground-track-field 0
257.0 2310.0 285.0 2397.0 473.0 2336.0 439.0 2238.0 ground-track-field 0
