imagesource:GoogleEarth
gsd:0.124418596624
657.0 1209.0 658.0 1193.0 689.0 1196.0 689.0 1209.0 small-vehicle 0
384.0 629.0 391.0 654.0 316.0 681.0 305.0 657.0 large-vehicle 0
369.0 572.0 372.0 596.0 289.0 616.0 283.0 592.0 large-vehicle 0
356.0 537.0 364.0 563.0 287.0 586.0 277.0 561.0 large-vehicle 0
354.0 510.0 360.0 535.0 278.0 557.0 271.0 535.0 large-vehicle 0
361.0 477.0 368.0 504.0 248.0 537.0 239.0 515.0 large-vehicle 0
351.0 419.0 358.0 444.0 295.0 465.0 285.0 440.0 large-vehicle 0
422.0 372.0 429.0 397.0 345.0 422.0 337.0 397.0 large-vehicle 0
429.0 420.0 434.0 447.0 365.0 465.0 359.0 441.0 large-vehicle 0
323.0 367.0 332.0 393.0 265.0 412.0 257.0 384.0 large-vehicle 0
404.0 344.0 413.0 366.0 329.0 392.0 321.0 367.0 large-vehicle 0
462.0 408.0 433.0 417.0 417.0 364.0 439.0 355.0 large-vehicle 0
493.0 402.0 463.0 410.0 443.0 354.0 468.0 345.0 large-vehicle 0
532.0 396.0 506.0 404.0 479.0 324.0 505.0 314.0 large-vehicle 0
556.0 374.0 530.0 382.0 509.0 305.0 533.0 296.0 large-vehicle 0
593.0 341.0 567.0 350.0 545.0 297.0 572.0 286.0 large-vehicle 0
581.0 283.0 605.0 277.0 622.0 329.0 599.0 339.0 large-vehicle 0
761.0 244.0 754.0 261.0 712.0 242.0 722.0 221.0 large-vehicle 0
760.0 201.0 758.0 221.0 710.0 212.0 712.0 193.0 large-vehicle 0
374.0 603.0 379.0 627.0 301.0 648.0 290.0 624.0 large-vehicle 0
382.0 659.0 389.0 684.0 313.0 710.0 304.0 686.0 large-vehicle 0
566.0 1185.0 581.0 1183.0 589.0 1209.0 575.0 1213.0 small-vehicle 0
295.0 783.0 323.0 781.0 334.0 858.0 306.0 862.0 large-vehicle 0
496.0 1056.0 481.0 1052.0 490.0 1019.0 505.0 1023.0 small-vehicle 0
480.0 1051.0 463.0 1047.0 470.0 1013.0 487.0 1018.0 small-vehicle 0
482.0 411.0 487.0 427.0 435.0 441.0 431.0 426.0 small-vehicle 0
600.0 246.0 603.0 260.0 572.0 267.0 569.0 252.0 small-vehicle 1
595.0 224.0 599.0 237.0 566.0 248.0 562.0 234.0 small-vehicle 1
521.0 198.0 515.0 180.0 572.0 163.0 579.0 181.0 small-vehicle 1
529.0 174.0 526.0 158.0 565.0 148.0 568.0 164.0 small-vehicle 1
418.0 25.0 423.0 39.0 392.0 52.0 386.0 37.0 small-vehicle 1
509.0 139.0 503.0 123.0 545.0 114.0 548.0 129.0 small-vehicle 1
543.0 92.0 548.0 109.0 515.0 117.0 510.0 102.0 small-vehicle 1
638.0 140.0 619.0 145.0 608.0 102.0 627.0 97.0 small-vehicle 1
675.0 255.0 658.0 259.0 647.0 224.0 668.0 220.0 large-vehicle 1
716.0 305.0 701.0 309.0 690.0 273.0 707.0 269.0 small-vehicle 0
487.0 84.0 482.0 67.0 533.0 52.0 538.0 70.0 large-vehicle 0
354.0 833.0 377.0 825.0 400.0 908.0 380.0 914.0 large-vehicle 0
335.0 855.0 361.0 849.0 382.0 917.0 355.0 928.0 large-vehicle 0
310.0 866.0 335.0 861.0 356.0 938.0 328.0 946.0 large-vehicle 0
717.0 222.0 705.0 238.0 668.0 206.0 683.0 187.0 large-vehicle 0
