imagesource:GoogleEarth
gsd:0.124376608659
687.0 146.0 715.0 146.0 715.0 174.0 687.0 174.0 storage-tank 0
657.0 1074.0 665.0 1058.0 700.0 1077.0 692.0 1093.0 small-vehicle 0
498.0 135.0 491.0 112.0 574.0 88.0 581.0 115.0 large-vehicle 0
308.0 113.0 301.0 87.0 382.0 68.0 388.0 92.0 large-vehicle 0
171.0 142.0 165.0 117.0 246.0 98.0 252.0 124.0 large-vehicle 0
25.0 273.0 54.0 266.0 72.0 344.0 43.0 352.0 large-vehicle 0
1.0 283.0 26.0 275.0 41.0 344.0 14.0 347.0 large-vehicle 0
317.0 297.0 312.0 275.0 403.0 251.0 407.0 276.0 large-vehicle 0
319.0 331.0 312.0 306.0 406.0 285.0 410.0 310.0 large-vehicle 0
330.0 357.0 324.0 332.0 408.0 315.0 412.0 339.0 large-vehicle 0
339.0 386.0 333.0 361.0 413.0 341.0 419.0 366.0 large-vehicle 0
347.0 412.0 340.0 390.0 422.0 367.0 428.0 392.0 large-vehicle 0
352.0 439.0 348.0 418.0 414.0 401.0 419.0 428.0 large-vehicle 0
356.0 468.0 352.0 442.0 433.0 422.0 440.0 448.0 large-vehicle 0
367.0 495.0 361.0 471.0 451.0 448.0 458.0 475.0 large-vehicle 0
375.0 524.0 370.0 501.0 452.0 479.0 459.0 505.0 large-vehicle 0
382.0 549.0 377.0 528.0 458.0 508.0 463.0 533.0 large-vehicle 0
387.0 577.0 383.0 553.0 463.0 533.0 469.0 558.0 large-vehicle 0
397.0 606.0 390.0 581.0 459.0 564.0 466.0 591.0 large-vehicle 0
401.0 630.0 396.0 609.0 477.0 587.0 483.0 612.0 large-vehicle 0
403.0 660.0 395.0 638.0 477.0 617.0 483.0 644.0 large-vehicle 0
409.0 688.0 403.0 666.0 483.0 644.0 489.0 669.0 large-vehicle 0
409.0 717.0 403.0 694.0 471.0 676.0 477.0 701.0 large-vehicle 0
426.0 744.0 421.0 723.0 503.0 701.0 510.0 724.0 large-vehicle 0
448.0 853.0 443.0 828.0 526.0 807.0 531.0 833.0 large-vehicle 0
308.0 997.0 312.0 1022.0 238.0 1038.0 231.0 1014.0 large-vehicle 0
709.0 365.0 728.0 364.0 733.0 403.0 714.0 405.0 small-vehicle 0
666.0 620.0 690.0 615.0 701.0 676.0 678.0 681.0 small-vehicle 0
607.0 674.0 599.0 693.0 556.0 666.0 565.0 649.0 small-vehicle 0
567.0 695.0 576.0 680.0 609.0 699.0 600.0 716.0 small-vehicle 0
616.0 728.0 606.0 743.0 571.0 720.0 579.0 705.0 small-vehicle 0
282.0 232.0 263.0 216.0 327.0 159.0 345.0 182.0 large-vehicle 0
