imagesource:GoogleEarth
gsd:0.124343191197
278.0 1091.0 262.0 1090.0 266.0 1050.0 280.0 1052.0 small-vehicle 1
483.0 518.0 480.0 540.0 407.0 537.0 409.0 514.0 large-vehicle 0
299.0 172.0 295.0 192.0 250.0 185.0 254.0 166.0 large-vehicle 0
295.0 195.0 292.0 215.0 246.0 209.0 252.0 188.0 large-vehicle 0
304.0 215.0 303.0 235.0 247.0 230.0 249.0 210.0 large-vehicle 0
181.0 170.0 185.0 149.0 246.0 160.0 243.0 181.0 large-vehicle 0
440.0 312.0 438.0 333.0 381.0 324.0 383.0 304.0 large-vehicle 0
499.0 318.0 496.0 339.0 440.0 332.0 442.0 312.0 large-vehicle 0
516.0 338.0 515.0 361.0 457.0 355.0 460.0 334.0 large-vehicle 0
522.0 361.0 519.0 383.0 458.0 375.0 463.0 355.0 large-vehicle 0
457.0 335.0 456.0 354.0 398.0 349.0 400.0 329.0 large-vehicle 0
458.0 354.0 457.0 374.0 399.0 366.0 402.0 346.0 large-vehicle 0
491.0 439.0 489.0 462.0 414.0 457.0 415.0 435.0 large-vehicle 0
491.0 467.0 487.0 491.0 411.0 482.0 414.0 461.0 large-vehicle 0
484.0 492.0 481.0 515.0 410.0 508.0 412.0 487.0 large-vehicle 0
483.0 545.0 483.0 567.0 408.0 562.0 411.0 539.0 large-vehicle 0
645.0 617.0 625.0 614.0 635.0 555.0 651.0 557.0 large-vehicle 0
520.0 606.0 543.0 610.0 531.0 708.0 507.0 704.0 large-vehicle 0
442.0 596.0 465.0 599.0 448.0 690.0 426.0 686.0 large-vehicle 0
424.0 694.0 400.0 691.0 414.0 592.0 437.0 596.0 large-vehicle 0
389.0 586.0 391.0 563.0 464.0 568.0 463.0 590.0 large-vehicle 0
310.0 581.0 315.0 555.0 385.0 564.0 383.0 589.0 large-vehicle 0
297.0 552.0 295.0 577.0 216.0 566.0 219.0 543.0 large-vehicle 0
290.0 579.0 287.0 601.0 207.0 593.0 209.0 570.0 large-vehicle 0
287.0 602.0 284.0 625.0 204.0 617.0 206.0 595.0 large-vehicle 0
285.0 628.0 283.0 650.0 202.0 641.0 204.0 620.0 large-vehicle 0
285.0 655.0 281.0 679.0 199.0 668.0 202.0 646.0 large-vehicle 0
279.0 684.0 276.0 707.0 196.0 701.0 198.0 677.0 large-vehicle 0
295.0 613.0 315.0 615.0 305.0 677.0 285.0 675.0 large-vehicle 0
285.0 676.0 304.0 679.0 294.0 736.0 274.0 730.0 large-vehicle 0
347.0 182.0 340.0 204.0 296.0 190.0 302.0 172.0 large-vehicle 0
629.0 584.0 609.0 581.0 616.0 521.0 636.0 526.0 large-vehicle 0
385.0 613.0 407.0 615.0 400.0 688.0 378.0 687.0 large-vehicle 0
673.0 309.0 651.0 301.0 665.0 237.0 685.0 241.0 large-vehicle 0
358.0 203.0 357.0 226.0 303.0 219.0 305.0 199.0 large-vehicle 0
398.0 273.0 376.0 270.0 384.0 210.0 401.0 212.0 large-vehicle 0
422.0 254.0 404.0 248.0 414.0 193.0 431.0 196.0 large-vehicle 0
417.0 309.0 398.0 306.0 403.0 251.0 424.0 255.0 large-vehicle 0
444.0 306.0 420.0 304.0 431.0 208.0 454.0 210.0 large-vehicle 0
471.0 308.0 449.0 304.0 460.0 211.0 480.0 214.0 large-vehicle 0
494.0 310.0 471.0 307.0 480.0 211.0 505.0 215.0 large-vehicle 0
518.0 315.0 494.0 310.0 507.0 213.0 529.0 216.0 large-vehicle 0
543.0 323.0 520.0 319.0 532.0 218.0 555.0 221.0 large-vehicle 0
570.0 321.0 545.0 318.0 556.0 224.0 580.0 226.0 large-vehicle 0
594.0 329.0 571.0 323.0 584.0 229.0 605.0 233.0 large-vehicle 0
619.0 329.0 596.0 324.0 610.0 230.0 630.0 232.0 large-vehicle 0
644.0 330.0 624.0 328.0 636.0 233.0 656.0 239.0 large-vehicle 0
703.0 310.0 682.0 308.0 687.0 244.0 709.0 245.0 large-vehicle 0
637.0 520.0 617.0 517.0 625.0 462.0 643.0 464.0 large-vehicle 0
724.0 313.0 703.0 310.0 712.0 246.0 732.0 248.0 large-vehicle 0
666.0 329.0 668.0 308.0 728.0 318.0 725.0 338.0 large-vehicle 0
658.0 350.0 660.0 328.0 720.0 337.0 718.0 357.0 large-vehicle 0
658.0 372.0 658.0 353.0 718.0 355.0 718.0 376.0 large-vehicle 0
640.0 394.0 643.0 375.0 711.0 379.0 711.0 401.0 large-vehicle 0
637.0 417.0 640.0 397.0 708.0 405.0 707.0 426.0 large-vehicle 0
636.0 443.0 638.0 421.0 703.0 428.0 702.0 451.0 large-vehicle 0
647.0 467.0 650.0 443.0 709.0 450.0 707.0 472.0 large-vehicle 0
640.0 490.0 643.0 466.0 708.0 473.0 705.0 496.0 large-vehicle 0
640.0 512.0 644.0 490.0 703.0 496.0 700.0 518.0 large-vehicle 0
639.0 537.0 641.0 512.0 700.0 518.0 699.0 543.0 large-vehicle 0
636.0 396.0 617.0 394.0 627.0 337.0 645.0 341.0 large-vehicle 0
632.0 461.0 610.0 457.0 620.0 398.0 638.0 401.0 large-vehicle 0
362.0 612.0 383.0 613.0 378.0 684.0 356.0 683.0 large-vehicle 0
329.0 672.0 351.0 675.0 341.0 739.0 318.0 737.0 large-vehicle 0
191.0 1209.0 176.0 1207.0 180.0 1174.0 194.0 1177.0 small-vehicle 1
160.0 1145.0 144.0 1143.0 148.0 1107.0 164.0 1108.0 small-vehicle 1
143.0 1174.0 159.0 1175.0 155.0 1206.0 140.0 1205.0 small-vehicle 0
144.0 1146.0 160.0 1147.0 158.0 1174.0 143.0 1173.0 small-vehicle 0
251.0 1217.0 236.0 1216.0 237.0 1180.0 254.0 1181.0 small-vehicle 0
254.0 1180.0 272.0 1182.0 269.0 1222.0 253.0 1221.0 small-vehicle 0
303.0 1221.0 288.0 1219.0 289.0 1186.0 307.0 1188.0 small-vehicle 0
207.0 1114.0 205.0 1130.0 167.0 1128.0 167.0 1111.0 small-vehicle 0
209.0 1046.0 226.0 1048.0 225.0 1084.0 209.0 1084.0 small-vehicle 0
519.0 1074.0 534.0 1075.0 534.0 1114.0 518.0 1113.0 small-vehicle 0
525.0 1026.0 541.0 1027.0 537.0 1066.0 521.0 1065.0 small-vehicle 0
514.0 1130.0 530.0 1131.0 528.0 1167.0 512.0 1166.0 small-vehicle 1
96.0 1183.0 82.0 1191.0 65.0 1162.0 79.0 1155.0 small-vehicle 1
193.0 1175.0 210.0 1177.0 206.0 1217.0 190.0 1215.0 small-vehicle 1
206.0 1131.0 205.0 1149.0 163.0 1149.0 164.0 1132.0 small-vehicle 1
261.0 1087.0 245.0 1084.0 250.0 1049.0 265.0 1051.0 small-vehicle 1
175.0 1212.0 158.0 1207.0 164.0 1170.0 180.0 1172.0 small-vehicle 0
208.0 1097.0 206.0 1112.0 171.0 1109.0 171.0 1095.0 small-vehicle 1
206.0 1080.0 205.0 1095.0 170.0 1094.0 170.0 1079.0 small-vehicle 1
207.0 1067.0 206.0 1081.0 168.0 1077.0 170.0 1064.0 small-vehicle 1
22.0 1153.0 34.0 1147.0 52.0 1178.0 39.0 1187.0 small-vehicle 1
129.0 156.0 111.0 151.0 122.0 113.0 139.0 118.0 small-vehicle 0
183.0 151.0 177.0 169.0 138.0 154.0 144.0 135.0 small-vehicle 1
204.0 193.0 206.0 177.0 240.0 181.0 237.0 196.0 small-vehicle 0
315.0 145.0 316.0 134.0 345.0 138.0 344.0 149.0 small-vehicle 1
330.0 151.0 329.0 163.0 297.0 158.0 300.0 146.0 small-vehicle 1
218.0 118.0 214.0 136.0 177.0 130.0 180.0 111.0 small-vehicle 1
213.0 92.0 208.0 109.0 172.0 103.0 176.0 84.0 small-vehicle 1
307.0 804.0 324.0 807.0 320.0 840.0 303.0 838.0 small-vehicle 0
170.0 1102.0 153.0 1102.0 152.0 1072.0 169.0 1072.0 small-vehicle 1
204.0 1152.0 204.0 1171.0 162.0 1169.0 164.0 1150.0 small-vehicle 0
88.0 1129.0 83.0 1145.0 50.0 1135.0 53.0 1122.0 small-vehicle 0
331.0 739.0 351.0 743.0 347.0 804.0 325.0 799.0 large-vehicle 0
205.0 792.0 227.0 794.0 219.0 854.0 200.0 852.0 large-vehicle 0
311.0 737.0 331.0 739.0 325.0 799.0 307.0 797.0 large-vehicle 0
294.0 728.0 316.0 732.0 306.0 790.0 287.0 786.0 large-vehicle 0
274.0 732.0 295.0 735.0 287.0 795.0 267.0 793.0 large-vehicle 0
254.0 736.0 275.0 737.0 269.0 797.0 250.0 795.0 large-vehicle 0
260.0 712.0 258.0 735.0 197.0 727.0 200.0 704.0 large-vehicle 0
251.0 734.0 246.0 752.0 192.0 746.0 194.0 728.0 large-vehicle 0
249.0 752.0 246.0 773.0 188.0 770.0 189.0 749.0 large-vehicle 0
248.0 774.0 247.0 796.0 183.0 790.0 185.0 770.0 large-vehicle 0
327.0 800.0 347.0 800.0 340.0 861.0 321.0 860.0 large-vehicle 0
288.0 797.0 310.0 800.0 303.0 859.0 281.0 859.0 large-vehicle 0
269.0 797.0 290.0 798.0 281.0 859.0 262.0 856.0 large-vehicle 0
243.0 798.0 267.0 800.0 260.0 848.0 240.0 846.0 large-vehicle 0
225.0 794.0 248.0 796.0 241.0 856.0 222.0 855.0 large-vehicle 0
183.0 790.0 207.0 791.0 198.0 853.0 178.0 852.0 large-vehicle 0
742.0 563.0 740.0 579.0 705.0 577.0 707.0 559.0 small-vehicle 0
249.0 859.0 244.0 886.0 174.0 877.0 178.0 851.0 large-vehicle 0
257.0 878.0 259.0 863.0 295.0 868.0 293.0 883.0 small-vehicle 0
326.0 889.0 327.0 905.0 292.0 909.0 291.0 892.0 small-vehicle 1
526.0 880.0 511.0 878.0 512.0 841.0 527.0 842.0 small-vehicle 1
537.0 838.0 520.0 836.0 522.0 805.0 538.0 807.0 small-vehicle 1
550.0 880.0 532.0 876.0 536.0 839.0 554.0 841.0 small-vehicle 1
754.0 485.0 748.0 502.0 715.0 491.0 720.0 475.0 small-vehicle 1
741.0 581.0 741.0 596.0 706.0 594.0 706.0 580.0 small-vehicle 1
738.0 602.0 736.0 618.0 701.0 615.0 703.0 599.0 small-vehicle 1
754.0 421.0 749.0 439.0 714.0 430.0 718.0 412.0 small-vehicle 1
722.0 410.0 727.0 394.0 760.0 405.0 756.0 420.0 small-vehicle 1
758.0 451.0 753.0 464.0 722.0 456.0 726.0 440.0 small-vehicle 0
753.0 508.0 749.0 525.0 712.0 520.0 714.0 503.0 small-vehicle 0
368.0 227.0 367.0 249.0 310.0 242.0 315.0 218.0 large-vehicle 0
