imagesource:GoogleEarth
gsd:0.106771023939
622.0 1421.0 618.0 1399.0 658.0 1391.0 661.0 1411.0 small-vehicle 1
576.0 376.0 575.0 357.0 618.0 353.0 620.0 371.0 small-vehicle 1
50.0 391.0 70.0 388.0 76.0 430.0 55.0 432.0 small-vehicle 0
67.0 526.0 89.0 522.0 98.0 566.0 76.0 571.0 small-vehicle 0
78.0 612.0 101.0 609.0 109.0 651.0 86.0 655.0 small-vehicle 1
53.0 620.0 76.0 617.0 81.0 657.0 59.0 660.0 small-vehicle 1
92.0 696.0 114.0 694.0 120.0 735.0 97.0 738.0 small-vehicle 1
70.0 708.0 92.0 706.0 98.0 747.0 75.0 749.0 small-vehicle 1
1012.0 734.0 1015.0 753.0 969.0 761.0 966.0 742.0 small-vehicle 1
831.0 789.0 829.0 769.0 874.0 764.0 876.0 782.0 small-vehicle 1
581.0 398.0 579.0 380.0 621.0 374.0 623.0 393.0 small-vehicle 1
989.0 363.0 984.0 337.0 1073.0 324.0 1077.0 350.0 large-vehicle 0
590.0 423.0 588.0 404.0 626.0 397.0 629.0 418.0 small-vehicle 1
635.0 418.0 638.0 438.0 598.0 446.0 594.0 427.0 small-vehicle 1
639.0 252.0 661.0 250.0 664.0 294.0 642.0 296.0 small-vehicle 1
574.0 261.0 594.0 257.0 600.0 300.0 579.0 302.0 small-vehicle 1
458.0 179.0 479.0 176.0 486.0 218.0 465.0 222.0 small-vehicle 0
538.0 388.0 558.0 385.0 571.0 435.0 548.0 439.0 small-vehicle 0
639.0 442.0 643.0 463.0 601.0 470.0 597.0 452.0 small-vehicle 0
981.0 304.0 975.0 275.0 1063.0 259.0 1068.0 288.0 large-vehicle 0
245.0 4.0 260.0 14.0 235.0 44.0 221.0 31.0 small-vehicle 0
559.0 883.0 565.0 910.0 477.0 928.0 471.0 901.0 large-vehicle 0
319.0 817.0 325.0 843.0 225.0 864.0 220.0 835.0 large-vehicle 0
309.0 761.0 313.0 791.0 216.0 810.0 209.0 782.0 large-vehicle 0
702.0 157.0 680.0 160.0 670.0 102.0 693.0 95.0 large-vehicle 0
643.0 88.0 668.0 87.0 674.0 147.0 648.0 149.0 large-vehicle 0
617.0 88.0 644.0 84.0 650.0 140.0 626.0 146.0 large-vehicle 0
627.0 182.0 597.0 186.0 581.0 87.0 610.0 81.0 large-vehicle 0
557.0 106.0 581.0 104.0 593.0 164.0 568.0 168.0 large-vehicle 0
592.0 212.0 580.0 223.0 548.0 195.0 559.0 180.0 large-vehicle 0
79.0 183.0 104.0 190.0 89.0 244.0 64.0 239.0 large-vehicle 0
443.0 253.0 446.0 274.0 381.0 288.0 377.0 264.0 large-vehicle 0
487.0 390.0 509.0 384.0 523.0 456.0 499.0 459.0 large-vehicle 0
511.0 384.0 534.0 379.0 548.0 451.0 521.0 455.0 large-vehicle 0
779.0 368.0 776.0 340.0 866.0 326.0 870.0 353.0 large-vehicle 0
876.0 322.0 870.0 295.0 962.0 280.0 968.0 308.0 large-vehicle 0
882.0 350.0 877.0 325.0 970.0 310.0 972.0 336.0 large-vehicle 0
896.0 437.0 891.0 412.0 986.0 401.0 988.0 430.0 large-vehicle 0
292.0 700.0 301.0 730.0 204.0 750.0 197.0 721.0 large-vehicle 0
301.0 732.0 308.0 761.0 207.0 780.0 202.0 753.0 large-vehicle 0
981.0 335.0 981.0 308.0 1070.0 297.0 1074.0 325.0 large-vehicle 0
997.0 396.0 992.0 369.0 1078.0 355.0 1083.0 384.0 large-vehicle 0
155.0 992.0 134.0 996.0 128.0 949.0 148.0 946.0 small-vehicle 1
628.0 572.0 632.0 588.0 596.0 597.0 592.0 580.0 small-vehicle 1
1177.0 992.0 1180.0 1012.0 1129.0 1019.0 1126.0 997.0 small-vehicle 1
1321.0 1166.0 1300.0 1167.0 1296.0 1126.0 1314.0 1124.0 small-vehicle 1
1248.0 1147.0 1268.0 1146.0 1274.0 1183.0 1252.0 1184.0 small-vehicle 1
1228.0 1191.0 1204.0 1195.0 1196.0 1147.0 1217.0 1144.0 small-vehicle 1
446.0 630.0 467.0 625.0 477.0 664.0 457.0 668.0 small-vehicle 1
473.0 626.0 491.0 624.0 498.0 661.0 483.0 664.0 small-vehicle 1
497.0 623.0 517.0 618.0 530.0 660.0 511.0 665.0 small-vehicle 1
583.0 605.0 588.0 627.0 544.0 637.0 538.0 615.0 small-vehicle 1
623.0 554.0 626.0 569.0 591.0 578.0 587.0 563.0 small-vehicle 1
1285.0 1072.0 1257.0 1079.0 1222.0 921.0 1248.0 915.0 large-vehicle 0
619.0 524.0 622.0 540.0 585.0 550.0 580.0 533.0 small-vehicle 1
582.0 529.0 578.0 511.0 623.0 502.0 626.0 521.0 small-vehicle 1
638.0 469.0 640.0 486.0 611.0 492.0 608.0 475.0 small-vehicle 1
1146.0 466.0 1167.0 462.0 1177.0 505.0 1158.0 510.0 small-vehicle 0
1150.0 924.0 1152.0 945.0 1116.0 951.0 1111.0 931.0 small-vehicle 0
816.0 997.0 837.0 990.0 852.0 1033.0 832.0 1040.0 small-vehicle 0
664.0 248.0 682.0 244.0 687.0 290.0 666.0 294.0 small-vehicle 1
112.0 829.0 134.0 828.0 141.0 872.0 118.0 874.0 small-vehicle 1
1218.0 1002.0 1197.0 1003.0 1192.0 953.0 1213.0 952.0 small-vehicle 1
1739.0 1105.0 1758.0 1097.0 1776.0 1135.0 1758.0 1144.0 small-vehicle 1
1740.0 1223.0 1761.0 1217.0 1776.0 1256.0 1757.0 1265.0 small-vehicle 1
1279.0 1289.0 1277.0 1269.0 1314.0 1264.0 1316.0 1284.0 small-vehicle 0
1702.0 920.0 1681.0 928.0 1655.0 877.0 1681.0 866.0 large-vehicle 0
1012.0 733.0 1016.0 753.0 970.0 762.0 966.0 742.0 small-vehicle 0
1065.0 744.0 1061.0 724.0 1110.0 716.0 1113.0 736.0 small-vehicle 0
1287.0 701.0 1284.0 681.0 1333.0 674.0 1336.0 692.0 small-vehicle 0
1513.0 538.0 1496.0 544.0 1479.0 505.0 1497.0 498.0 small-vehicle 0
1410.0 319.0 1392.0 324.0 1375.0 287.0 1392.0 278.0 small-vehicle 1
1338.0 119.0 1328.0 100.0 1372.0 80.0 1382.0 98.0 small-vehicle 1
1288.0 108.0 1274.0 123.0 1244.0 94.0 1256.0 80.0 small-vehicle 1
1435.0 701.0 1430.0 683.0 1471.0 673.0 1478.0 691.0 small-vehicle 1
1219.0 1001.0 1195.0 1001.0 1191.0 952.0 1212.0 951.0 small-vehicle 1
1176.0 992.0 1180.0 1012.0 1129.0 1020.0 1127.0 998.0 small-vehicle 1
1147.0 895.0 1150.0 914.0 1110.0 920.0 1107.0 901.0 small-vehicle 1
178.0 1270.0 202.0 1266.0 212.0 1330.0 184.0 1336.0 large-vehicle 0
149.0 1062.0 167.0 1061.0 172.0 1102.0 152.0 1104.0 small-vehicle 0
716.0 1368.0 714.0 1351.0 755.0 1346.0 757.0 1364.0 small-vehicle 0
232.0 1318.0 212.0 1319.0 208.0 1276.0 227.0 1275.0 small-vehicle 1
699.0 82.0 720.0 80.0 728.0 136.0 703.0 139.0 large-vehicle 0
