imagesource:GoogleEarth
gsd:0.134467642712
76.0 626.0 73.0 606.0 139.0 602.0 140.0 626.0 large-vehicle 0
144.0 580.0 144.0 603.0 78.0 605.0 77.0 582.0 large-vehicle 0
207.0 131.0 203.0 110.0 273.0 101.0 276.0 122.0 large-vehicle 0
264.0 131.0 264.0 154.0 198.0 160.0 195.0 138.0 large-vehicle 0
193.0 186.0 189.0 164.0 253.0 157.0 255.0 179.0 large-vehicle 0
181.0 208.0 180.0 188.0 244.0 187.0 243.0 210.0 large-vehicle 0
173.0 234.0 172.0 214.0 233.0 209.0 233.0 231.0 large-vehicle 0
234.0 234.0 235.0 257.0 174.0 258.0 172.0 236.0 large-vehicle 0
162.0 281.0 159.0 259.0 225.0 256.0 226.0 277.0 large-vehicle 0
221.0 282.0 220.0 302.0 162.0 301.0 163.0 282.0 large-vehicle 0
151.0 334.0 145.0 313.0 209.0 302.0 214.0 325.0 large-vehicle 0
191.0 333.0 192.0 353.0 140.0 359.0 136.0 338.0 large-vehicle 0
136.0 381.0 133.0 362.0 184.0 354.0 187.0 375.0 large-vehicle 0
128.0 407.0 125.0 385.0 176.0 379.0 177.0 400.0 large-vehicle 0
124.0 427.0 120.0 408.0 174.0 400.0 177.0 421.0 large-vehicle 0
175.0 426.0 175.0 447.0 106.0 454.0 102.0 431.0 large-vehicle 0
167.0 452.0 169.0 474.0 101.0 482.0 98.0 458.0 large-vehicle 0
156.0 481.0 157.0 504.0 88.0 508.0 87.0 485.0 large-vehicle 0
170.0 506.0 170.0 526.0 99.0 532.0 97.0 509.0 large-vehicle 0
162.0 531.0 163.0 554.0 94.0 557.0 93.0 535.0 large-vehicle 0
156.0 558.0 154.0 581.0 88.0 581.0 87.0 558.0 large-vehicle 0
291.0 24.0 289.0 42.0 242.0 31.0 246.0 14.0 large-vehicle 0
