imagesource:GoogleEarth
gsd:0.118192337807
132.0 729.0 115.0 716.0 144.0 680.0 162.0 695.0 small-vehicle 1
376.0 675.0 369.0 696.0 312.0 681.0 322.0 655.0 large-vehicle 0
191.0 955.0 165.0 939.0 187.0 890.0 216.0 901.0 large-vehicle 0
297.0 884.0 283.0 909.0 236.0 885.0 248.0 862.0 large-vehicle 0
307.0 860.0 296.0 881.0 247.0 861.0 258.0 839.0 large-vehicle 0
329.0 807.0 319.0 832.0 263.0 815.0 273.0 790.0 large-vehicle 0
316.0 835.0 309.0 856.0 258.0 838.0 270.0 817.0 large-vehicle 0
339.0 784.0 330.0 804.0 279.0 789.0 287.0 768.0 large-vehicle 0
347.0 752.0 342.0 777.0 286.0 761.0 293.0 737.0 large-vehicle 0
358.0 726.0 351.0 752.0 294.0 733.0 303.0 708.0 large-vehicle 0
370.0 701.0 363.0 728.0 307.0 708.0 314.0 684.0 large-vehicle 0
388.0 650.0 380.0 674.0 323.0 652.0 332.0 629.0 large-vehicle 0
139.0 766.0 127.0 748.0 170.0 717.0 182.0 740.0 large-vehicle 0
394.0 619.0 387.0 638.0 330.0 625.0 340.0 601.0 large-vehicle 0
389.0 546.0 417.0 554.0 405.0 605.0 377.0 598.0 large-vehicle 0
439.0 502.0 465.0 517.0 433.0 587.0 404.0 576.0 large-vehicle 0
472.0 502.0 497.0 514.0 463.0 585.0 439.0 575.0 large-vehicle 0
598.0 433.0 625.0 447.0 592.0 530.0 565.0 524.0 large-vehicle 0
636.0 418.0 666.0 426.0 641.0 496.0 612.0 490.0 large-vehicle 0
671.0 417.0 697.0 428.0 669.0 494.0 639.0 483.0 large-vehicle 0
715.0 387.0 740.0 396.0 712.0 477.0 682.0 467.0 large-vehicle 0
755.0 364.0 782.0 374.0 749.0 462.0 719.0 454.0 large-vehicle 0
149.0 806.0 138.0 786.0 182.0 755.0 193.0 775.0 large-vehicle 0
246.0 590.0 222.0 599.0 201.0 549.0 225.0 535.0 large-vehicle 0
306.0 322.0 432.0 322.0 432.0 433.0 306.0 433.0 storage-tank 0
894.0 182.0 886.0 166.0 921.0 150.0 927.0 169.0 small-vehicle 1
171.0 579.0 146.0 594.0 63.0 470.0 89.0 456.0 large-vehicle 0
471.0 391.0 484.0 385.0 492.0 409.0 480.0 413.0 small-vehicle 1
453.0 356.0 468.0 348.0 482.0 381.0 468.0 387.0 small-vehicle 1
436.0 313.0 451.0 306.0 463.0 340.0 450.0 345.0 small-vehicle 1
881.0 164.0 875.0 145.0 917.0 131.0 923.0 148.0 small-vehicle 1
328.0 462.0 342.0 452.0 361.0 480.0 347.0 490.0 small-vehicle 1
735.0 235.0 728.0 216.0 765.0 202.0 771.0 221.0 small-vehicle 1
460.0 380.0 446.0 389.0 430.0 359.0 444.0 351.0 small-vehicle 1
449.0 397.0 462.0 389.0 476.0 412.0 462.0 422.0 small-vehicle 0
781.0 266.0 789.0 279.0 757.0 297.0 749.0 286.0 small-vehicle 0
319.0 515.0 327.0 539.0 276.0 564.0 263.0 540.0 large-vehicle 0
789.0 103.0 806.0 100.0 817.0 141.0 800.0 144.0 small-vehicle 1
769.0 110.0 783.0 106.0 794.0 142.0 778.0 146.0 small-vehicle 1
818.0 120.0 831.0 115.0 842.0 144.0 826.0 149.0 small-vehicle 1
837.0 115.0 852.0 109.0 866.0 141.0 850.0 147.0 small-vehicle 1
726.0 128.0 740.0 121.0 759.0 154.0 743.0 163.0 small-vehicle 0
742.0 254.0 737.0 242.0 773.0 226.0 778.0 240.0 small-vehicle 0
714.0 202.0 709.0 186.0 742.0 173.0 748.0 187.0 small-vehicle 0
90.0 669.0 102.0 690.0 57.0 721.0 41.0 697.0 large-vehicle 0
203.0 586.0 179.0 597.0 156.0 551.0 181.0 539.0 large-vehicle 0
787.0 362.0 818.0 371.0 787.0 442.0 759.0 430.0 large-vehicle 0
