imagesource:GoogleEarth
gsd:0.108927234905
1577.0 464.0 1555.0 459.0 1565.0 414.0 1586.0 421.0 small-vehicle 1
1763.0 778.0 1742.0 778.0 1742.0 737.0 1764.0 738.0 small-vehicle 0
1786.0 1526.0 1812.0 1527.0 1810.0 1594.0 1782.0 1594.0 ship 0
1034.0 1592.0 1051.0 1591.0 1053.0 1630.0 1038.0 1631.0 small-vehicle 0
643.0 1549.0 659.0 1550.0 656.0 1588.0 638.0 1587.0 small-vehicle 0
587.0 1143.0 603.0 1145.0 599.0 1180.0 582.0 1176.0 small-vehicle 0
380.0 492.0 383.0 475.0 454.0 491.0 450.0 508.0 large-vehicle 0
1726.0 939.0 1754.0 941.0 1750.0 1012.0 1721.0 1009.0 large-vehicle 0
1735.0 1224.0 1712.0 1219.0 1719.0 1166.0 1744.0 1170.0 large-vehicle 0
1621.0 362.0 1604.0 355.0 1615.0 314.0 1635.0 319.0 large-vehicle 0
1650.0 371.0 1629.0 359.0 1643.0 312.0 1667.0 321.0 large-vehicle 0
1679.0 388.0 1657.0 379.0 1670.0 328.0 1690.0 335.0 large-vehicle 0
1721.0 392.0 1691.0 387.0 1699.0 321.0 1728.0 325.0 large-vehicle 0
1852.0 115.0 1879.0 121.0 1864.0 327.0 1835.0 328.0 ship 0
1834.0 477.0 1884.0 481.0 1875.0 707.0 1831.0 708.0 ship 0
1812.0 965.0 1836.0 970.0 1826.0 1174.0 1802.0 1172.0 ship 0
761.0 1434.0 761.0 1410.0 817.0 1412.0 816.0 1436.0 large-vehicle 0
833.0 734.0 838.0 709.0 928.0 725.0 922.0 752.0 large-vehicle 0
803.0 630.0 796.0 662.0 699.0 637.0 708.0 608.0 large-vehicle 0
722.0 603.0 731.0 577.0 827.0 598.0 821.0 625.0 large-vehicle 0
848.0 572.0 841.0 600.0 748.0 577.0 754.0 550.0 large-vehicle 0
1740.0 1115.0 1721.0 1113.0 1722.0 1067.0 1743.0 1069.0 large-vehicle 0
1478.0 1428.0 1481.0 1448.0 1429.0 1456.0 1425.0 1436.0 large-vehicle 0
1757.0 830.0 1741.0 827.0 1744.0 786.0 1759.0 785.0 small-vehicle 0
1334.0 1471.0 1328.0 1450.0 1367.0 1441.0 1373.0 1462.0 small-vehicle 1
1734.0 847.0 1754.0 848.0 1751.0 887.0 1732.0 886.0 small-vehicle 0
1741.0 1049.0 1725.0 1048.0 1727.0 1009.0 1745.0 1011.0 small-vehicle 0
1719.0 1117.0 1735.0 1117.0 1740.0 1150.0 1722.0 1150.0 small-vehicle 0
1797.0 1330.0 1824.0 1335.0 1815.0 1451.0 1785.0 1448.0 ship 0
1801.0 1223.0 1831.0 1225.0 1827.0 1322.0 1797.0 1319.0 ship 0
1859.0 464.0 1836.0 463.0 1841.0 328.0 1862.0 329.0 ship 0
1586.0 247.0 1593.0 231.0 1631.0 241.0 1626.0 258.0 small-vehicle 1
1573.0 1427.0 1563.0 1409.0 1603.0 1391.0 1612.0 1409.0 small-vehicle 1
1251.0 1476.0 1247.0 1460.0 1282.0 1455.0 1284.0 1472.0 small-vehicle 1
1681.0 1307.0 1697.0 1316.0 1676.0 1353.0 1657.0 1344.0 large-vehicle 0
638.0 1649.0 622.0 1645.0 635.0 1608.0 649.0 1612.0 small-vehicle 1
225.0 591.0 202.0 587.0 213.0 546.0 234.0 551.0 small-vehicle 1
189.0 760.0 167.0 757.0 176.0 713.0 197.0 717.0 small-vehicle 1
200.0 863.0 205.0 840.0 245.0 852.0 241.0 873.0 small-vehicle 1
294.0 728.0 300.0 710.0 344.0 720.0 341.0 738.0 small-vehicle 1
1852.0 883.0 1817.0 879.0 1824.0 750.0 1858.0 750.0 ship 0
1779.0 581.0 1752.0 581.0 1756.0 517.0 1781.0 519.0 small-vehicle 0
1747.0 936.0 1731.0 934.0 1733.0 896.0 1748.0 898.0 small-vehicle 0
942.0 564.0 936.0 592.0 850.0 572.0 855.0 541.0 large-vehicle 0
