imagesource:GoogleEarth
gsd:0.281361664102
596.0 927.0 605.0 927.0 605.0 945.0 595.0 945.0 small-vehicle 0
315.0 422.0 358.0 424.0 355.0 510.0 312.0 509.0 tennis-court 0
124.0 607.0 123.0 630.0 81.0 628.0 81.0 605.0 tennis-court 0
146.0 591.0 190.0 592.0 188.0 679.0 144.0 676.0 tennis-court 0
125.0 577.0 124.0 600.0 82.0 598.0 83.0 576.0 tennis-court 0
216.0 463.0 259.0 464.0 256.0 552.0 213.0 550.0 tennis-court 0
152.0 461.0 195.0 462.0 192.0 550.0 148.0 548.0 tennis-court 0
379.0 423.0 424.0 425.0 420.0 514.0 377.0 511.0 tennis-court 1
384.0 294.0 426.0 296.0 425.0 383.0 382.0 382.0 tennis-court 0
122.0 667.0 122.0 688.0 79.0 687.0 79.0 665.0 tennis-court 0
320.0 292.0 362.0 294.0 360.0 381.0 317.0 380.0 tennis-court 0
188.0 331.0 231.0 333.0 228.0 421.0 185.0 420.0 tennis-court 0
122.0 329.0 166.0 330.0 163.0 418.0 119.0 417.0 tennis-court 0
256.0 181.0 299.0 183.0 297.0 271.0 254.0 269.0 tennis-court 0
192.0 180.0 234.0 182.0 233.0 270.0 190.0 267.0 tennis-court 0
126.0 200.0 169.0 201.0 166.0 288.0 125.0 287.0 tennis-court 0
123.0 637.0 122.0 659.0 81.0 658.0 81.0 636.0 tennis-court 0
249.0 746.0 292.0 747.0 290.0 834.0 247.0 833.0 tennis-court 0
587.0 926.0 596.0 926.0 595.0 942.0 586.0 942.0 small-vehicle 0
376.0 555.0 420.0 556.0 417.0 642.0 374.0 641.0 tennis-court 1
576.0 924.0 585.0 924.0 584.0 943.0 575.0 943.0 small-vehicle 0
546.0 922.0 557.0 923.0 556.0 941.0 546.0 941.0 small-vehicle 0
595.0 921.0 586.0 921.0 586.0 902.0 596.0 903.0 small-vehicle 0
568.0 903.0 577.0 904.0 576.0 922.0 567.0 922.0 small-vehicle 0
557.0 903.0 567.0 903.0 566.0 922.0 557.0 922.0 small-vehicle 0
537.0 904.0 548.0 904.0 547.0 924.0 537.0 925.0 small-vehicle 0
311.0 551.0 354.0 553.0 351.0 641.0 309.0 640.0 tennis-court 1
315.0 748.0 357.0 749.0 355.0 835.0 312.0 835.0 tennis-court 0
310.0 878.0 354.0 879.0 351.0 966.0 307.0 966.0 tennis-court 0
246.0 876.0 289.0 878.0 286.0 966.0 243.0 964.0 tennis-court 0
180.0 907.0 222.0 908.0 220.0 995.0 177.0 994.0 tennis-court 0
115.0 904.0 157.0 906.0 155.0 994.0 112.0 991.0 tennis-court 0
53.0 771.0 97.0 773.0 92.0 860.0 51.0 858.0 tennis-court 0
120.0 774.0 162.0 775.0 158.0 863.0 116.0 861.0 tennis-court 0
61.0 198.0 102.0 199.0 102.0 287.0 58.0 286.0 tennis-court 0
