imagesource:GoogleEarth
gsd:0.279625656954
617.0 77.0 623.0 70.0 638.0 82.0 633.0 88.0 small-vehicle 0
425.0 549.0 424.0 539.0 466.0 542.0 466.0 551.0 large-vehicle 0
337.0 622.0 337.0 612.0 379.0 616.0 378.0 626.0 large-vehicle 0
333.0 606.0 323.0 606.0 324.0 565.0 334.0 566.0 large-vehicle 0
347.0 593.0 337.0 593.0 339.0 551.0 349.0 551.0 large-vehicle 0
367.0 597.0 367.0 588.0 409.0 592.0 408.0 602.0 large-vehicle 0
362.0 581.0 352.0 581.0 353.0 540.0 363.0 540.0 large-vehicle 0
377.0 568.0 367.0 568.0 366.0 528.0 376.0 527.0 large-vehicle 0
380.0 585.0 381.0 576.0 422.0 579.0 422.0 588.0 large-vehicle 0
394.0 572.0 395.0 562.0 437.0 567.0 437.0 577.0 large-vehicle 0
409.0 561.0 410.0 551.0 452.0 554.0 451.0 564.0 large-vehicle 0
393.0 556.0 383.0 556.0 384.0 516.0 394.0 517.0 large-vehicle 0
408.0 543.0 398.0 544.0 399.0 502.0 408.0 502.0 large-vehicle 0
421.0 530.0 412.0 531.0 412.0 489.0 422.0 490.0 large-vehicle 0
304.0 632.0 294.0 631.0 295.0 590.0 305.0 590.0 large-vehicle 0
436.0 518.0 426.0 518.0 426.0 478.0 437.0 478.0 large-vehicle 0
452.0 522.0 454.0 512.0 495.0 516.0 495.0 526.0 large-vehicle 0
441.0 535.0 442.0 525.0 483.0 530.0 483.0 539.0 large-vehicle 0
469.0 510.0 470.0 500.0 512.0 505.0 511.0 515.0 large-vehicle 0
466.0 493.0 457.0 493.0 457.0 459.0 467.0 460.0 large-vehicle 0
479.0 482.0 469.0 481.0 471.0 448.0 481.0 448.0 large-vehicle 0
495.0 467.0 485.0 467.0 485.0 434.0 496.0 434.0 large-vehicle 0
509.0 456.0 499.0 456.0 500.0 422.0 510.0 422.0 large-vehicle 0
484.0 498.0 485.0 487.0 527.0 492.0 526.0 502.0 large-vehicle 0
497.0 485.0 498.0 474.0 534.0 479.0 534.0 489.0 large-vehicle 0
524.0 444.0 514.0 444.0 515.0 403.0 525.0 403.0 large-vehicle 0
319.0 619.0 309.0 619.0 310.0 584.0 320.0 584.0 large-vehicle 0
322.0 635.0 322.0 625.0 363.0 629.0 363.0 639.0 large-vehicle 0
776.0 239.0 771.0 245.0 755.0 232.0 761.0 224.0 small-vehicle 1
176.0 760.0 176.0 751.0 219.0 754.0 219.0 763.0 large-vehicle 0
125.0 776.0 116.0 775.0 117.0 746.0 127.0 746.0 large-vehicle 0
140.0 768.0 132.0 768.0 132.0 735.0 141.0 735.0 large-vehicle 0
155.0 759.0 145.0 759.0 147.0 729.0 157.0 729.0 large-vehicle 0
170.0 742.0 160.0 742.0 162.0 699.0 171.0 699.0 large-vehicle 0
185.0 731.0 175.0 731.0 177.0 688.0 186.0 688.0 large-vehicle 0
201.0 719.0 191.0 718.0 193.0 676.0 202.0 677.0 large-vehicle 0
215.0 707.0 205.0 707.0 207.0 664.0 216.0 664.0 large-vehicle 0
117.0 809.0 118.0 801.0 159.0 806.0 159.0 814.0 large-vehicle 0
132.0 798.0 133.0 788.0 175.0 791.0 174.0 800.0 large-vehicle 0
144.0 785.0 145.0 775.0 187.0 781.0 186.0 790.0 large-vehicle 0
160.0 772.0 161.0 763.0 203.0 767.0 202.0 777.0 large-vehicle 0
190.0 747.0 190.0 737.0 232.0 742.0 230.0 751.0 large-vehicle 0
308.0 646.0 308.0 636.0 350.0 642.0 350.0 651.0 large-vehicle 0
203.0 734.0 203.0 725.0 245.0 729.0 244.0 738.0 large-vehicle 0
218.0 722.0 218.0 713.0 259.0 716.0 260.0 725.0 large-vehicle 0
234.0 711.0 234.0 701.0 276.0 704.0 276.0 713.0 large-vehicle 0
249.0 699.0 248.0 689.0 290.0 691.0 290.0 701.0 large-vehicle 0
229.0 694.0 219.0 693.0 222.0 651.0 231.0 652.0 large-vehicle 0
245.0 681.0 235.0 681.0 236.0 640.0 245.0 639.0 large-vehicle 0
260.0 667.0 250.0 667.0 252.0 625.0 262.0 626.0 large-vehicle 0
265.0 685.0 265.0 675.0 307.0 679.0 307.0 688.0 large-vehicle 0
274.0 655.0 264.0 655.0 265.0 613.0 274.0 613.0 large-vehicle 0
292.0 660.0 292.0 650.0 334.0 653.0 334.0 663.0 large-vehicle 0
289.0 644.0 280.0 644.0 281.0 603.0 290.0 602.0 large-vehicle 0
539.0 431.0 528.0 431.0 530.0 389.0 539.0 389.0 large-vehicle 0
557.0 436.0 558.0 425.0 599.0 429.0 598.0 440.0 large-vehicle 0
554.0 417.0 544.0 416.0 546.0 375.0 556.0 375.0 large-vehicle 0
659.0 486.0 649.0 486.0 653.0 442.0 663.0 443.0 large-vehicle 0
501.0 619.0 489.0 619.0 492.0 575.0 502.0 576.0 large-vehicle 0
529.0 599.0 518.0 599.0 519.0 555.0 530.0 557.0 large-vehicle 0
544.0 587.0 534.0 586.0 534.0 544.0 545.0 543.0 large-vehicle 0
558.0 571.0 547.0 571.0 550.0 529.0 560.0 530.0 large-vehicle 0
573.0 561.0 562.0 560.0 564.0 518.0 574.0 518.0 large-vehicle 0
602.0 536.0 592.0 536.0 594.0 492.0 604.0 493.0 large-vehicle 0
617.0 524.0 607.0 524.0 609.0 483.0 617.0 483.0 large-vehicle 0
634.0 510.0 622.0 510.0 622.0 469.0 632.0 469.0 large-vehicle 0
662.0 626.0 669.0 635.0 638.0 663.0 631.0 655.0 large-vehicle 0
747.0 552.0 754.0 561.0 723.0 587.0 716.0 578.0 large-vehicle 0
645.0 498.0 635.0 498.0 638.0 454.0 649.0 454.0 large-vehicle 0
692.0 461.0 681.0 460.0 682.0 427.0 693.0 427.0 large-vehicle 0
572.0 422.0 572.0 412.0 614.0 416.0 614.0 426.0 large-vehicle 0
726.0 182.0 719.0 189.0 692.0 167.0 698.0 159.0 large-vehicle 0
322.0 915.0 329.0 923.0 298.0 949.0 292.0 942.0 large-vehicle 0
284.0 947.0 291.0 956.0 268.0 976.0 261.0 969.0 large-vehicle 1
294.0 98.0 289.0 90.0 308.0 78.0 312.0 86.0 small-vehicle 0
144.0 184.0 152.0 178.0 163.0 196.0 156.0 200.0 small-vehicle 0
391.0 66.0 388.0 72.0 372.0 63.0 376.0 56.0 small-vehicle 0
604.0 73.0 600.0 80.0 587.0 69.0 592.0 63.0 small-vehicle 0
451.0 296.0 457.0 291.0 469.0 305.0 464.0 309.0 small-vehicle 0
429.0 315.0 436.0 310.0 446.0 324.0 440.0 328.0 small-vehicle 0
773.0 198.0 768.0 205.0 755.0 196.0 760.0 188.0 small-vehicle 1
757.0 221.0 751.0 229.0 736.0 218.0 742.0 210.0 small-vehicle 1
486.0 634.0 473.0 634.0 476.0 590.0 488.0 591.0 large-vehicle 0
471.0 649.0 460.0 649.0 461.0 607.0 472.0 608.0 large-vehicle 0
455.0 663.0 443.0 662.0 446.0 619.0 457.0 619.0 large-vehicle 0
439.0 673.0 429.0 674.0 430.0 632.0 442.0 632.0 large-vehicle 0
569.0 406.0 559.0 406.0 559.0 364.0 569.0 364.0 large-vehicle 0
587.0 409.0 587.0 399.0 629.0 403.0 629.0 412.0 large-vehicle 0
584.0 392.0 574.0 392.0 576.0 351.0 586.0 352.0 large-vehicle 0
600.0 396.0 601.0 387.0 644.0 391.0 643.0 401.0 large-vehicle 0
599.0 381.0 588.0 381.0 589.0 339.0 599.0 339.0 large-vehicle 0
616.0 384.0 616.0 374.0 659.0 379.0 659.0 388.0 large-vehicle 0
630.0 372.0 630.0 361.0 672.0 365.0 673.0 374.0 large-vehicle 0
190.0 886.0 180.0 886.0 183.0 844.0 192.0 844.0 large-vehicle 0
206.0 875.0 196.0 875.0 197.0 831.0 207.0 830.0 large-vehicle 0
220.0 860.0 210.0 859.0 213.0 813.0 222.0 813.0 large-vehicle 0
234.0 849.0 224.0 849.0 226.0 806.0 237.0 806.0 large-vehicle 0
249.0 837.0 239.0 837.0 241.0 793.0 252.0 793.0 large-vehicle 0
264.0 824.0 254.0 824.0 255.0 782.0 266.0 781.0 large-vehicle 0
277.0 809.0 267.0 809.0 272.0 767.0 282.0 768.0 large-vehicle 0
293.0 799.0 282.0 799.0 286.0 756.0 296.0 757.0 large-vehicle 0
309.0 786.0 297.0 786.0 300.0 744.0 311.0 744.0 large-vehicle 0
323.0 771.0 312.0 772.0 314.0 728.0 325.0 728.0 large-vehicle 0
337.0 760.0 327.0 760.0 328.0 717.0 339.0 717.0 large-vehicle 0
352.0 749.0 340.0 748.0 343.0 706.0 354.0 706.0 large-vehicle 0
367.0 735.0 357.0 735.0 359.0 691.0 369.0 691.0 large-vehicle 0
382.0 722.0 372.0 722.0 374.0 679.0 384.0 680.0 large-vehicle 0
397.0 711.0 386.0 711.0 389.0 669.0 399.0 670.0 large-vehicle 0
427.0 686.0 417.0 686.0 417.0 642.0 427.0 643.0 large-vehicle 0
113.0 793.0 103.0 793.0 104.0 752.0 114.0 752.0 large-vehicle 0
