imagesource:GoogleEarth
gsd:0.289159985443
107.0 958.0 107.0 964.0 90.0 967.0 89.0 960.0 small-vehicle 1
129.0 958.0 129.0 966.0 113.0 967.0 113.0 959.0 small-vehicle 1
301.0 218.0 292.0 219.0 290.0 178.0 299.0 178.0 large-vehicle 0
289.0 223.0 280.0 223.0 279.0 176.0 288.0 176.0 large-vehicle 0
159.0 907.0 151.0 914.0 128.0 887.0 134.0 880.0 large-vehicle 0
136.0 880.0 143.0 873.0 175.0 909.0 166.0 916.0 large-vehicle 0
153.0 881.0 160.0 874.0 192.0 908.0 185.0 916.0 large-vehicle 0
169.0 880.0 177.0 872.0 209.0 908.0 201.0 914.0 large-vehicle 0
187.0 879.0 194.0 872.0 224.0 908.0 216.0 915.0 large-vehicle 0
245.0 883.0 244.0 872.0 289.0 870.0 289.0 882.0 large-vehicle 1
241.0 870.0 241.0 859.0 289.0 858.0 289.0 868.0 large-vehicle 1
240.0 856.0 239.0 846.0 284.0 845.0 284.0 855.0 large-vehicle 1
224.0 844.0 224.0 833.0 271.0 831.0 272.0 842.0 large-vehicle 1
223.0 826.0 223.0 817.0 267.0 818.0 267.0 827.0 large-vehicle 0
255.0 750.0 244.0 750.0 246.0 703.0 256.0 703.0 large-vehicle 0
246.0 657.0 254.0 664.0 222.0 698.0 215.0 691.0 large-vehicle 0
245.0 641.0 252.0 647.0 221.0 682.0 214.0 675.0 large-vehicle 0
220.0 667.0 211.0 660.0 241.0 623.0 249.0 630.0 large-vehicle 0
207.0 661.0 199.0 667.0 172.0 631.0 179.0 624.0 large-vehicle 0
208.0 679.0 200.0 685.0 170.0 649.0 179.0 642.0 large-vehicle 0
124.0 663.0 129.0 670.0 89.0 696.0 83.0 687.0 large-vehicle 0
125.0 647.0 131.0 656.0 90.0 681.0 84.0 671.0 large-vehicle 0
122.0 630.0 129.0 639.0 89.0 666.0 84.0 658.0 large-vehicle 0
318.0 224.0 309.0 226.0 304.0 181.0 314.0 179.0 large-vehicle 0
333.0 225.0 324.0 226.0 319.0 180.0 328.0 179.0 large-vehicle 0
348.0 227.0 337.0 228.0 333.0 181.0 343.0 180.0 large-vehicle 0
328.0 737.0 328.0 746.0 309.0 747.0 309.0 738.0 small-vehicle 1
129.0 926.0 129.0 934.0 112.0 935.0 111.0 927.0 small-vehicle 1
157.0 927.0 156.0 934.0 143.0 934.0 143.0 927.0 small-vehicle 1
115.0 913.0 106.0 913.0 105.0 891.0 115.0 891.0 small-vehicle 1
96.0 892.0 105.0 892.0 105.0 910.0 97.0 910.0 small-vehicle 1
95.0 913.0 85.0 912.0 85.0 892.0 94.0 892.0 small-vehicle 1
94.0 891.0 85.0 890.0 86.0 869.0 94.0 870.0 small-vehicle 1
41.0 882.0 33.0 881.0 33.0 863.0 41.0 863.0 small-vehicle 1
324.0 750.0 323.0 758.0 307.0 759.0 307.0 750.0 small-vehicle 1
276.0 764.0 268.0 764.0 268.0 746.0 276.0 746.0 small-vehicle 1
350.0 643.0 357.0 643.0 357.0 659.0 350.0 659.0 small-vehicle 1
297.0 361.0 306.0 360.0 308.0 405.0 300.0 405.0 large-vehicle 0
344.0 643.0 349.0 647.0 340.0 659.0 335.0 656.0 small-vehicle 1
335.0 645.0 328.0 642.0 335.0 625.0 341.0 629.0 small-vehicle 1
115.0 602.0 115.0 611.0 93.0 612.0 93.0 603.0 small-vehicle 1
294.0 621.0 294.0 613.0 313.0 613.0 313.0 622.0 small-vehicle 1
368.0 353.0 377.0 353.0 379.0 398.0 369.0 398.0 large-vehicle 0
353.0 353.0 363.0 353.0 364.0 398.0 354.0 398.0 large-vehicle 0
338.0 354.0 349.0 354.0 351.0 401.0 341.0 400.0 large-vehicle 0
321.0 355.0 331.0 354.0 335.0 401.0 326.0 401.0 large-vehicle 0
309.0 360.0 319.0 359.0 323.0 404.0 313.0 405.0 large-vehicle 0
121.0 615.0 128.0 624.0 89.0 653.0 83.0 644.0 large-vehicle 0
