imagesource:GoogleEarth
gsd:0.264400511084
680.0 131.0 675.0 136.0 661.0 121.0 667.0 116.0 small-vehicle 1
52.0 205.0 41.0 204.0 43.0 177.0 54.0 178.0 small-vehicle 0
160.0 78.0 153.0 84.0 139.0 65.0 146.0 59.0 small-vehicle 0
169.0 69.0 161.0 75.0 150.0 61.0 157.0 55.0 small-vehicle 0
156.0 52.0 164.0 45.0 178.0 61.0 171.0 68.0 small-vehicle 0
187.0 54.0 180.0 59.0 167.0 44.0 174.0 38.0 small-vehicle 0
177.0 36.0 182.0 31.0 196.0 47.0 190.0 52.0 small-vehicle 0
181.0 29.0 190.0 23.0 203.0 38.0 195.0 46.0 small-vehicle 0
191.0 22.0 197.0 14.0 211.0 30.0 206.0 37.0 small-vehicle 0
255.0 60.0 247.0 52.0 262.0 38.0 269.0 46.0 small-vehicle 0
257.0 116.0 249.0 123.0 233.0 102.0 240.0 96.0 small-vehicle 0
299.0 79.0 293.0 86.0 279.0 70.0 286.0 64.0 small-vehicle 0
309.0 72.0 302.0 78.0 285.0 59.0 291.0 52.0 small-vehicle 0
314.0 62.0 308.0 69.0 295.0 56.0 302.0 49.0 small-vehicle 0
319.0 52.0 312.0 58.0 299.0 42.0 307.0 36.0 small-vehicle 0
331.0 44.0 322.0 52.0 304.0 30.0 312.0 23.0 small-vehicle 0
38.0 190.0 29.0 191.0 29.0 168.0 38.0 168.0 small-vehicle 0
260.0 530.0 254.0 537.0 237.0 523.0 243.0 515.0 small-vehicle 0
107.0 240.0 100.0 246.0 86.0 236.0 92.0 228.0 small-vehicle 0
118.0 236.0 110.0 241.0 97.0 224.0 104.0 219.0 small-vehicle 0
123.0 224.0 116.0 231.0 104.0 217.0 111.0 211.0 small-vehicle 0
131.0 181.0 138.0 175.0 150.0 190.0 144.0 196.0 small-vehicle 0
123.0 187.0 129.0 181.0 140.0 194.0 134.0 200.0 small-vehicle 0
119.0 198.0 125.0 192.0 140.0 207.0 134.0 213.0 small-vehicle 0
180.0 211.0 188.0 206.0 200.0 222.0 192.0 227.0 small-vehicle 0
196.0 200.0 204.0 194.0 215.0 211.0 207.0 216.0 small-vehicle 0
205.0 194.0 212.0 188.0 225.0 203.0 218.0 209.0 small-vehicle 0
206.0 479.0 199.0 487.0 186.0 473.0 193.0 466.0 small-vehicle 0
236.0 460.0 229.0 468.0 210.0 450.0 217.0 442.0 small-vehicle 0
245.0 449.0 238.0 457.0 220.0 442.0 227.0 433.0 small-vehicle 0
265.0 492.0 272.0 486.0 287.0 501.0 282.0 507.0 small-vehicle 0
258.0 500.0 263.0 494.0 278.0 508.0 274.0 514.0 small-vehicle 0
151.0 84.0 145.0 90.0 133.0 75.0 140.0 69.0 small-vehicle 0
143.0 92.0 138.0 98.0 124.0 86.0 130.0 79.0 small-vehicle 0
91.0 150.0 89.0 140.0 106.0 137.0 107.0 148.0 small-vehicle 0
10.0 100.0 17.0 93.0 30.0 109.0 23.0 114.0 small-vehicle 0
241.0 258.0 248.0 251.0 288.0 290.0 281.0 298.0 large-vehicle 0
257.0 243.0 264.0 236.0 305.0 277.0 298.0 284.0 large-vehicle 0
269.0 235.0 276.0 228.0 309.0 262.0 302.0 269.0 large-vehicle 0
275.0 227.0 283.0 220.0 325.0 261.0 317.0 269.0 large-vehicle 0
285.0 217.0 293.0 210.0 327.0 245.0 319.0 252.0 large-vehicle 0
295.0 207.0 302.0 201.0 347.0 245.0 340.0 252.0 large-vehicle 0
304.0 201.0 312.0 192.0 354.0 233.0 347.0 241.0 large-vehicle 0
313.0 192.0 320.0 186.0 365.0 226.0 357.0 235.0 large-vehicle 0
321.0 181.0 330.0 174.0 374.0 218.0 366.0 225.0 large-vehicle 0
330.0 172.0 339.0 164.0 385.0 209.0 377.0 217.0 large-vehicle 0
344.0 162.0 353.0 156.0 394.0 202.0 385.0 209.0 large-vehicle 0
353.0 155.0 361.0 148.0 397.0 187.0 390.0 194.0 large-vehicle 0
363.0 147.0 371.0 140.0 408.0 179.0 401.0 186.0 large-vehicle 0
372.0 140.0 382.0 133.0 417.0 173.0 409.0 180.0 large-vehicle 0
434.0 161.0 428.0 153.0 454.0 132.0 460.0 140.0 large-vehicle 0
364.0 72.0 357.0 64.0 396.0 28.0 403.0 34.0 large-vehicle 0
374.0 80.0 368.0 73.0 407.0 38.0 414.0 46.0 large-vehicle 0
382.0 95.0 375.0 86.0 417.0 53.0 424.0 62.0 large-vehicle 0
394.0 105.0 387.0 97.0 437.0 60.0 444.0 70.0 large-vehicle 0
491.0 156.0 484.0 150.0 524.0 113.0 531.0 120.0 large-vehicle 0
501.0 166.0 494.0 159.0 531.0 129.0 538.0 137.0 large-vehicle 0
512.0 182.0 506.0 175.0 545.0 139.0 552.0 146.0 large-vehicle 0
521.0 192.0 514.0 185.0 560.0 144.0 567.0 153.0 large-vehicle 0
456.0 225.0 451.0 217.0 493.0 183.0 499.0 191.0 large-vehicle 0
465.0 234.0 459.0 225.0 509.0 188.0 516.0 197.0 large-vehicle 0
473.0 242.0 467.0 234.0 517.0 198.0 523.0 207.0 large-vehicle 0
489.0 249.0 481.0 241.0 527.0 204.0 534.0 213.0 large-vehicle 0
321.0 276.0 327.0 284.0 288.0 320.0 282.0 312.0 large-vehicle 0
327.0 285.0 335.0 292.0 299.0 329.0 292.0 321.0 large-vehicle 0
220.0 536.0 212.0 543.0 198.0 530.0 206.0 522.0 small-vehicle 0
339.0 37.0 332.0 44.0 319.0 28.0 327.0 22.0 small-vehicle 0
645.0 323.0 639.0 330.0 622.0 313.0 629.0 306.0 small-vehicle 1
464.0 353.0 472.0 347.0 489.0 366.0 482.0 372.0 small-vehicle 1
121.0 23.0 114.0 29.0 99.0 13.0 106.0 7.0 small-vehicle 1
74.0 56.0 67.0 61.0 52.0 47.0 58.0 41.0 small-vehicle 1
552.0 176.0 558.0 171.0 570.0 185.0 564.0 189.0 small-vehicle 1
544.0 184.0 550.0 179.0 561.0 190.0 556.0 195.0 small-vehicle 1
577.0 192.0 584.0 187.0 595.0 203.0 590.0 207.0 small-vehicle 1
556.0 164.0 565.0 156.0 580.0 176.0 572.0 182.0 large-vehicle 0
202.0 281.0 196.0 287.0 182.0 273.0 188.0 267.0 small-vehicle 1
23.0 339.0 18.0 346.0 3.0 335.0 9.0 327.0 small-vehicle 1
58.0 348.0 63.0 353.0 52.0 368.0 46.0 362.0 small-vehicle 1
64.0 353.0 72.0 359.0 60.0 374.0 53.0 368.0 small-vehicle 1
72.0 360.0 79.0 368.0 66.0 380.0 59.0 373.0 small-vehicle 1
531.0 270.0 524.0 277.0 510.0 261.0 516.0 255.0 small-vehicle 1
528.0 300.0 536.0 294.0 551.0 311.0 543.0 317.0 small-vehicle 1
476.0 285.0 482.0 279.0 498.0 296.0 492.0 301.0 small-vehicle 1
628.0 367.0 622.0 373.0 609.0 359.0 615.0 353.0 small-vehicle 1
348.0 32.0 341.0 39.0 327.0 23.0 335.0 16.0 small-vehicle 0
596.0 328.0 604.0 322.0 616.0 338.0 610.0 342.0 small-vehicle 1
579.0 388.0 585.0 381.0 598.0 394.0 591.0 400.0 small-vehicle 1
567.0 423.0 561.0 429.0 548.0 414.0 555.0 409.0 small-vehicle 1
509.0 450.0 502.0 457.0 481.0 436.0 490.0 429.0 small-vehicle 1
412.0 444.0 405.0 435.0 422.0 422.0 428.0 430.0 small-vehicle 1
296.0 454.0 302.0 448.0 316.0 461.0 309.0 468.0 small-vehicle 1
375.0 484.0 382.0 491.0 371.0 504.0 364.0 498.0 small-vehicle 1
396.0 505.0 403.0 513.0 391.0 525.0 383.0 519.0 small-vehicle 1
468.0 542.0 463.0 537.0 476.0 522.0 481.0 529.0 small-vehicle 1
478.0 549.0 471.0 544.0 484.0 529.0 490.0 534.0 small-vehicle 1
421.0 530.0 429.0 537.0 414.0 553.0 406.0 546.0 small-vehicle 1
608.0 509.0 615.0 501.0 633.0 516.0 628.0 524.0 small-vehicle 1
599.0 532.0 605.0 524.0 620.0 536.0 616.0 542.0 small-vehicle 1
641.0 331.0 649.0 325.0 662.0 342.0 655.0 348.0 small-vehicle 1
136.0 19.0 130.0 25.0 111.0 7.0 117.0 0.0 small-vehicle 1
682.0 77.0 690.0 70.0 702.0 84.0 696.0 91.0 small-vehicle 0
660.0 99.0 666.0 92.0 680.0 107.0 675.0 113.0 small-vehicle 0
552.0 281.0 561.0 274.0 575.0 292.0 568.0 300.0 small-vehicle 0
336.0 15.0 343.0 9.0 359.0 27.0 352.0 33.0 small-vehicle 0
344.0 9.0 352.0 3.0 365.0 19.0 358.0 26.0 small-vehicle 0
428.0 108.0 435.0 116.0 421.0 128.0 414.0 121.0 small-vehicle 0
349.0 426.0 341.0 419.0 354.0 404.0 361.0 410.0 small-vehicle 0
368.0 450.0 360.0 442.0 375.0 427.0 382.0 436.0 small-vehicle 0
378.0 457.0 369.0 449.0 383.0 431.0 391.0 439.0 small-vehicle 0
384.0 465.0 377.0 457.0 393.0 439.0 401.0 446.0 small-vehicle 0
392.0 473.0 383.0 466.0 397.0 450.0 404.0 458.0 small-vehicle 0
398.0 481.0 391.0 473.0 414.0 450.0 422.0 458.0 small-vehicle 0
404.0 488.0 398.0 480.0 421.0 459.0 428.0 467.0 small-vehicle 0
327.0 526.0 320.0 518.0 337.0 501.0 343.0 509.0 small-vehicle 0
328.0 496.0 321.0 489.0 335.0 476.0 341.0 483.0 small-vehicle 0
346.0 479.0 339.0 472.0 352.0 458.0 359.0 465.0 small-vehicle 0
354.0 488.0 347.0 481.0 359.0 468.0 365.0 475.0 small-vehicle 0
438.0 513.0 429.0 506.0 444.0 490.0 451.0 498.0 small-vehicle 0
445.0 522.0 436.0 515.0 450.0 499.0 458.0 506.0 small-vehicle 0
454.0 529.0 446.0 522.0 459.0 508.0 465.0 514.0 small-vehicle 0
461.0 536.0 453.0 529.0 469.0 512.0 477.0 520.0 small-vehicle 0
509.0 501.0 516.0 508.0 503.0 524.0 495.0 518.0 small-vehicle 0
571.0 394.0 563.0 401.0 548.0 385.0 557.0 377.0 small-vehicle 0
632.0 97.0 624.0 105.0 609.0 89.0 617.0 81.0 small-vehicle 0
576.0 463.0 584.0 455.0 598.0 467.0 592.0 476.0 small-vehicle 0
564.0 492.0 569.0 482.0 586.0 495.0 579.0 504.0 small-vehicle 0
637.0 427.0 628.0 421.0 644.0 400.0 651.0 407.0 small-vehicle 0
681.0 422.0 687.0 413.0 699.0 424.0 694.0 433.0 small-vehicle 0
655.0 286.0 662.0 279.0 675.0 296.0 669.0 303.0 small-vehicle 0
672.0 259.0 681.0 253.0 693.0 267.0 685.0 274.0 small-vehicle 0
685.0 288.0 678.0 295.0 667.0 282.0 674.0 275.0 small-vehicle 0
587.0 275.0 580.0 281.0 566.0 265.0 574.0 258.0 small-vehicle 0
232.0 237.0 223.0 229.0 260.0 197.0 268.0 205.0 large-vehicle 0
