imagesource:GoogleEarth
gsd:0.250701352247
614.0 528.0 620.0 533.0 612.0 547.0 604.0 543.0 small-vehicle 1
228.0 377.0 221.0 380.0 214.0 365.0 221.0 362.0 small-vehicle 1
218.0 323.0 210.0 318.0 220.0 303.0 228.0 308.0 small-vehicle 0
211.0 298.0 218.0 304.0 207.0 319.0 199.0 314.0 small-vehicle 0
198.0 312.0 191.0 306.0 204.0 293.0 210.0 299.0 small-vehicle 0
196.0 283.0 203.0 290.0 190.0 305.0 183.0 299.0 small-vehicle 0
188.0 278.0 194.0 284.0 182.0 298.0 175.0 293.0 small-vehicle 0
178.0 272.0 186.0 278.0 174.0 294.0 167.0 288.0 small-vehicle 0
158.0 96.0 151.0 91.0 162.0 73.0 169.0 78.0 small-vehicle 0
148.0 88.0 139.0 83.0 153.0 64.0 161.0 70.0 small-vehicle 0
141.0 83.0 133.0 77.0 146.0 59.0 154.0 64.0 small-vehicle 0
132.0 75.0 123.0 70.0 136.0 52.0 144.0 57.0 small-vehicle 0
123.0 67.0 115.0 61.0 127.0 47.0 134.0 53.0 small-vehicle 0
118.0 40.0 124.0 46.0 110.0 61.0 104.0 56.0 small-vehicle 0
164.0 8.0 172.0 14.0 161.0 29.0 153.0 24.0 small-vehicle 0
96.0 47.0 89.0 41.0 101.0 26.0 109.0 31.0 small-vehicle 0
105.0 55.0 97.0 49.0 110.0 33.0 117.0 40.0 small-vehicle 0
86.0 40.0 78.0 33.0 91.0 19.0 98.0 26.0 small-vehicle 0
555.0 260.0 583.0 225.0 660.0 284.0 633.0 322.0 tennis-court 0
521.0 307.0 548.0 272.0 624.0 330.0 595.0 367.0 tennis-court 0
484.0 352.0 513.0 317.0 588.0 377.0 560.0 412.0 tennis-court 0
448.0 399.0 476.0 363.0 552.0 423.0 525.0 458.0 tennis-court 0
333.0 309.0 360.0 273.0 438.0 332.0 408.0 367.0 tennis-court 0
368.0 262.0 398.0 227.0 472.0 286.0 445.0 323.0 tennis-court 0
404.0 217.0 433.0 182.0 508.0 241.0 480.0 276.0 tennis-court 0
440.0 171.0 468.0 134.0 545.0 193.0 518.0 230.0 tennis-court 0
324.0 79.0 353.0 45.0 428.0 104.0 401.0 141.0 tennis-court 0
289.0 125.0 317.0 91.0 393.0 150.0 365.0 185.0 tennis-court 0
253.0 172.0 281.0 137.0 357.0 196.0 328.0 232.0 tennis-court 0
227.0 310.0 234.0 316.0 220.0 329.0 215.0 324.0 small-vehicle 0
235.0 316.0 241.0 323.0 230.0 336.0 223.0 329.0 small-vehicle 0
249.0 329.0 256.0 335.0 245.0 350.0 238.0 345.0 small-vehicle 0
654.0 147.0 660.0 153.0 651.0 168.0 643.0 163.0 small-vehicle 0
424.0 487.0 417.0 483.0 425.0 467.0 433.0 471.0 small-vehicle 1
408.0 477.0 401.0 472.0 412.0 456.0 419.0 462.0 small-vehicle 1
393.0 463.0 387.0 459.0 395.0 447.0 401.0 452.0 small-vehicle 1
347.0 426.0 341.0 422.0 351.0 407.0 358.0 412.0 small-vehicle 1
367.0 419.0 372.0 424.0 361.0 438.0 356.0 433.0 small-vehicle 1
455.0 510.0 447.0 505.0 459.0 490.0 466.0 496.0 small-vehicle 0
445.0 507.0 437.0 500.0 451.0 484.0 457.0 491.0 small-vehicle 0
430.0 496.0 421.0 488.0 437.0 468.0 446.0 476.0 small-vehicle 0
381.0 434.0 388.0 439.0 377.0 453.0 370.0 448.0 small-vehicle 0
374.0 424.0 382.0 431.0 370.0 447.0 361.0 440.0 small-vehicle 0
343.0 400.0 351.0 405.0 340.0 421.0 332.0 415.0 small-vehicle 0
687.0 170.0 695.0 175.0 683.0 191.0 675.0 185.0 small-vehicle 0
601.0 177.0 606.0 168.0 624.0 181.0 618.0 190.0 small-vehicle 0
258.0 336.0 265.0 341.0 254.0 356.0 246.0 351.0 small-vehicle 0
579.0 162.0 585.0 153.0 600.0 165.0 594.0 173.0 small-vehicle 0
556.0 144.0 563.0 135.0 581.0 150.0 574.0 158.0 small-vehicle 0
630.0 126.0 638.0 133.0 626.0 147.0 618.0 141.0 small-vehicle 0
614.0 115.0 621.0 121.0 609.0 136.0 601.0 130.0 small-vehicle 0
606.0 109.0 614.0 114.0 601.0 130.0 593.0 125.0 small-vehicle 0
599.0 100.0 607.0 107.0 593.0 124.0 585.0 118.0 small-vehicle 0
591.0 94.0 598.0 100.0 585.0 116.0 578.0 110.0 small-vehicle 0
583.0 86.0 591.0 93.0 576.0 112.0 567.0 106.0 small-vehicle 0
326.0 390.0 333.0 396.0 322.0 410.0 315.0 404.0 small-vehicle 0
297.0 365.0 305.0 371.0 293.0 387.0 285.0 382.0 small-vehicle 0
288.0 358.0 296.0 365.0 285.0 381.0 277.0 375.0 small-vehicle 0
272.0 345.0 282.0 353.0 268.0 371.0 258.0 363.0 small-vehicle 0
216.0 216.0 244.0 182.0 320.0 242.0 292.0 277.0 tennis-court 0
