imagesource:GoogleEarth
gsd:0.24453061056
1410.0 1110.0 1424.0 1113.0 1423.0 1127.0 1409.0 1125.0 swimming-pool 1
1646.0 858.0 1646.0 865.0 1624.0 864.0 1625.0 856.0 small-vehicle 1
1649.0 824.0 1649.0 832.0 1627.0 832.0 1627.0 823.0 small-vehicle 1
1625.0 841.0 1626.0 834.0 1645.0 836.0 1645.0 843.0 small-vehicle 1
1626.0 833.0 1624.0 842.0 1603.0 840.0 1603.0 830.0 small-vehicle 1
1624.0 845.0 1623.0 852.0 1603.0 850.0 1603.0 842.0 small-vehicle 1
1644.0 845.0 1643.0 854.0 1624.0 852.0 1625.0 843.0 small-vehicle 1
1623.0 856.0 1623.0 863.0 1600.0 863.0 1601.0 854.0 small-vehicle 1
1623.0 867.0 1622.0 875.0 1599.0 873.0 1599.0 865.0 small-vehicle 1
1581.0 470.0 1580.0 478.0 1561.0 476.0 1562.0 469.0 small-vehicle 1
1621.0 878.0 1620.0 886.0 1597.0 884.0 1598.0 875.0 small-vehicle 1
1618.0 888.0 1617.0 897.0 1596.0 895.0 1598.0 886.0 small-vehicle 1
1622.0 900.0 1620.0 910.0 1600.0 908.0 1602.0 899.0 small-vehicle 1
1539.0 816.0 1540.0 808.0 1558.0 810.0 1556.0 818.0 small-vehicle 1
1539.0 829.0 1539.0 821.0 1559.0 822.0 1558.0 830.0 small-vehicle 1
1537.0 841.0 1538.0 833.0 1557.0 834.0 1556.0 843.0 small-vehicle 1
1650.0 813.0 1649.0 821.0 1628.0 819.0 1629.0 811.0 small-vehicle 1
1652.0 801.0 1652.0 809.0 1629.0 808.0 1629.0 800.0 small-vehicle 1
1653.0 789.0 1650.0 798.0 1626.0 792.0 1630.0 782.0 small-vehicle 1
1628.0 799.0 1627.0 807.0 1606.0 804.0 1607.0 796.0 small-vehicle 1
1626.0 810.0 1627.0 818.0 1605.0 817.0 1605.0 809.0 small-vehicle 1
1627.0 821.0 1625.0 832.0 1599.0 829.0 1601.0 819.0 small-vehicle 1
1533.0 701.0 1536.0 692.0 1563.0 694.0 1562.0 704.0 small-vehicle 1
1565.0 650.0 1564.0 660.0 1538.0 657.0 1538.0 649.0 small-vehicle 1
1547.0 622.0 1548.0 611.0 1568.0 613.0 1566.0 625.0 small-vehicle 1
1568.0 592.0 1569.0 600.0 1548.0 603.0 1548.0 594.0 small-vehicle 1
1572.0 559.0 1573.0 570.0 1547.0 569.0 1547.0 560.0 small-vehicle 1
1573.0 549.0 1573.0 559.0 1550.0 556.0 1551.0 546.0 small-vehicle 1
1575.0 539.0 1574.0 548.0 1553.0 547.0 1553.0 538.0 small-vehicle 1
1576.0 527.0 1575.0 536.0 1551.0 534.0 1551.0 525.0 small-vehicle 1
1550.0 521.0 1552.0 512.0 1578.0 516.0 1577.0 524.0 small-vehicle 1
1552.0 507.0 1556.0 499.0 1578.0 504.0 1575.0 512.0 small-vehicle 1
1557.0 498.0 1558.0 489.0 1580.0 493.0 1579.0 501.0 small-vehicle 1
1536.0 853.0 1537.0 844.0 1558.0 845.0 1556.0 854.0 small-vehicle 1
1534.0 861.0 1534.0 852.0 1559.0 855.0 1558.0 865.0 small-vehicle 1
1617.0 922.0 1617.0 931.0 1593.0 929.0 1593.0 921.0 small-vehicle 1
80.0 453.0 93.0 455.0 89.0 493.0 77.0 492.0 small-vehicle 0
155.0 1168.0 287.0 1192.0 304.0 1053.0 172.0 1036.0 baseball-diamond 0
534.0 1210.0 422.0 1204.0 429.0 1090.0 546.0 1099.0 baseball-diamond 0
1033.0 652.0 1052.0 482.0 1216.0 504.0 1194.0 675.0 baseball-diamond 0
826.0 877.0 804.0 1019.0 666.0 995.0 697.0 855.0 baseball-diamond 0
315.0 165.0 1036.0 237.0 995.0 599.0 278.0 526.0 ground-track-field 0
397.0 247.0 913.0 294.0 884.0 509.0 372.0 460.0 soccer-ball-field 0
1214.0 785.0 1262.0 789.0 1253.0 884.0 1205.0 882.0 tennis-court 0
1278.0 790.0 1323.0 794.0 1318.0 890.0 1269.0 888.0 tennis-court 0
1342.0 795.0 1389.0 799.0 1382.0 895.0 1332.0 893.0 tennis-court 0
1405.0 801.0 1453.0 805.0 1444.0 901.0 1398.0 898.0 tennis-court 0
1470.0 807.0 1516.0 811.0 1510.0 907.0 1462.0 904.0 tennis-court 0
941.0 795.0 1168.0 822.0 1118.0 1194.0 889.0 1166.0 soccer-ball-field 1
62.0 452.0 76.0 452.0 71.0 490.0 59.0 489.0 small-vehicle 0
58.0 452.0 57.0 463.0 34.0 463.0 34.0 451.0 small-vehicle 0
94.0 453.0 109.0 454.0 104.0 493.0 91.0 493.0 small-vehicle 0
1644.0 868.0 1643.0 877.0 1621.0 877.0 1622.0 868.0 small-vehicle 1
109.0 464.0 123.0 465.0 121.0 492.0 107.0 492.0 small-vehicle 0
137.0 461.0 152.0 462.0 150.0 489.0 136.0 489.0 small-vehicle 0
152.0 468.0 165.0 468.0 165.0 498.0 151.0 498.0 small-vehicle 0
167.0 468.0 180.0 468.0 177.0 500.0 165.0 499.0 small-vehicle 0
221.0 487.0 233.0 491.0 225.0 513.0 214.0 510.0 small-vehicle 0
42.0 1044.0 30.0 1043.0 32.0 1021.0 43.0 1022.0 small-vehicle 0
51.0 476.0 51.0 486.0 34.0 485.0 34.0 476.0 small-vehicle 1
24.0 529.0 31.0 531.0 29.0 550.0 22.0 549.0 small-vehicle 1
1636.0 936.0 1635.0 944.0 1617.0 942.0 1617.0 935.0 small-vehicle 1
1641.0 925.0 1640.0 932.0 1620.0 930.0 1621.0 922.0 small-vehicle 1
1643.0 912.0 1643.0 922.0 1623.0 920.0 1623.0 911.0 small-vehicle 1
1621.0 908.0 1622.0 900.0 1642.0 902.0 1642.0 910.0 small-vehicle 1
1618.0 898.0 1618.0 889.0 1642.0 891.0 1641.0 899.0 small-vehicle 1
1644.0 878.0 1643.0 886.0 1622.0 885.0 1622.0 877.0 small-vehicle 1
1554.0 488.0 1556.0 477.0 1579.0 481.0 1577.0 491.0 small-vehicle 1
1555.0 465.0 1557.0 455.0 1581.0 457.0 1579.0 467.0 small-vehicle 1
1914.0 741.0 1924.0 742.0 1922.0 764.0 1912.0 763.0 small-vehicle 0
1641.0 714.0 1651.0 716.0 1649.0 735.0 1640.0 734.0 small-vehicle 0
1682.0 859.0 1684.0 850.0 1707.0 852.0 1706.0 861.0 small-vehicle 0
1707.0 818.0 1706.0 827.0 1686.0 825.0 1686.0 816.0 small-vehicle 0
1710.0 807.0 1708.0 816.0 1690.0 811.0 1692.0 804.0 small-vehicle 0
1609.0 711.0 1617.0 713.0 1616.0 734.0 1607.0 733.0 small-vehicle 0
1620.0 714.0 1629.0 714.0 1628.0 732.0 1620.0 732.0 small-vehicle 0
1631.0 714.0 1640.0 715.0 1638.0 735.0 1630.0 734.0 small-vehicle 0
1654.0 716.0 1662.0 718.0 1660.0 738.0 1652.0 736.0 small-vehicle 0
1556.0 444.0 1558.0 432.0 1585.0 435.0 1583.0 446.0 small-vehicle 1
1665.0 718.0 1674.0 719.0 1673.0 739.0 1665.0 740.0 small-vehicle 0
1730.0 724.0 1739.0 725.0 1737.0 744.0 1729.0 743.0 small-vehicle 0
1763.0 725.0 1774.0 727.0 1772.0 746.0 1761.0 745.0 small-vehicle 0
1772.0 751.0 1772.0 761.0 1745.0 761.0 1745.0 750.0 small-vehicle 0
1727.0 930.0 1726.0 940.0 1702.0 937.0 1703.0 928.0 small-vehicle 0
1727.0 913.0 1724.0 922.0 1699.0 916.0 1702.0 907.0 small-vehicle 1
1706.0 863.0 1705.0 870.0 1685.0 870.0 1685.0 862.0 small-vehicle 0
1704.0 873.0 1703.0 881.0 1683.0 881.0 1683.0 873.0 small-vehicle 0
1702.0 885.0 1702.0 893.0 1682.0 892.0 1681.0 883.0 small-vehicle 0
1699.0 908.0 1698.0 917.0 1675.0 914.0 1678.0 904.0 small-vehicle 0
1698.0 917.0 1697.0 927.0 1676.0 925.0 1677.0 916.0 small-vehicle 0
1695.0 952.0 1694.0 960.0 1673.0 959.0 1674.0 950.0 small-vehicle 0
1907.0 1078.0 1917.0 1076.0 1921.0 1095.0 1910.0 1096.0 small-vehicle 0
1902.0 1204.0 1897.0 1211.0 1878.0 1197.0 1885.0 1191.0 small-vehicle 0
1691.0 1249.0 1696.0 1242.0 1713.0 1255.0 1709.0 1261.0 small-vehicle 0
1651.0 1248.0 1660.0 1248.0 1659.0 1267.0 1652.0 1267.0 small-vehicle 0
1631.0 1249.0 1638.0 1243.0 1650.0 1259.0 1644.0 1264.0 small-vehicle 0
1805.0 1268.0 1808.0 1261.0 1827.0 1267.0 1824.0 1274.0 small-vehicle 0
1877.0 1211.0 1881.0 1204.0 1900.0 1217.0 1896.0 1222.0 small-vehicle 1
1875.0 1223.0 1882.0 1217.0 1897.0 1231.0 1891.0 1237.0 small-vehicle 1
1895.0 1246.0 1890.0 1253.0 1874.0 1239.0 1879.0 1233.0 small-vehicle 1
1891.0 741.0 1900.0 742.0 1898.0 762.0 1889.0 761.0 small-vehicle 0
1902.0 742.0 1912.0 742.0 1912.0 762.0 1901.0 762.0 small-vehicle 0
1683.0 848.0 1684.0 839.0 1704.0 840.0 1704.0 849.0 small-vehicle 1
1708.0 830.0 1707.0 838.0 1685.0 836.0 1684.0 827.0 small-vehicle 1
1626.0 786.0 1626.0 796.0 1607.0 795.0 1607.0 787.0 small-vehicle 1
1935.0 186.0 1925.0 185.0 1926.0 167.0 1937.0 168.0 small-vehicle 0
1584.0 423.0 1583.0 433.0 1560.0 431.0 1561.0 421.0 small-vehicle 1
1583.0 411.0 1582.0 420.0 1558.0 418.0 1560.0 408.0 small-vehicle 1
1587.0 390.0 1586.0 398.0 1567.0 398.0 1567.0 389.0 small-vehicle 1
1530.0 250.0 1519.0 249.0 1523.0 229.0 1533.0 230.0 small-vehicle 1
1523.0 155.0 1533.0 156.0 1532.0 178.0 1522.0 177.0 small-vehicle 1
1678.0 88.0 1679.0 99.0 1653.0 98.0 1655.0 87.0 small-vehicle 1
1654.0 128.0 1655.0 119.0 1679.0 122.0 1678.0 130.0 small-vehicle 1
1675.0 135.0 1674.0 142.0 1651.0 143.0 1652.0 133.0 small-vehicle 1
1835.0 87.0 1836.0 79.0 1858.0 81.0 1857.0 91.0 small-vehicle 1
1830.0 135.0 1831.0 127.0 1852.0 129.0 1852.0 137.0 small-vehicle 1
1827.0 160.0 1830.0 153.0 1850.0 155.0 1849.0 163.0 small-vehicle 1
1897.0 253.0 1889.0 253.0 1890.0 232.0 1899.0 233.0 small-vehicle 0
1909.0 253.0 1900.0 252.0 1904.0 233.0 1912.0 234.0 small-vehicle 0
1920.0 254.0 1911.0 253.0 1914.0 231.0 1923.0 233.0 small-vehicle 0
1881.0 87.0 1883.0 78.0 1903.0 80.0 1902.0 89.0 small-vehicle 0
1719.0 723.0 1727.0 723.0 1727.0 741.0 1718.0 741.0 small-vehicle 1
1909.0 59.0 1907.0 67.0 1884.0 66.0 1884.0 57.0 small-vehicle 0
1907.0 47.0 1907.0 55.0 1885.0 53.0 1886.0 45.0 small-vehicle 0
1939.0 51.0 1938.0 59.0 1918.0 57.0 1918.0 50.0 small-vehicle 1
1936.0 77.0 1935.0 86.0 1914.0 85.0 1915.0 75.0 small-vehicle 1
1911.0 108.0 1913.0 98.0 1932.0 101.0 1930.0 109.0 small-vehicle 1
1910.0 120.0 1910.0 111.0 1930.0 112.0 1930.0 120.0 small-vehicle 1
1910.0 132.0 1912.0 124.0 1931.0 126.0 1930.0 135.0 small-vehicle 1
1908.0 143.0 1909.0 135.0 1927.0 137.0 1925.0 146.0 small-vehicle 1
1595.0 712.0 1605.0 713.0 1604.0 731.0 1595.0 730.0 small-vehicle 1
1676.0 719.0 1684.0 720.0 1683.0 736.0 1675.0 735.0 small-vehicle 1
1688.0 720.0 1696.0 721.0 1694.0 742.0 1687.0 742.0 small-vehicle 1
1698.0 720.0 1706.0 721.0 1706.0 742.0 1697.0 741.0 small-vehicle 1
1742.0 725.0 1751.0 726.0 1750.0 744.0 1741.0 744.0 small-vehicle 1
1878.0 740.0 1888.0 740.0 1888.0 760.0 1878.0 760.0 small-vehicle 1
206.0 814.0 326.0 826.0 312.0 962.0 187.0 945.0 baseball-diamond 0
