imagesource:GoogleEarth
gsd:0.271359187931
130.0 160.0 135.0 166.0 124.0 176.0 119.0 171.0 small-vehicle 1
124.0 163.0 117.0 157.0 129.0 145.0 135.0 151.0 small-vehicle 1
455.0 85.0 497.0 87.0 495.0 176.0 452.0 175.0 tennis-court 0
532.0 88.0 574.0 89.0 572.0 178.0 529.0 177.0 tennis-court 0
597.0 89.0 639.0 90.0 638.0 179.0 594.0 179.0 tennis-court 0
528.0 236.0 571.0 239.0 568.0 327.0 524.0 325.0 tennis-court 0
593.0 239.0 636.0 240.0 633.0 330.0 589.0 328.0 tennis-court 0
148.0 462.0 191.0 464.0 187.0 553.0 143.0 552.0 tennis-court 0
247.0 472.0 289.0 473.0 287.0 562.0 243.0 562.0 tennis-court 0
391.0 476.0 433.0 478.0 431.0 566.0 388.0 566.0 tennis-court 0
445.0 478.0 489.0 479.0 484.0 569.0 442.0 568.0 tennis-court 0
107.0 616.0 150.0 618.0 147.0 706.0 105.0 705.0 tennis-court 0
160.0 618.0 203.0 619.0 202.0 708.0 157.0 706.0 tennis-court 0
241.0 621.0 284.0 622.0 282.0 711.0 239.0 709.0 tennis-court 0
296.0 621.0 338.0 622.0 336.0 712.0 293.0 711.0 tennis-court 0
198.0 29.0 197.0 37.0 181.0 36.0 181.0 29.0 small-vehicle 1
248.0 31.0 249.0 39.0 230.0 39.0 230.0 31.0 small-vehicle 1
345.0 57.0 338.0 57.0 337.0 41.0 345.0 40.0 small-vehicle 1
356.0 57.0 349.0 58.0 348.0 40.0 356.0 40.0 small-vehicle 1
375.0 57.0 368.0 58.0 368.0 39.0 376.0 38.0 small-vehicle 1
409.0 57.0 401.0 57.0 401.0 39.0 409.0 39.0 small-vehicle 1
390.0 83.0 433.0 84.0 431.0 174.0 387.0 173.0 tennis-court 0
