imagesource:GoogleEarth
gsd:0.139601360489
346.0 437.0 361.0 422.0 426.0 475.0 416.0 487.0 large-vehicle 1
131.0 273.0 145.0 283.0 126.0 312.0 111.0 302.0 small-vehicle 0
366.0 614.0 379.0 625.0 355.0 653.0 342.0 642.0 small-vehicle 0
340.0 642.0 327.0 632.0 348.0 605.0 360.0 615.0 small-vehicle 0
333.0 589.0 346.0 600.0 320.0 633.0 307.0 624.0 small-vehicle 0
417.0 596.0 404.0 586.0 422.0 559.0 436.0 570.0 small-vehicle 0
400.0 588.0 387.0 577.0 407.0 550.0 420.0 561.0 small-vehicle 0
392.0 539.0 404.0 549.0 387.0 574.0 374.0 565.0 small-vehicle 0
375.0 530.0 390.0 542.0 372.0 565.0 358.0 555.0 small-vehicle 0
25.0 419.0 39.0 430.0 20.0 455.0 6.0 446.0 small-vehicle 0
55.0 379.0 68.0 390.0 47.0 421.0 33.0 412.0 small-vehicle 0
82.0 342.0 95.0 352.0 73.0 384.0 59.0 375.0 small-vehicle 0
446.0 78.0 436.0 94.0 405.0 73.0 415.0 57.0 small-vehicle 0
429.0 414.0 418.0 429.0 330.0 369.0 343.0 353.0 large-vehicle 0
237.0 128.0 250.0 139.0 225.0 171.0 212.0 160.0 small-vehicle 0
569.0 363.0 581.0 349.0 645.0 402.0 635.0 417.0 large-vehicle 0
475.0 293.0 487.0 277.0 562.0 327.0 551.0 344.0 large-vehicle 0
263.0 393.0 280.0 404.0 226.0 481.0 208.0 469.0 large-vehicle 0
237.0 377.0 255.0 391.0 198.0 468.0 180.0 454.0 large-vehicle 0
156.0 437.0 135.0 422.0 192.0 344.0 212.0 358.0 large-vehicle 0
364.0 252.0 351.0 269.0 278.0 216.0 289.0 199.0 large-vehicle 0
374.0 230.0 363.0 246.0 286.0 189.0 298.0 173.0 large-vehicle 0
390.0 207.0 379.0 222.0 308.0 172.0 320.0 158.0 large-vehicle 0
405.0 182.0 393.0 200.0 319.0 145.0 331.0 128.0 large-vehicle 0
383.0 625.0 396.0 635.0 376.0 660.0 363.0 651.0 small-vehicle 0
398.0 632.0 413.0 645.0 391.0 673.0 376.0 663.0 small-vehicle 0
323.0 672.0 337.0 684.0 309.0 715.0 297.0 705.0 small-vehicle 0
289.0 650.0 301.0 661.0 281.0 686.0 268.0 676.0 small-vehicle 0
458.0 390.0 445.0 409.0 354.0 342.0 369.0 323.0 large-vehicle 0
104.0 308.0 118.0 318.0 102.0 342.0 88.0 334.0 small-vehicle 1
633.0 93.0 621.0 106.0 592.0 84.0 600.0 71.0 small-vehicle 1
494.0 115.0 484.0 128.0 456.0 107.0 465.0 93.0 small-vehicle 0
696.0 264.0 689.0 276.0 664.0 259.0 672.0 248.0 small-vehicle 0
654.0 549.0 666.0 533.0 696.0 555.0 686.0 572.0 small-vehicle 0
631.0 562.0 640.0 548.0 673.0 571.0 665.0 584.0 small-vehicle 0
623.0 577.0 630.0 565.0 661.0 587.0 655.0 598.0 small-vehicle 0
615.0 598.0 622.0 586.0 661.0 612.0 653.0 624.0 small-vehicle 0
592.0 613.0 602.0 598.0 632.0 624.0 623.0 637.0 small-vehicle 0
578.0 635.0 586.0 622.0 621.0 647.0 613.0 659.0 small-vehicle 0
444.0 577.0 457.0 586.0 441.0 612.0 428.0 604.0 small-vehicle 0
454.0 627.0 439.0 616.0 461.0 586.0 476.0 598.0 small-vehicle 0
478.0 601.0 489.0 611.0 470.0 638.0 458.0 629.0 small-vehicle 0
504.0 667.0 488.0 656.0 510.0 623.0 526.0 634.0 small-vehicle 0
518.0 676.0 504.0 667.0 529.0 632.0 543.0 642.0 small-vehicle 0
534.0 693.0 520.0 682.0 542.0 653.0 555.0 662.0 small-vehicle 0
606.0 742.0 592.0 730.0 620.0 695.0 634.0 708.0 small-vehicle 0
444.0 663.0 458.0 672.0 434.0 707.0 420.0 699.0 small-vehicle 0
412.0 783.0 401.0 773.0 420.0 749.0 431.0 759.0 small-vehicle 0
394.0 770.0 378.0 760.0 404.0 724.0 419.0 737.0 small-vehicle 0
436.0 141.0 422.0 156.0 354.0 104.0 366.0 89.0 large-vehicle 0
