imagesource:GoogleEarth
gsd:0.131262824144
574.0 228.0 558.0 238.0 535.0 199.0 549.0 188.0 small-vehicle 0
420.0 167.0 401.0 180.0 353.0 98.0 372.0 86.0 large-vehicle 0
361.0 324.0 343.0 336.0 296.0 256.0 314.0 245.0 large-vehicle 0
381.0 309.0 359.0 322.0 316.0 241.0 334.0 229.0 large-vehicle 0
405.0 297.0 386.0 310.0 341.0 229.0 360.0 218.0 large-vehicle 0
427.0 287.0 410.0 298.0 363.0 216.0 381.0 206.0 large-vehicle 0
451.0 274.0 431.0 287.0 386.0 204.0 405.0 194.0 large-vehicle 0
474.0 258.0 453.0 271.0 409.0 190.0 427.0 179.0 large-vehicle 0
496.0 247.0 477.0 260.0 431.0 179.0 448.0 168.0 large-vehicle 0
442.0 156.0 425.0 169.0 372.0 87.0 392.0 76.0 large-vehicle 0
398.0 180.0 379.0 194.0 331.0 112.0 349.0 100.0 large-vehicle 0
296.0 360.0 276.0 373.0 230.0 291.0 250.0 281.0 large-vehicle 0
374.0 195.0 355.0 205.0 311.0 122.0 329.0 111.0 large-vehicle 0
354.0 207.0 335.0 219.0 288.0 136.0 308.0 126.0 large-vehicle 0
334.0 219.0 313.0 231.0 265.0 151.0 283.0 138.0 large-vehicle 0
309.0 233.0 290.0 245.0 244.0 164.0 262.0 151.0 large-vehicle 0
287.0 244.0 267.0 257.0 222.0 175.0 241.0 165.0 large-vehicle 0
267.0 258.0 247.0 269.0 201.0 187.0 219.0 176.0 large-vehicle 0
243.0 271.0 223.0 281.0 176.0 199.0 195.0 187.0 large-vehicle 0
221.0 285.0 202.0 296.0 154.0 215.0 174.0 204.0 large-vehicle 0
341.0 338.0 321.0 351.0 276.0 270.0 295.0 257.0 large-vehicle 0
270.0 374.0 249.0 388.0 207.0 306.0 227.0 295.0 large-vehicle 0
520.0 236.0 502.0 245.0 480.0 204.0 497.0 193.0 small-vehicle 0
173.0 686.0 187.0 678.0 207.0 711.0 192.0 720.0 small-vehicle 0
595.0 401.0 577.0 413.0 558.0 378.0 575.0 368.0 small-vehicle 0
551.0 430.0 537.0 440.0 514.0 399.0 530.0 389.0 small-vehicle 0
185.0 846.0 171.0 854.0 157.0 824.0 170.0 816.0 small-vehicle 0
220.0 772.0 235.0 763.0 255.0 800.0 242.0 808.0 small-vehicle 0
137.0 785.0 151.0 777.0 168.0 810.0 155.0 819.0 small-vehicle 0
140.0 768.0 125.0 776.0 103.0 737.0 120.0 728.0 small-vehicle 0
121.0 726.0 106.0 735.0 89.0 699.0 103.0 692.0 small-vehicle 0
194.0 723.0 208.0 712.0 226.0 745.0 213.0 754.0 small-vehicle 0
150.0 647.0 166.0 638.0 182.0 671.0 167.0 679.0 small-vehicle 0
95.0 432.0 83.0 411.0 164.0 366.0 176.0 386.0 large-vehicle 0
97.0 688.0 82.0 696.0 65.0 658.0 79.0 650.0 small-vehicle 0
77.0 375.0 60.0 385.0 33.0 343.0 49.0 333.0 small-vehicle 0
311.0 457.0 331.0 445.0 374.0 525.0 354.0 536.0 large-vehicle 0
270.0 480.0 290.0 469.0 331.0 549.0 312.0 560.0 large-vehicle 0
246.0 494.0 265.0 482.0 309.0 562.0 290.0 574.0 large-vehicle 0
204.0 515.0 222.0 506.0 266.0 587.0 247.0 596.0 large-vehicle 0
251.0 476.0 241.0 456.0 323.0 410.0 331.0 428.0 large-vehicle 0
433.0 414.0 416.0 398.0 480.0 331.0 495.0 345.0 large-vehicle 0
204.0 306.0 184.0 319.0 137.0 236.0 157.0 224.0 large-vehicle 0
