imagesource:GoogleEarth
gsd:0.234853941907
1186.0 495.0 1196.0 492.0 1202.0 516.0 1192.0 519.0 small-vehicle 0
820.0 672.0 823.0 658.0 870.0 669.0 866.0 682.0 large-vehicle 0
478.0 299.0 482.0 285.0 537.0 298.0 534.0 312.0 large-vehicle 0
484.0 318.0 486.0 303.0 542.0 316.0 539.0 329.0 large-vehicle 0
464.0 310.0 472.0 320.0 424.0 353.0 417.0 341.0 large-vehicle 0
493.0 352.0 496.0 339.0 550.0 350.0 546.0 364.0 large-vehicle 0
471.0 343.0 479.0 354.0 431.0 387.0 425.0 375.0 large-vehicle 0
477.0 362.0 485.0 373.0 436.0 403.0 429.0 391.0 large-vehicle 0
480.0 379.0 488.0 391.0 439.0 421.0 432.0 410.0 large-vehicle 0
503.0 387.0 505.0 373.0 559.0 383.0 556.0 395.0 large-vehicle 0
484.0 417.0 492.0 428.0 446.0 461.0 438.0 449.0 large-vehicle 0
518.0 438.0 519.0 423.0 574.0 436.0 572.0 450.0 large-vehicle 0
493.0 433.0 501.0 444.0 453.0 476.0 446.0 464.0 large-vehicle 0
520.0 456.0 523.0 442.0 579.0 454.0 575.0 468.0 large-vehicle 0
523.0 472.0 527.0 458.0 584.0 470.0 580.0 483.0 large-vehicle 0
504.0 464.0 512.0 475.0 465.0 507.0 456.0 497.0 large-vehicle 0
512.0 500.0 520.0 512.0 472.0 542.0 464.0 530.0 large-vehicle 0
533.0 510.0 536.0 495.0 592.0 505.0 590.0 518.0 large-vehicle 0
516.0 517.0 526.0 527.0 479.0 560.0 471.0 548.0 large-vehicle 0
538.0 526.0 542.0 512.0 597.0 521.0 596.0 535.0 large-vehicle 0
527.0 551.0 535.0 563.0 486.0 594.0 479.0 583.0 large-vehicle 0
552.0 544.0 555.0 531.0 611.0 544.0 607.0 556.0 large-vehicle 0
547.0 558.0 549.0 545.0 605.0 556.0 603.0 569.0 large-vehicle 0
457.0 294.0 464.0 306.0 417.0 336.0 411.0 323.0 large-vehicle 0
731.0 425.0 740.0 435.0 698.0 469.0 689.0 458.0 large-vehicle 0
755.0 431.0 758.0 417.0 812.0 427.0 808.0 439.0 large-vehicle 0
765.0 544.0 774.0 557.0 726.0 588.0 718.0 577.0 large-vehicle 0
812.0 638.0 814.0 625.0 870.0 638.0 867.0 651.0 large-vehicle 0
784.0 614.0 793.0 624.0 748.0 659.0 740.0 648.0 large-vehicle 0
779.0 598.0 786.0 609.0 741.0 641.0 733.0 630.0 large-vehicle 0
805.0 621.0 809.0 607.0 864.0 619.0 861.0 631.0 large-vehicle 0
794.0 588.0 797.0 573.0 855.0 583.0 853.0 598.0 large-vehicle 0
774.0 581.0 782.0 591.0 734.0 623.0 727.0 612.0 large-vehicle 0
770.0 562.0 777.0 574.0 730.0 606.0 723.0 594.0 large-vehicle 0
792.0 569.0 795.0 555.0 850.0 568.0 847.0 581.0 large-vehicle 0
787.0 553.0 791.0 538.0 848.0 551.0 844.0 564.0 large-vehicle 0
759.0 528.0 766.0 539.0 718.0 572.0 711.0 561.0 large-vehicle 0
755.0 448.0 757.0 435.0 813.0 446.0 811.0 458.0 large-vehicle 0
753.0 512.0 762.0 522.0 715.0 556.0 707.0 545.0 large-vehicle 0
782.0 536.0 784.0 522.0 839.0 535.0 837.0 548.0 large-vehicle 0
774.0 517.0 777.0 504.0 831.0 517.0 830.0 529.0 large-vehicle 0
770.0 502.0 773.0 487.0 829.0 498.0 826.0 511.0 large-vehicle 0
749.0 494.0 758.0 506.0 710.0 538.0 702.0 528.0 large-vehicle 0
739.0 479.0 749.0 489.0 702.0 523.0 693.0 512.0 large-vehicle 0
770.0 483.0 774.0 469.0 829.0 484.0 825.0 496.0 large-vehicle 0
739.0 460.0 747.0 470.0 699.0 503.0 691.0 491.0 large-vehicle 0
734.0 441.0 742.0 452.0 696.0 486.0 689.0 476.0 large-vehicle 0
549.0 577.0 554.0 563.0 611.0 574.0 607.0 587.0 large-vehicle 0
531.0 569.0 538.0 581.0 490.0 612.0 484.0 601.0 large-vehicle 0
537.0 587.0 544.0 598.0 495.0 629.0 489.0 618.0 large-vehicle 0
266.0 463.0 264.0 477.0 214.0 464.0 218.0 450.0 large-vehicle 0
304.0 586.0 302.0 600.0 249.0 590.0 250.0 576.0 large-vehicle 0
319.0 582.0 322.0 570.0 373.0 583.0 370.0 595.0 large-vehicle 0
317.0 566.0 321.0 552.0 373.0 567.0 370.0 578.0 large-vehicle 0
308.0 530.0 311.0 515.0 362.0 531.0 359.0 544.0 large-vehicle 0
302.0 512.0 306.0 498.0 358.0 514.0 354.0 526.0 large-vehicle 0
275.0 504.0 273.0 517.0 221.0 501.0 225.0 488.0 large-vehicle 0
278.0 485.0 274.0 496.0 222.0 480.0 225.0 467.0 large-vehicle 0
299.0 494.0 301.0 480.0 353.0 496.0 350.0 510.0 large-vehicle 0
295.0 478.0 301.0 464.0 351.0 480.0 348.0 493.0 large-vehicle 0
263.0 448.0 260.0 459.0 207.0 446.0 211.0 432.0 large-vehicle 0
310.0 621.0 308.0 635.0 257.0 623.0 259.0 610.0 large-vehicle 0
296.0 461.0 300.0 447.0 350.0 463.0 346.0 474.0 large-vehicle 0
284.0 441.0 288.0 428.0 338.0 445.0 334.0 456.0 large-vehicle 0
261.0 431.0 258.0 444.0 208.0 431.0 211.0 418.0 large-vehicle 0
275.0 423.0 281.0 409.0 333.0 428.0 330.0 439.0 large-vehicle 0
260.0 413.0 258.0 425.0 208.0 411.0 210.0 399.0 large-vehicle 0
275.0 406.0 278.0 393.0 327.0 408.0 325.0 421.0 large-vehicle 0
272.0 389.0 274.0 376.0 324.0 391.0 321.0 404.0 large-vehicle 0
252.0 398.0 249.0 410.0 199.0 396.0 202.0 383.0 large-vehicle 0
318.0 352.0 315.0 364.0 262.0 354.0 264.0 341.0 large-vehicle 0
325.0 600.0 329.0 585.0 379.0 601.0 376.0 615.0 large-vehicle 0
321.0 658.0 319.0 672.0 267.0 659.0 269.0 646.0 large-vehicle 0
545.0 621.0 554.0 631.0 508.0 664.0 501.0 653.0 large-vehicle 0
537.0 764.0 530.0 754.0 575.0 726.0 582.0 736.0 large-vehicle 0
568.0 630.0 571.0 616.0 625.0 627.0 622.0 639.0 large-vehicle 0
573.0 647.0 574.0 632.0 630.0 643.0 626.0 656.0 large-vehicle 0
551.0 639.0 557.0 648.0 514.0 678.0 507.0 668.0 large-vehicle 0
581.0 682.0 583.0 668.0 640.0 679.0 636.0 694.0 large-vehicle 0
585.0 698.0 588.0 687.0 636.0 696.0 633.0 707.0 large-vehicle 0
589.0 716.0 592.0 704.0 639.0 711.0 637.0 723.0 large-vehicle 0
599.0 735.0 599.0 722.0 646.0 729.0 645.0 741.0 large-vehicle 0
528.0 732.0 519.0 721.0 564.0 692.0 572.0 702.0 large-vehicle 0
531.0 750.0 523.0 737.0 567.0 709.0 575.0 719.0 large-vehicle 0
363.0 733.0 364.0 721.0 418.0 731.0 416.0 742.0 large-vehicle 0
325.0 674.0 323.0 687.0 273.0 678.0 274.0 664.0 large-vehicle 0
373.0 766.0 376.0 754.0 427.0 765.0 423.0 778.0 large-vehicle 0
375.0 783.0 378.0 769.0 430.0 781.0 428.0 794.0 large-vehicle 0
364.0 813.0 362.0 826.0 310.0 818.0 311.0 804.0 large-vehicle 0
358.0 795.0 355.0 808.0 303.0 798.0 304.0 784.0 large-vehicle 0
350.0 776.0 348.0 789.0 297.0 781.0 298.0 768.0 large-vehicle 0
351.0 761.0 349.0 772.0 298.0 764.0 300.0 751.0 large-vehicle 0
343.0 742.0 342.0 754.0 292.0 748.0 294.0 734.0 large-vehicle 0
182.0 676.0 168.0 681.0 154.0 629.0 168.0 625.0 large-vehicle 0
334.0 709.0 333.0 722.0 284.0 713.0 285.0 701.0 large-vehicle 0
815.0 656.0 817.0 641.0 874.0 655.0 872.0 668.0 large-vehicle 0
838.0 693.0 840.0 679.0 884.0 689.0 881.0 702.0 large-vehicle 0
1209.0 490.0 1218.0 488.0 1222.0 509.0 1212.0 511.0 small-vehicle 0
828.0 708.0 831.0 694.0 875.0 705.0 871.0 719.0 large-vehicle 0
88.0 830.0 84.0 844.0 40.0 831.0 45.0 818.0 small-vehicle 0
104.0 844.0 108.0 829.0 152.0 840.0 149.0 854.0 small-vehicle 0
87.0 815.0 84.0 828.0 40.0 820.0 44.0 807.0 small-vehicle 0
78.0 798.0 74.0 813.0 29.0 803.0 33.0 788.0 small-vehicle 0
94.0 811.0 99.0 793.0 147.0 805.0 142.0 820.0 small-vehicle 0
73.0 781.0 69.0 796.0 23.0 783.0 30.0 769.0 small-vehicle 0
84.0 777.0 88.0 763.0 134.0 773.0 130.0 786.0 small-vehicle 0
79.0 760.0 82.0 747.0 130.0 756.0 127.0 769.0 small-vehicle 0
73.0 766.0 70.0 779.0 21.0 770.0 25.0 755.0 small-vehicle 0
71.0 750.0 65.0 764.0 19.0 751.0 25.0 738.0 small-vehicle 0
64.0 732.0 61.0 745.0 12.0 734.0 16.0 720.0 small-vehicle 0
59.0 716.0 55.0 730.0 10.0 721.0 15.0 707.0 small-vehicle 0
53.0 699.0 48.0 712.0 3.0 701.0 8.0 688.0 small-vehicle 0
48.0 682.0 43.0 695.0 1.0 687.0 4.0 674.0 small-vehicle 0
45.0 667.0 43.0 679.0 2.0 672.0 5.0 659.0 small-vehicle 0
76.0 745.0 80.0 731.0 127.0 741.0 124.0 754.0 small-vehicle 0
71.0 726.0 75.0 709.0 121.0 722.0 116.0 735.0 small-vehicle 0
70.0 713.0 73.0 695.0 119.0 703.0 117.0 719.0 small-vehicle 0
58.0 679.0 64.0 662.0 111.0 673.0 108.0 688.0 small-vehicle 0
50.0 650.0 54.0 633.0 101.0 643.0 97.0 659.0 small-vehicle 0
41.0 635.0 44.0 618.0 91.0 623.0 89.0 639.0 small-vehicle 0
97.0 847.0 92.0 863.0 43.0 851.0 48.0 835.0 small-vehicle 0
100.0 862.0 97.0 876.0 50.0 868.0 55.0 853.0 small-vehicle 0
104.0 877.0 100.0 894.0 51.0 885.0 57.0 869.0 small-vehicle 0
771.0 43.0 761.0 45.0 755.0 21.0 764.0 18.0 small-vehicle 1
1224.0 510.0 1233.0 508.0 1239.0 526.0 1231.0 529.0 small-vehicle 0
1203.0 517.0 1213.0 514.0 1217.0 536.0 1209.0 538.0 small-vehicle 0
1205.0 566.0 1214.0 562.0 1219.0 582.0 1210.0 585.0 small-vehicle 0
625.0 276.0 636.0 275.0 639.0 296.0 628.0 297.0 small-vehicle 0
714.0 207.0 712.0 198.0 735.0 195.0 735.0 205.0 small-vehicle 0
782.0 197.0 783.0 186.0 805.0 185.0 805.0 194.0 small-vehicle 1
867.0 92.0 869.0 80.0 890.0 84.0 889.0 93.0 small-vehicle 1
813.0 40.0 802.0 43.0 794.0 15.0 805.0 11.0 small-vehicle 1
795.0 33.0 786.0 36.0 780.0 14.0 788.0 12.0 small-vehicle 1
758.0 48.0 748.0 50.0 743.0 27.0 753.0 24.0 small-vehicle 1
327.0 285.0 330.0 295.0 309.0 301.0 304.0 291.0 small-vehicle 0
694.0 58.0 696.0 50.0 720.0 53.0 719.0 61.0 small-vehicle 1
703.0 98.0 693.0 102.0 684.0 77.0 695.0 73.0 small-vehicle 1
690.0 104.0 680.0 107.0 672.0 80.0 682.0 76.0 small-vehicle 1
675.0 103.0 665.0 107.0 660.0 83.0 668.0 80.0 small-vehicle 1
440.0 136.0 426.0 134.0 438.0 85.0 451.0 90.0 large-vehicle 0
394.0 147.0 379.0 144.0 385.0 102.0 400.0 105.0 large-vehicle 0
355.0 156.0 341.0 152.0 349.0 111.0 361.0 114.0 large-vehicle 0
284.0 183.0 286.0 194.0 269.0 199.0 266.0 189.0 small-vehicle 0
386.0 270.0 389.0 281.0 370.0 287.0 364.0 278.0 small-vehicle 0
33.0 600.0 36.0 586.0 81.0 596.0 78.0 609.0 small-vehicle 0
144.0 609.0 132.0 603.0 147.0 581.0 157.0 588.0 small-vehicle 0
138.0 586.0 128.0 579.0 140.0 558.0 150.0 565.0 small-vehicle 0
976.0 539.0 984.0 551.0 944.0 584.0 936.0 572.0 large-vehicle 0
1139.0 471.0 1147.0 482.0 1106.0 515.0 1097.0 505.0 large-vehicle 0
1145.0 486.0 1155.0 496.0 1114.0 530.0 1106.0 519.0 large-vehicle 0
987.0 514.0 993.0 502.0 1033.0 519.0 1026.0 532.0 large-vehicle 0
972.0 504.0 980.0 514.0 936.0 549.0 928.0 539.0 large-vehicle 0
975.0 521.0 983.0 531.0 942.0 566.0 932.0 555.0 large-vehicle 0
1148.0 504.0 1156.0 513.0 1115.0 549.0 1105.0 538.0 large-vehicle 0
1154.0 539.0 1162.0 551.0 1121.0 584.0 1112.0 573.0 large-vehicle 0
1158.0 556.0 1167.0 566.0 1129.0 599.0 1120.0 588.0 large-vehicle 0
992.0 532.0 998.0 520.0 1033.0 535.0 1028.0 548.0 large-vehicle 0
980.0 558.0 988.0 568.0 948.0 601.0 939.0 591.0 large-vehicle 0
984.0 496.0 990.0 484.0 1032.0 500.0 1027.0 513.0 large-vehicle 0
1000.0 567.0 1005.0 554.0 1041.0 572.0 1034.0 585.0 large-vehicle 0
982.0 577.0 990.0 587.0 949.0 621.0 942.0 609.0 large-vehicle 0
996.0 586.0 1004.0 572.0 1042.0 592.0 1034.0 605.0 large-vehicle 0
1000.0 604.0 1006.0 592.0 1044.0 611.0 1037.0 623.0 large-vehicle 0
1005.0 622.0 1011.0 610.0 1050.0 630.0 1044.0 642.0 large-vehicle 0
1007.0 639.0 1015.0 627.0 1050.0 648.0 1043.0 660.0 large-vehicle 0
1008.0 657.0 1015.0 644.0 1054.0 667.0 1045.0 682.0 large-vehicle 0
987.0 631.0 995.0 642.0 956.0 676.0 946.0 665.0 large-vehicle 0
770.0 746.0 761.0 734.0 809.0 702.0 816.0 713.0 large-vehicle 0
1124.0 459.0 1134.0 469.0 1103.0 497.0 1093.0 486.0 large-vehicle 0
968.0 487.0 977.0 497.0 933.0 531.0 925.0 520.0 large-vehicle 0
131.0 565.0 121.0 558.0 135.0 537.0 144.0 543.0 small-vehicle 0
108.0 479.0 96.0 472.0 111.0 451.0 122.0 461.0 small-vehicle 0
31.0 585.0 35.0 570.0 83.0 578.0 79.0 593.0 small-vehicle 0
26.0 547.0 31.0 534.0 72.0 546.0 68.0 560.0 small-vehicle 0
25.0 531.0 30.0 519.0 74.0 530.0 70.0 543.0 small-vehicle 0
10.0 515.0 16.0 500.0 62.0 511.0 57.0 525.0 small-vehicle 0
5.0 498.0 10.0 483.0 54.0 494.0 51.0 508.0 small-vehicle 0
3.0 482.0 8.0 468.0 53.0 483.0 49.0 494.0 small-vehicle 0
128.0 544.0 114.0 536.0 131.0 513.0 142.0 522.0 small-vehicle 0
120.0 522.0 108.0 516.0 125.0 494.0 135.0 503.0 small-vehicle 0
113.0 501.0 102.0 495.0 118.0 473.0 128.0 481.0 small-vehicle 0
2.0 467.0 6.0 452.0 48.0 461.0 43.0 476.0 small-vehicle 0
967.0 467.0 976.0 477.0 932.0 511.0 924.0 501.0 large-vehicle 0
1.0 449.0 3.0 436.0 43.0 446.0 39.0 457.0 small-vehicle 0
1172.0 710.0 1174.0 721.0 1134.0 730.0 1131.0 717.0 large-vehicle 0
978.0 442.0 983.0 430.0 1026.0 448.0 1021.0 460.0 large-vehicle 0
976.0 426.0 981.0 414.0 1022.0 428.0 1018.0 441.0 large-vehicle 0
956.0 415.0 965.0 426.0 920.0 461.0 912.0 451.0 large-vehicle 0
960.0 433.0 969.0 444.0 926.0 478.0 917.0 467.0 large-vehicle 0
964.0 448.0 973.0 459.0 928.0 494.0 921.0 484.0 large-vehicle 0
979.0 458.0 986.0 447.0 1025.0 463.0 1020.0 475.0 large-vehicle 0
982.0 477.0 989.0 463.0 1028.0 482.0 1021.0 494.0 large-vehicle 0
246.0 362.0 242.0 374.0 193.0 358.0 196.0 347.0 large-vehicle 0
