imagesource:GoogleEarth
gsd:0.252855666044
569.0 1064.0 579.0 1060.0 585.0 1082.0 576.0 1084.0 small-vehicle 0
302.0 1077.0 310.0 1083.0 276.0 1115.0 269.0 1108.0 large-vehicle 0
372.0 1097.0 370.0 1085.0 417.0 1080.0 420.0 1091.0 large-vehicle 0
366.0 1084.0 365.0 1072.0 411.0 1067.0 412.0 1078.0 large-vehicle 0
362.0 1070.0 360.0 1059.0 406.0 1052.0 407.0 1063.0 large-vehicle 0
355.0 1058.0 353.0 1044.0 401.0 1039.0 401.0 1050.0 large-vehicle 0
349.0 1044.0 348.0 1031.0 394.0 1026.0 395.0 1036.0 large-vehicle 0
292.0 1048.0 300.0 1057.0 266.0 1087.0 259.0 1079.0 large-vehicle 0
286.0 1034.0 294.0 1044.0 259.0 1074.0 252.0 1066.0 large-vehicle 0
281.0 1021.0 288.0 1028.0 253.0 1060.0 247.0 1051.0 large-vehicle 0
344.0 1029.0 341.0 1017.0 389.0 1013.0 389.0 1024.0 large-vehicle 0
337.0 1015.0 337.0 1004.0 383.0 999.0 384.0 1010.0 large-vehicle 0
332.0 1003.0 331.0 991.0 378.0 986.0 380.0 996.0 large-vehicle 0
326.0 990.0 325.0 978.0 371.0 972.0 373.0 982.0 large-vehicle 0
276.0 1008.0 283.0 1017.0 248.0 1047.0 241.0 1039.0 large-vehicle 0
269.0 994.0 276.0 1003.0 242.0 1033.0 235.0 1023.0 large-vehicle 0
265.0 981.0 273.0 989.0 237.0 1020.0 230.0 1011.0 large-vehicle 0
297.0 1062.0 304.0 1071.0 271.0 1100.0 264.0 1091.0 large-vehicle 0
99.0 80.0 94.0 70.0 112.0 59.0 117.0 69.0 small-vehicle 0
301.0 289.0 292.0 294.0 284.0 277.0 292.0 273.0 small-vehicle 0
160.0 68.0 154.0 60.0 166.0 51.0 171.0 58.0 small-vehicle 0
320.0 310.0 327.0 306.0 335.0 321.0 327.0 325.0 small-vehicle 0
318.0 263.0 311.0 266.0 305.0 252.0 311.0 249.0 small-vehicle 0
321.0 245.0 329.0 241.0 335.0 257.0 328.0 260.0 small-vehicle 0
352.0 268.0 345.0 272.0 337.0 256.0 344.0 253.0 small-vehicle 0
389.0 280.0 398.0 277.0 403.0 292.0 396.0 295.0 small-vehicle 0
380.0 282.0 388.0 279.0 394.0 296.0 385.0 299.0 small-vehicle 0
371.0 263.0 361.0 267.0 353.0 248.0 361.0 244.0 small-vehicle 0
366.0 73.0 370.0 82.0 353.0 90.0 349.0 81.0 small-vehicle 0
352.0 94.0 356.0 105.0 336.0 113.0 332.0 103.0 small-vehicle 0
263.0 241.0 256.0 244.0 249.0 225.0 256.0 223.0 small-vehicle 0
271.0 236.0 265.0 239.0 258.0 222.0 265.0 220.0 small-vehicle 0
248.0 220.0 244.0 211.0 259.0 205.0 262.0 213.0 small-vehicle 0
307.0 150.0 310.0 161.0 292.0 168.0 288.0 158.0 small-vehicle 0
298.0 13.0 308.0 19.0 298.0 34.0 289.0 29.0 small-vehicle 0
203.0 28.0 196.0 21.0 208.0 11.0 213.0 18.0 small-vehicle 0
349.0 921.0 350.0 930.0 305.0 936.0 303.0 926.0 large-vehicle 0
289.0 757.0 299.0 753.0 317.0 795.0 307.0 799.0 large-vehicle 0
276.0 761.0 286.0 757.0 305.0 799.0 294.0 804.0 large-vehicle 0
216.0 786.0 226.0 780.0 246.0 822.0 236.0 826.0 large-vehicle 0
548.0 127.0 543.0 116.0 586.0 98.0 591.0 108.0 large-vehicle 0
513.0 116.0 524.0 111.0 540.0 155.0 529.0 159.0 large-vehicle 0
500.0 120.0 510.0 117.0 526.0 161.0 516.0 164.0 large-vehicle 0
466.0 162.0 459.0 151.0 502.0 133.0 506.0 144.0 large-vehicle 0
468.0 174.0 463.0 165.0 506.0 146.0 511.0 155.0 large-vehicle 0
473.0 185.0 468.0 176.0 510.0 157.0 515.0 166.0 large-vehicle 0
480.0 197.0 475.0 188.0 516.0 170.0 520.0 180.0 large-vehicle 0
486.0 210.0 481.0 200.0 521.0 181.0 526.0 191.0 large-vehicle 0
407.0 286.0 401.0 275.0 446.0 256.0 450.0 268.0 large-vehicle 0
403.0 275.0 397.0 263.0 440.0 245.0 446.0 256.0 large-vehicle 0
396.0 261.0 391.0 251.0 436.0 232.0 440.0 243.0 large-vehicle 0
392.0 251.0 387.0 238.0 430.0 221.0 435.0 231.0 large-vehicle 0
387.0 236.0 381.0 227.0 425.0 208.0 430.0 220.0 large-vehicle 0
382.0 226.0 377.0 215.0 420.0 196.0 425.0 206.0 large-vehicle 0
376.0 213.0 372.0 203.0 415.0 184.0 419.0 194.0 large-vehicle 0
552.0 138.0 546.0 128.0 591.0 108.0 596.0 119.0 large-vehicle 0
557.0 150.0 553.0 139.0 596.0 121.0 602.0 131.0 large-vehicle 0
562.0 162.0 558.0 151.0 601.0 134.0 605.0 145.0 large-vehicle 0
269.0 638.0 281.0 634.0 293.0 666.0 283.0 670.0 large-vehicle 0
270.0 711.0 279.0 706.0 297.0 748.0 286.0 752.0 large-vehicle 0
256.0 714.0 266.0 709.0 284.0 752.0 273.0 756.0 large-vehicle 0
244.0 722.0 254.0 717.0 271.0 759.0 261.0 763.0 large-vehicle 0
222.0 728.0 232.0 723.0 251.0 766.0 240.0 771.0 large-vehicle 0
209.0 735.0 218.0 731.0 238.0 771.0 229.0 776.0 large-vehicle 0
196.0 738.0 206.0 732.0 226.0 776.0 216.0 781.0 large-vehicle 0
257.0 606.0 267.0 601.0 279.0 629.0 269.0 633.0 large-vehicle 0
566.0 173.0 562.0 161.0 605.0 145.0 610.0 156.0 large-vehicle 0
241.0 569.0 252.0 564.0 266.0 597.0 255.0 601.0 large-vehicle 0
227.0 536.0 237.0 531.0 250.0 561.0 239.0 565.0 large-vehicle 0
213.0 502.0 223.0 496.0 236.0 528.0 226.0 533.0 large-vehicle 0
198.0 468.0 207.0 464.0 221.0 492.0 211.0 497.0 large-vehicle 0
577.0 199.0 572.0 186.0 616.0 168.0 621.0 179.0 large-vehicle 0
574.0 187.0 567.0 175.0 610.0 156.0 615.0 168.0 large-vehicle 0
324.0 324.0 318.0 327.0 311.0 312.0 318.0 310.0 small-vehicle 0
294.0 319.0 302.0 315.0 309.0 334.0 301.0 338.0 small-vehicle 0
517.0 1086.0 526.0 1082.0 534.0 1100.0 526.0 1104.0 small-vehicle 0
239.0 232.0 247.0 229.0 254.0 243.0 246.0 247.0 small-vehicle 1
521.0 70.0 517.0 63.0 532.0 53.0 536.0 61.0 small-vehicle 0
519.0 58.0 516.0 51.0 528.0 45.0 531.0 52.0 small-vehicle 1
512.0 41.0 507.0 32.0 524.0 24.0 527.0 32.0 small-vehicle 0
362.0 196.0 356.0 200.0 348.0 185.0 355.0 182.0 small-vehicle 0
354.0 201.0 346.0 203.0 338.0 188.0 346.0 185.0 small-vehicle 0
346.0 205.0 339.0 208.0 331.0 191.0 337.0 188.0 small-vehicle 0
337.0 209.0 330.0 212.0 322.0 195.0 329.0 192.0 small-vehicle 0
313.0 199.0 319.0 196.0 325.0 211.0 318.0 214.0 small-vehicle 0
302.0 204.0 308.0 200.0 315.0 215.0 309.0 218.0 small-vehicle 0
307.0 221.0 301.0 224.0 293.0 208.0 299.0 204.0 small-vehicle 0
300.0 226.0 293.0 229.0 285.0 212.0 292.0 208.0 small-vehicle 0
289.0 229.0 282.0 233.0 274.0 216.0 281.0 213.0 small-vehicle 0
214.0 113.0 220.0 119.0 205.0 131.0 200.0 125.0 small-vehicle 0
159.0 157.0 163.0 164.0 151.0 172.0 146.0 166.0 small-vehicle 1
46.0 130.0 43.0 123.0 59.0 114.0 62.0 123.0 small-vehicle 0
534.0 89.0 531.0 82.0 546.0 75.0 549.0 82.0 small-vehicle 0
698.0 305.0 691.0 308.0 685.0 291.0 693.0 288.0 small-vehicle 1
277.0 325.0 285.0 322.0 291.0 340.0 284.0 344.0 small-vehicle 0
707.0 327.0 697.0 330.0 690.0 312.0 698.0 307.0 small-vehicle 1
506.0 1091.0 515.0 1086.0 524.0 1106.0 516.0 1110.0 small-vehicle 0
65.0 1048.0 72.0 1046.0 77.0 1062.0 69.0 1065.0 small-vehicle 0
16.0 988.0 14.0 981.0 30.0 976.0 31.0 984.0 small-vehicle 0
26.0 965.0 28.0 973.0 14.0 980.0 10.0 973.0 small-vehicle 0
185.0 765.0 189.0 773.0 172.0 782.0 169.0 775.0 small-vehicle 1
201.0 841.0 198.0 832.0 214.0 825.0 217.0 834.0 small-vehicle 0
80.0 766.0 87.0 763.0 95.0 782.0 88.0 784.0 small-vehicle 0
65.0 723.0 74.0 723.0 75.0 742.0 66.0 741.0 small-vehicle 0
49.0 704.0 56.0 700.0 63.0 718.0 55.0 720.0 small-vehicle 0
11.0 614.0 21.0 615.0 20.0 630.0 11.0 630.0 small-vehicle 1
165.0 470.0 171.0 466.0 178.0 482.0 171.0 485.0 small-vehicle 1
780.0 527.0 773.0 531.0 762.0 513.0 769.0 509.0 small-vehicle 1
759.0 465.0 750.0 468.0 742.0 450.0 751.0 447.0 small-vehicle 1
748.0 440.0 739.0 442.0 734.0 425.0 742.0 421.0 small-vehicle 1
716.0 346.0 708.0 349.0 698.0 335.0 705.0 330.0 small-vehicle 1
159.0 524.0 168.0 520.0 176.0 537.0 167.0 540.0 small-vehicle 0
150.0 527.0 159.0 524.0 165.0 541.0 157.0 544.0 small-vehicle 0
157.0 549.0 149.0 552.0 140.0 534.0 148.0 530.0 small-vehicle 0
148.0 552.0 139.0 557.0 131.0 537.0 139.0 535.0 small-vehicle 0
228.0 302.0 220.0 306.0 212.0 288.0 219.0 285.0 small-vehicle 0
186.0 382.0 179.0 386.0 172.0 368.0 179.0 365.0 small-vehicle 0
223.0 370.0 216.0 373.0 210.0 355.0 216.0 352.0 small-vehicle 0
218.0 352.0 225.0 348.0 233.0 365.0 226.0 370.0 small-vehicle 0
234.0 344.0 242.0 341.0 249.0 359.0 241.0 363.0 small-vehicle 0
242.0 341.0 250.0 337.0 257.0 355.0 250.0 359.0 small-vehicle 0
243.0 316.0 235.0 320.0 228.0 304.0 234.0 302.0 small-vehicle 0
228.0 284.0 236.0 281.0 242.0 298.0 234.0 301.0 small-vehicle 0
236.0 278.0 244.0 275.0 251.0 292.0 243.0 296.0 small-vehicle 0
260.0 332.0 268.0 329.0 274.0 346.0 267.0 349.0 small-vehicle 0
269.0 331.0 277.0 327.0 282.0 344.0 275.0 347.0 small-vehicle 0
253.0 293.0 260.0 290.0 265.0 304.0 258.0 307.0 small-vehicle 1
244.0 274.0 252.0 271.0 261.0 289.0 252.0 292.0 small-vehicle 0
276.0 281.0 267.0 284.0 261.0 271.0 269.0 267.0 small-vehicle 1
283.0 299.0 276.0 303.0 270.0 285.0 277.0 283.0 small-vehicle 0
203.0 292.0 211.0 289.0 217.0 307.0 210.0 310.0 small-vehicle 0
210.0 310.0 203.0 314.0 194.0 296.0 200.0 293.0 small-vehicle 0
186.0 303.0 194.0 300.0 202.0 315.0 194.0 319.0 small-vehicle 0
166.0 328.0 160.0 332.0 151.0 318.0 157.0 314.0 small-vehicle 0
138.0 557.0 130.0 561.0 122.0 543.0 129.0 540.0 small-vehicle 0
129.0 561.0 121.0 566.0 114.0 549.0 121.0 546.0 small-vehicle 0
119.0 562.0 112.0 567.0 103.0 551.0 110.0 547.0 small-vehicle 0
110.0 567.0 101.0 572.0 93.0 556.0 101.0 552.0 small-vehicle 0
132.0 343.0 125.0 347.0 118.0 330.0 125.0 327.0 small-vehicle 0
157.0 334.0 149.0 336.0 144.0 319.0 150.0 316.0 small-vehicle 0
174.0 347.0 166.0 351.0 160.0 335.0 166.0 332.0 small-vehicle 0
211.0 333.0 203.0 337.0 194.0 318.0 201.0 316.0 small-vehicle 0
182.0 344.0 174.0 346.0 168.0 329.0 175.0 327.0 small-vehicle 0
191.0 339.0 183.0 343.0 177.0 329.0 183.0 326.0 small-vehicle 0
363.0 289.0 370.0 286.0 378.0 304.0 370.0 307.0 small-vehicle 0
203.0 338.0 195.0 343.0 186.0 323.0 193.0 320.0 small-vehicle 0
168.0 308.0 177.0 304.0 185.0 324.0 178.0 327.0 small-vehicle 0
192.0 317.0 185.0 320.0 179.0 306.0 186.0 304.0 small-vehicle 0
370.0 199.0 365.0 188.0 407.0 170.0 412.0 181.0 large-vehicle 0
