imagesource:GoogleEarth
gsd:0.270866893729
68.0 428.0 73.0 421.0 91.0 431.0 87.0 438.0 small-vehicle 0
386.0 217.0 381.0 207.0 420.0 189.0 424.0 198.0 large-vehicle 0
301.0 161.0 295.0 152.0 332.0 133.0 336.0 143.0 large-vehicle 0
312.0 170.0 307.0 162.0 343.0 141.0 348.0 150.0 large-vehicle 0
341.0 184.0 335.0 175.0 372.0 155.0 376.0 164.0 large-vehicle 0
352.0 192.0 348.0 182.0 385.0 164.0 390.0 172.0 large-vehicle 0
362.0 200.0 357.0 190.0 396.0 173.0 400.0 181.0 large-vehicle 0
372.0 210.0 368.0 200.0 406.0 181.0 411.0 191.0 large-vehicle 0
398.0 225.0 394.0 215.0 434.0 196.0 437.0 206.0 large-vehicle 0
282.0 157.0 286.0 167.0 254.0 182.0 250.0 173.0 large-vehicle 0
411.0 233.0 406.0 223.0 446.0 204.0 451.0 214.0 large-vehicle 0
422.0 241.0 418.0 231.0 457.0 212.0 461.0 222.0 large-vehicle 0
505.0 237.0 510.0 229.0 547.0 250.0 541.0 259.0 large-vehicle 0
497.0 248.0 502.0 240.0 538.0 264.0 534.0 271.0 large-vehicle 0
497.0 138.0 507.0 138.0 510.0 172.0 500.0 174.0 large-vehicle 0
484.0 129.0 496.0 129.0 497.0 164.0 486.0 164.0 large-vehicle 0
289.0 154.0 284.0 145.0 320.0 125.0 324.0 133.0 large-vehicle 0
292.0 167.0 295.0 176.0 265.0 190.0 261.0 181.0 large-vehicle 0
448.0 108.0 457.0 108.0 460.0 153.0 450.0 153.0 large-vehicle 0
421.0 243.0 425.0 253.0 381.0 271.0 377.0 262.0 large-vehicle 0
232.0 225.0 237.0 233.0 209.0 254.0 203.0 246.0 large-vehicle 0
245.0 232.0 249.0 241.0 220.0 261.0 215.0 250.0 large-vehicle 0
258.0 236.0 264.0 246.0 234.0 266.0 230.0 256.0 large-vehicle 0
270.0 245.0 275.0 254.0 246.0 274.0 241.0 265.0 large-vehicle 0
440.0 262.0 444.0 271.0 401.0 289.0 396.0 280.0 large-vehicle 0
431.0 251.0 435.0 260.0 392.0 280.0 387.0 271.0 large-vehicle 0
406.0 236.0 409.0 245.0 367.0 265.0 364.0 255.0 large-vehicle 0
310.0 172.0 314.0 182.0 272.0 202.0 268.0 192.0 large-vehicle 0
392.0 228.0 397.0 237.0 353.0 257.0 349.0 247.0 large-vehicle 0
369.0 213.0 372.0 222.0 332.0 240.0 327.0 231.0 large-vehicle 0
358.0 205.0 361.0 213.0 320.0 233.0 315.0 225.0 large-vehicle 0
347.0 196.0 350.0 205.0 309.0 224.0 304.0 215.0 large-vehicle 0
333.0 190.0 336.0 199.0 294.0 218.0 290.0 210.0 large-vehicle 0
321.0 181.0 326.0 191.0 283.0 210.0 280.0 201.0 large-vehicle 0
461.0 116.0 471.0 116.0 472.0 161.0 462.0 162.0 large-vehicle 0
436.0 101.0 445.0 101.0 448.0 146.0 439.0 146.0 large-vehicle 0
131.0 461.0 136.0 453.0 157.0 463.0 153.0 470.0 small-vehicle 0
25.0 404.0 31.0 396.0 44.0 404.0 38.0 411.0 small-vehicle 0
463.0 336.0 468.0 328.0 487.0 338.0 483.0 346.0 small-vehicle 1
215.0 330.0 221.0 335.0 213.0 349.0 207.0 346.0 small-vehicle 1
230.0 342.0 236.0 346.0 225.0 366.0 217.0 361.0 small-vehicle 1
222.0 335.0 229.0 338.0 220.0 354.0 213.0 350.0 small-vehicle 0
310.0 278.0 317.0 284.0 307.0 300.0 299.0 296.0 small-vehicle 0
4.0 393.0 9.0 386.0 24.0 395.0 19.0 402.0 small-vehicle 0
45.0 414.0 50.0 407.0 65.0 417.0 61.0 423.0 small-vehicle 0
556.0 236.0 550.0 247.0 529.0 235.0 536.0 224.0 small-vehicle 0
95.0 440.0 99.0 433.0 113.0 441.0 110.0 448.0 small-vehicle 0
112.0 451.0 116.0 444.0 134.0 453.0 130.0 459.0 small-vehicle 0
199.0 493.0 204.0 485.0 220.0 493.0 215.0 500.0 small-vehicle 0
219.0 508.0 226.0 499.0 243.0 510.0 238.0 518.0 small-vehicle 0
268.0 536.0 273.0 530.0 290.0 541.0 285.0 547.0 small-vehicle 0
242.0 521.0 247.0 513.0 268.0 526.0 263.0 533.0 small-vehicle 0
494.0 329.0 490.0 337.0 469.0 327.0 473.0 320.0 small-vehicle 1
532.0 226.0 526.0 236.0 503.0 225.0 509.0 213.0 small-vehicle 0
425.0 95.0 433.0 94.0 437.0 140.0 427.0 140.0 large-vehicle 0
317.0 55.0 327.0 51.0 345.0 90.0 336.0 95.0 large-vehicle 0
411.0 86.0 422.0 87.0 422.0 131.0 411.0 131.0 large-vehicle 0
400.0 85.0 409.0 85.0 410.0 130.0 399.0 130.0 large-vehicle 0
387.0 70.0 397.0 71.0 397.0 115.0 387.0 116.0 large-vehicle 0
372.0 61.0 383.0 61.0 386.0 105.0 375.0 106.0 large-vehicle 0
358.0 42.0 368.0 42.0 371.0 84.0 361.0 85.0 large-vehicle 0
331.0 52.0 340.0 49.0 356.0 89.0 348.0 92.0 large-vehicle 0
307.0 59.0 316.0 55.0 334.0 93.0 325.0 98.0 large-vehicle 0
577.0 176.0 588.0 184.0 579.0 202.0 567.0 197.0 small-vehicle 0
296.0 59.0 304.0 56.0 319.0 95.0 310.0 98.0 large-vehicle 0
286.0 89.0 282.0 99.0 244.0 80.0 248.0 71.0 large-vehicle 0
268.0 95.0 264.0 104.0 225.0 86.0 228.0 77.0 large-vehicle 0
550.0 161.0 560.0 167.0 548.0 187.0 539.0 182.0 small-vehicle 0
561.0 168.0 570.0 174.0 560.0 190.0 552.0 185.0 small-vehicle 0
570.0 173.0 578.0 178.0 567.0 196.0 559.0 191.0 small-vehicle 0
221.0 218.0 226.0 227.0 196.0 247.0 190.0 238.0 large-vehicle 0
