imagesource:GoogleEarth
gsd:0.114889523273
1636.0 698.0 1625.0 685.0 1655.0 660.0 1667.0 675.0 small-vehicle 1
390.0 529.0 375.0 542.0 353.0 508.0 370.0 496.0 small-vehicle 0
1333.0 890.0 1313.0 907.0 1248.0 825.0 1268.0 811.0 large-vehicle 0
1304.0 912.0 1290.0 925.0 1229.0 842.0 1245.0 830.0 large-vehicle 0
1284.0 925.0 1270.0 939.0 1205.0 859.0 1222.0 846.0 large-vehicle 0
1268.0 949.0 1251.0 964.0 1186.0 881.0 1203.0 866.0 large-vehicle 0
1241.0 960.0 1225.0 976.0 1163.0 895.0 1178.0 882.0 large-vehicle 0
1221.0 977.0 1201.0 994.0 1136.0 905.0 1152.0 892.0 large-vehicle 0
1193.0 994.0 1176.0 1007.0 1114.0 921.0 1133.0 908.0 large-vehicle 0
1173.0 1011.0 1156.0 1028.0 1092.0 939.0 1108.0 927.0 large-vehicle 0
1152.0 1033.0 1130.0 1046.0 1074.0 966.0 1092.0 952.0 large-vehicle 0
1010.0 1047.0 987.0 1033.0 1049.0 935.0 1070.0 948.0 large-vehicle 0
995.0 1021.0 972.0 1011.0 1027.0 915.0 1048.0 928.0 large-vehicle 0
972.0 1001.0 948.0 991.0 1001.0 901.0 1024.0 910.0 large-vehicle 0
701.0 1543.0 682.0 1555.0 644.0 1494.0 661.0 1481.0 large-vehicle 0
763.0 1580.0 743.0 1594.0 690.0 1513.0 711.0 1500.0 large-vehicle 0
1032.0 1096.0 1048.0 1116.0 970.0 1180.0 954.0 1161.0 large-vehicle 0
1011.0 1072.0 1027.0 1090.0 954.0 1156.0 936.0 1139.0 large-vehicle 0
993.0 1049.0 1010.0 1068.0 929.0 1134.0 912.0 1116.0 large-vehicle 0
974.0 1027.0 992.0 1046.0 912.0 1107.0 894.0 1087.0 large-vehicle 0
957.0 1002.0 970.0 1023.0 887.0 1088.0 871.0 1066.0 large-vehicle 0
932.0 981.0 947.0 1000.0 868.0 1065.0 852.0 1045.0 large-vehicle 0
881.0 1224.0 897.0 1246.0 816.0 1313.0 799.0 1295.0 large-vehicle 0
1353.0 872.0 1336.0 885.0 1275.0 804.0 1293.0 790.0 large-vehicle 0
1375.0 853.0 1359.0 870.0 1296.0 787.0 1314.0 775.0 large-vehicle 0
1401.0 835.0 1381.0 852.0 1318.0 770.0 1338.0 755.0 large-vehicle 0
1439.0 498.0 1453.0 518.0 1368.0 581.0 1353.0 560.0 large-vehicle 0
595.0 166.0 601.0 187.0 563.0 198.0 557.0 177.0 small-vehicle 0
477.0 202.0 497.0 190.0 517.0 225.0 499.0 239.0 small-vehicle 0
1410.0 354.0 1388.0 370.0 1355.0 325.0 1375.0 310.0 large-vehicle 0
1327.0 359.0 1345.0 382.0 1265.0 444.0 1246.0 424.0 large-vehicle 0
1347.0 384.0 1365.0 407.0 1281.0 468.0 1266.0 447.0 large-vehicle 0
1364.0 405.0 1379.0 425.0 1296.0 487.0 1280.0 469.0 large-vehicle 0
1382.0 430.0 1398.0 447.0 1317.0 511.0 1300.0 490.0 large-vehicle 0
1402.0 452.0 1418.0 473.0 1333.0 535.0 1319.0 513.0 large-vehicle 0
1421.0 475.0 1438.0 496.0 1354.0 558.0 1338.0 538.0 large-vehicle 0
1455.0 518.0 1469.0 541.0 1390.0 602.0 1374.0 584.0 large-vehicle 0
1419.0 813.0 1401.0 829.0 1342.0 753.0 1361.0 736.0 large-vehicle 0
1470.0 541.0 1487.0 559.0 1407.0 622.0 1391.0 604.0 large-vehicle 0
1490.0 562.0 1507.0 582.0 1422.0 649.0 1408.0 627.0 large-vehicle 0
1509.0 586.0 1521.0 604.0 1441.0 667.0 1425.0 648.0 large-vehicle 0
1530.0 608.0 1546.0 627.0 1462.0 688.0 1447.0 670.0 large-vehicle 0
1549.0 635.0 1564.0 651.0 1479.0 715.0 1467.0 695.0 large-vehicle 0
1568.0 658.0 1582.0 675.0 1501.0 738.0 1486.0 720.0 large-vehicle 0
1492.0 762.0 1473.0 778.0 1415.0 697.0 1433.0 684.0 large-vehicle 0
1467.0 781.0 1451.0 796.0 1388.0 718.0 1407.0 704.0 large-vehicle 0
1444.0 799.0 1425.0 815.0 1370.0 738.0 1387.0 725.0 large-vehicle 0
862.0 1198.0 876.0 1218.0 793.0 1289.0 776.0 1269.0 large-vehicle 0
855.0 1114.0 874.0 1096.0 946.0 1185.0 926.0 1201.0 large-vehicle 0
819.0 1139.0 839.0 1121.0 913.0 1210.0 893.0 1228.0 large-vehicle 0
420.0 848.0 433.0 872.0 362.0 922.0 347.0 901.0 large-vehicle 0
691.0 1009.0 708.0 1030.0 630.0 1093.0 613.0 1073.0 large-vehicle 0
673.0 984.0 688.0 1003.0 607.0 1068.0 590.0 1047.0 large-vehicle 0
657.0 958.0 669.0 936.0 756.0 996.0 744.0 1015.0 large-vehicle 0
541.0 1027.0 530.0 1002.0 626.0 965.0 635.0 988.0 large-vehicle 0
587.0 908.0 584.0 885.0 689.0 869.0 693.0 892.0 large-vehicle 0
508.0 982.0 525.0 1007.0 446.0 1061.0 431.0 1041.0 large-vehicle 0
506.0 950.0 520.0 972.0 434.0 1033.0 419.0 1013.0 large-vehicle 0
485.0 928.0 499.0 951.0 407.0 1013.0 394.0 992.0 large-vehicle 0
438.0 878.0 453.0 901.0 372.0 957.0 356.0 938.0 large-vehicle 0
495.0 730.0 525.0 727.0 536.0 831.0 508.0 833.0 large-vehicle 0
713.0 1035.0 729.0 1052.0 651.0 1118.0 635.0 1099.0 large-vehicle 0
359.0 745.0 372.0 765.0 289.0 824.0 275.0 803.0 large-vehicle 0
336.0 725.0 348.0 745.0 277.0 796.0 264.0 776.0 large-vehicle 0
325.0 696.0 339.0 719.0 252.0 776.0 239.0 753.0 large-vehicle 0
310.0 670.0 322.0 690.0 235.0 747.0 223.0 725.0 large-vehicle 0
270.0 621.0 286.0 644.0 207.0 698.0 190.0 678.0 large-vehicle 0
241.0 572.0 255.0 594.0 173.0 649.0 161.0 626.0 large-vehicle 0
221.0 545.0 235.0 565.0 154.0 622.0 140.0 601.0 large-vehicle 0
205.0 522.0 219.0 542.0 132.0 601.0 119.0 580.0 large-vehicle 0
270.0 483.0 251.0 499.0 187.0 410.0 209.0 394.0 large-vehicle 0
570.0 875.0 567.0 850.0 675.0 839.0 678.0 862.0 large-vehicle 0
732.0 1061.0 747.0 1077.0 672.0 1141.0 655.0 1122.0 large-vehicle 0
833.0 1179.0 849.0 1198.0 775.0 1265.0 760.0 1247.0 large-vehicle 0
1113.0 661.0 1129.0 681.0 1045.0 745.0 1028.0 725.0 large-vehicle 0
812.0 1157.0 828.0 1175.0 752.0 1240.0 734.0 1222.0 large-vehicle 0
798.0 1125.0 815.0 1143.0 732.0 1217.0 718.0 1197.0 large-vehicle 0
781.0 1100.0 799.0 1121.0 710.0 1189.0 696.0 1171.0 large-vehicle 0
768.0 1018.0 784.0 999.0 860.0 1088.0 841.0 1103.0 large-vehicle 0
740.0 1041.0 758.0 1024.0 832.0 1110.0 814.0 1124.0 large-vehicle 0
1148.0 710.0 1165.0 730.0 1084.0 792.0 1067.0 772.0 large-vehicle 0
1134.0 685.0 1149.0 705.0 1061.0 772.0 1047.0 752.0 large-vehicle 0
1223.0 613.0 1238.0 634.0 1155.0 699.0 1139.0 679.0 large-vehicle 0
1204.0 592.0 1221.0 612.0 1139.0 678.0 1124.0 659.0 large-vehicle 0
1081.0 619.0 1098.0 638.0 1012.0 701.0 996.0 680.0 large-vehicle 0
762.0 1074.0 778.0 1093.0 690.0 1164.0 673.0 1146.0 large-vehicle 0
1059.0 593.0 1075.0 616.0 992.0 681.0 976.0 658.0 large-vehicle 0
1039.0 573.0 1056.0 595.0 971.0 656.0 955.0 638.0 large-vehicle 0
1022.0 550.0 1039.0 572.0 958.0 635.0 938.0 613.0 large-vehicle 0
1185.0 571.0 1202.0 590.0 1118.0 656.0 1104.0 636.0 large-vehicle 0
1168.0 548.0 1185.0 567.0 1104.0 632.0 1087.0 610.0 large-vehicle 0
1149.0 525.0 1164.0 545.0 1085.0 609.0 1068.0 588.0 large-vehicle 0
1129.0 503.0 1146.0 524.0 1064.0 586.0 1045.0 565.0 large-vehicle 0
1113.0 478.0 1128.0 497.0 1044.0 558.0 1029.0 539.0 large-vehicle 0
1096.0 454.0 1111.0 478.0 1028.0 537.0 1011.0 519.0 large-vehicle 0
312.0 525.0 332.0 510.0 359.0 547.0 341.0 563.0 small-vehicle 0
378.0 614.0 396.0 601.0 421.0 638.0 405.0 650.0 small-vehicle 0
1602.0 62.0 1584.0 59.0 1592.0 26.0 1611.0 29.0 small-vehicle 1
437.0 623.0 420.0 635.0 393.0 592.0 409.0 582.0 small-vehicle 0
80.0 683.0 67.0 693.0 46.0 662.0 58.0 653.0 small-vehicle 0
27.0 667.0 40.0 660.0 58.0 685.0 47.0 693.0 small-vehicle 0
713.0 556.0 725.0 545.0 756.0 576.0 744.0 585.0 small-vehicle 1
671.0 636.0 661.0 646.0 636.0 620.0 648.0 610.0 small-vehicle 1
420.0 456.0 433.0 446.0 455.0 476.0 442.0 486.0 small-vehicle 1
401.0 468.0 415.0 458.0 438.0 490.0 423.0 500.0 small-vehicle 1
380.0 477.0 393.0 467.0 416.0 494.0 402.0 504.0 small-vehicle 1
367.0 491.0 381.0 481.0 403.0 512.0 389.0 522.0 small-vehicle 1
673.0 268.0 680.0 254.0 710.0 272.0 703.0 284.0 small-vehicle 1
687.0 257.0 695.0 247.0 723.0 264.0 716.0 275.0 small-vehicle 1
698.0 246.0 706.0 234.0 735.0 251.0 727.0 264.0 small-vehicle 1
710.0 234.0 718.0 222.0 747.0 238.0 741.0 250.0 small-vehicle 1
761.0 154.0 767.0 141.0 801.0 156.0 796.0 168.0 small-vehicle 1
737.0 204.0 753.0 195.0 766.0 215.0 755.0 225.0 small-vehicle 1
146.0 359.0 132.0 368.0 113.0 340.0 128.0 331.0 small-vehicle 0
221.0 377.0 208.0 363.0 239.0 338.0 250.0 353.0 small-vehicle 0
319.0 333.0 334.0 322.0 359.0 353.0 345.0 366.0 small-vehicle 1
60.0 173.0 73.0 191.0 43.0 212.0 30.0 195.0 small-vehicle 1
96.0 60.0 81.0 70.0 62.0 37.0 78.0 30.0 small-vehicle 1
743.0 139.0 721.0 139.0 721.0 101.0 743.0 100.0 small-vehicle 0
814.0 184.0 799.0 163.0 842.0 142.0 853.0 162.0 small-vehicle 0
346.0 789.0 356.0 804.0 325.0 828.0 314.0 815.0 small-vehicle 0
373.0 806.0 384.0 823.0 352.0 844.0 340.0 827.0 small-vehicle 0
394.0 832.0 402.0 852.0 369.0 872.0 358.0 850.0 small-vehicle 0
1039.0 1449.0 1051.0 1440.0 1070.0 1467.0 1059.0 1473.0 small-vehicle 1
1633.0 50.0 1642.0 71.0 1607.0 90.0 1595.0 72.0 small-vehicle 1
842.0 247.0 857.0 238.0 873.0 260.0 859.0 270.0 small-vehicle 1
1187.0 281.0 1195.0 297.0 1166.0 314.0 1155.0 298.0 small-vehicle 1
1222.0 300.0 1232.0 315.0 1201.0 333.0 1191.0 318.0 small-vehicle 1
1281.0 1213.0 1291.0 1228.0 1264.0 1249.0 1254.0 1236.0 small-vehicle 0
1270.0 1199.0 1278.0 1210.0 1259.0 1225.0 1249.0 1214.0 small-vehicle 0
1208.0 1204.0 1224.0 1213.0 1207.0 1238.0 1193.0 1232.0 small-vehicle 0
1057.0 1342.0 1045.0 1354.0 1018.0 1329.0 1031.0 1318.0 small-vehicle 1
1236.0 1326.0 1252.0 1319.0 1272.0 1354.0 1257.0 1361.0 small-vehicle 1
1053.0 1438.0 1067.0 1429.0 1090.0 1460.0 1076.0 1469.0 small-vehicle 1
217.0 723.0 205.0 706.0 274.0 656.0 286.0 674.0 large-vehicle 0
1089.0 1469.0 1101.0 1486.0 1065.0 1515.0 1052.0 1501.0 small-vehicle 1
1314.0 1526.0 1324.0 1539.0 1293.0 1563.0 1281.0 1551.0 small-vehicle 1
1394.0 1543.0 1380.0 1551.0 1359.0 1523.0 1373.0 1514.0 small-vehicle 1
726.0 1595.0 710.0 1602.0 689.0 1567.0 704.0 1559.0 small-vehicle 1
107.0 1021.0 93.0 1030.0 69.0 996.0 84.0 987.0 small-vehicle 1
219.0 1086.0 206.0 1100.0 171.0 1064.0 187.0 1050.0 small-vehicle 0
194.0 1103.0 179.0 1113.0 151.0 1074.0 167.0 1063.0 small-vehicle 0
615.0 821.0 617.0 838.0 562.0 847.0 558.0 829.0 small-vehicle 0
509.0 626.0 498.0 635.0 477.0 610.0 490.0 600.0 small-vehicle 1
834.0 195.0 820.0 180.0 847.0 160.0 861.0 175.0 small-vehicle 0
850.0 209.0 832.0 193.0 866.0 167.0 879.0 184.0 small-vehicle 0
860.0 219.0 848.0 205.0 885.0 183.0 893.0 199.0 small-vehicle 0
570.0 529.0 583.0 518.0 606.0 550.0 592.0 561.0 small-vehicle 0
764.0 434.0 749.0 445.0 722.0 407.0 741.0 395.0 small-vehicle 0
695.0 435.0 711.0 423.0 735.0 455.0 718.0 468.0 small-vehicle 0
674.0 451.0 693.0 437.0 718.0 468.0 700.0 485.0 small-vehicle 0
873.0 427.0 889.0 413.0 918.0 447.0 903.0 461.0 small-vehicle 0
799.0 535.0 786.0 548.0 757.0 515.0 772.0 502.0 small-vehicle 0
790.0 550.0 774.0 562.0 745.0 526.0 761.0 515.0 small-vehicle 0
775.0 563.0 758.0 574.0 730.0 535.0 746.0 525.0 small-vehicle 0
647.0 476.0 665.0 463.0 686.0 494.0 669.0 506.0 small-vehicle 0
640.0 526.0 628.0 540.0 600.0 503.0 615.0 493.0 small-vehicle 0
586.0 658.0 600.0 643.0 627.0 675.0 615.0 688.0 small-vehicle 0
768.0 373.0 784.0 361.0 808.0 394.0 791.0 406.0 small-vehicle 0
539.0 557.0 556.0 546.0 574.0 577.0 557.0 588.0 small-vehicle 0
520.0 569.0 540.0 555.0 561.0 590.0 543.0 603.0 small-vehicle 0
504.0 582.0 520.0 570.0 542.0 603.0 525.0 614.0 small-vehicle 0
450.0 674.0 433.0 684.0 415.0 651.0 431.0 641.0 small-vehicle 0
465.0 663.0 449.0 673.0 426.0 640.0 442.0 632.0 small-vehicle 0
455.0 619.0 473.0 604.0 496.0 637.0 482.0 650.0 small-vehicle 0
459.0 553.0 474.0 539.0 500.0 566.0 487.0 581.0 small-vehicle 0
430.0 577.0 445.0 565.0 467.0 592.0 452.0 605.0 small-vehicle 0
452.0 606.0 436.0 619.0 409.0 582.0 426.0 571.0 small-vehicle 0
751.0 388.0 769.0 375.0 790.0 405.0 772.0 419.0 small-vehicle 0
783.0 358.0 799.0 344.0 824.0 377.0 809.0 390.0 small-vehicle 0
866.0 236.0 858.0 214.0 895.0 202.0 903.0 219.0 small-vehicle 0
864.0 301.0 881.0 287.0 900.0 316.0 887.0 329.0 small-vehicle 0
883.0 190.0 872.0 171.0 909.0 151.0 916.0 167.0 small-vehicle 0
898.0 208.0 883.0 189.0 919.0 168.0 928.0 186.0 small-vehicle 0
905.0 223.0 897.0 206.0 932.0 184.0 940.0 201.0 small-vehicle 0
923.0 239.0 911.0 223.0 939.0 200.0 950.0 217.0 small-vehicle 0
864.0 237.0 881.0 227.0 900.0 257.0 885.0 266.0 small-vehicle 0
914.0 405.0 902.0 393.0 930.0 364.0 941.0 376.0 small-vehicle 0
883.0 291.0 900.0 277.0 921.0 309.0 906.0 321.0 small-vehicle 0
917.0 259.0 935.0 245.0 957.0 282.0 942.0 292.0 small-vehicle 0
897.0 276.0 914.0 263.0 938.0 292.0 923.0 307.0 small-vehicle 0
801.0 257.0 819.0 245.0 855.0 295.0 838.0 307.0 small-vehicle 0
797.0 345.0 813.0 335.0 839.0 366.0 827.0 379.0 small-vehicle 0
886.0 330.0 869.0 340.0 845.0 309.0 861.0 296.0 small-vehicle 0
829.0 310.0 812.0 319.0 790.0 279.0 807.0 270.0 small-vehicle 0
776.0 296.0 792.0 285.0 814.0 316.0 799.0 329.0 small-vehicle 0
751.0 296.0 775.0 281.0 804.0 332.0 783.0 347.0 small-vehicle 0
691.0 340.0 675.0 320.0 722.0 290.0 735.0 310.0 small-vehicle 0
747.0 322.0 763.0 314.0 783.0 347.0 765.0 357.0 small-vehicle 0
767.0 354.0 754.0 366.0 734.0 338.0 748.0 329.0 small-vehicle 0
751.0 367.0 735.0 377.0 716.0 343.0 732.0 334.0 small-vehicle 0
815.0 336.0 835.0 322.0 855.0 353.0 839.0 368.0 small-vehicle 0
242.0 499.0 226.0 514.0 167.0 432.0 184.0 418.0 large-vehicle 0
