imagesource:GoogleEarth
gsd:0.118201476695
742.0 1248.0 729.0 1236.0 751.0 1214.0 763.0 1226.0 small-vehicle 0
1344.0 220.0 1349.0 241.0 1246.0 265.0 1240.0 244.0 large-vehicle 0
1210.0 458.0 1233.0 452.0 1257.0 548.0 1236.0 554.0 large-vehicle 0
1233.0 436.0 1254.0 430.0 1281.0 526.0 1260.0 533.0 large-vehicle 0
1286.0 407.0 1310.0 401.0 1334.0 497.0 1310.0 504.0 large-vehicle 0
1398.0 291.0 1403.0 315.0 1322.0 336.0 1315.0 313.0 large-vehicle 0
1381.0 263.0 1386.0 285.0 1295.0 312.0 1288.0 292.0 large-vehicle 0
1367.0 241.0 1374.0 263.0 1276.0 286.0 1270.0 265.0 large-vehicle 0
1320.0 192.0 1326.0 215.0 1231.0 241.0 1225.0 220.0 large-vehicle 0
1322.0 1121.0 1337.0 1109.0 1358.0 1144.0 1344.0 1154.0 small-vehicle 0
1300.0 172.0 1305.0 195.0 1208.0 219.0 1202.0 196.0 large-vehicle 0
1255.0 122.0 1260.0 145.0 1154.0 168.0 1150.0 144.0 large-vehicle 0
1062.0 593.0 1085.0 587.0 1110.0 683.0 1087.0 689.0 large-vehicle 0
1041.0 616.0 1063.0 609.0 1086.0 708.0 1063.0 714.0 large-vehicle 0
1018.0 637.0 1039.0 631.0 1062.0 730.0 1042.0 736.0 large-vehicle 0
992.0 662.0 1015.0 657.0 1039.0 754.0 1018.0 759.0 large-vehicle 0
1160.0 502.0 1182.0 496.0 1208.0 594.0 1186.0 600.0 large-vehicle 0
1138.0 526.0 1160.0 521.0 1185.0 616.0 1163.0 621.0 large-vehicle 0
1111.0 546.0 1135.0 540.0 1160.0 636.0 1137.0 643.0 large-vehicle 0
1347.0 922.0 1363.0 909.0 1383.0 941.0 1370.0 951.0 small-vehicle 0
1380.0 963.0 1366.0 974.0 1344.0 944.0 1357.0 935.0 small-vehicle 0
1368.0 979.0 1355.0 988.0 1334.0 960.0 1346.0 951.0 small-vehicle 0
1352.0 989.0 1339.0 1000.0 1318.0 975.0 1331.0 964.0 small-vehicle 0
1333.0 999.0 1322.0 1010.0 1299.0 980.0 1312.0 971.0 small-vehicle 0
1318.0 1012.0 1307.0 1022.0 1283.0 995.0 1295.0 984.0 small-vehicle 0
1305.0 1026.0 1292.0 1035.0 1272.0 1008.0 1283.0 999.0 small-vehicle 0
1291.0 1037.0 1278.0 1050.0 1253.0 1024.0 1266.0 1011.0 small-vehicle 0
1273.0 1051.0 1259.0 1063.0 1239.0 1037.0 1251.0 1026.0 small-vehicle 0
1371.0 1024.0 1385.0 1012.0 1403.0 1036.0 1392.0 1047.0 small-vehicle 0
1354.0 1031.0 1366.0 1020.0 1385.0 1044.0 1373.0 1054.0 small-vehicle 0
1332.0 1045.0 1346.0 1031.0 1372.0 1060.0 1360.0 1072.0 small-vehicle 0
1310.0 1060.0 1326.0 1045.0 1351.0 1079.0 1338.0 1090.0 small-vehicle 0
1296.0 1074.0 1310.0 1063.0 1337.0 1093.0 1325.0 1105.0 small-vehicle 0
966.0 685.0 989.0 678.0 1012.0 776.0 992.0 783.0 large-vehicle 0
946.0 706.0 965.0 701.0 989.0 797.0 968.0 802.0 large-vehicle 0
863.0 672.0 848.0 655.0 920.0 584.0 936.0 601.0 large-vehicle 0
391.0 1146.0 410.0 1155.0 364.0 1245.0 345.0 1234.0 large-vehicle 0
422.0 549.0 438.0 565.0 365.0 633.0 351.0 617.0 large-vehicle 0
333.0 633.0 348.0 649.0 304.0 692.0 288.0 676.0 large-vehicle 0
218.0 750.0 230.0 767.0 161.0 829.0 147.0 813.0 large-vehicle 0
236.0 771.0 251.0 789.0 181.0 854.0 166.0 839.0 large-vehicle 0
262.0 791.0 276.0 810.0 201.0 875.0 187.0 856.0 large-vehicle 0
284.0 816.0 298.0 831.0 228.0 899.0 211.0 881.0 large-vehicle 0
305.0 836.0 319.0 850.0 248.0 916.0 232.0 901.0 large-vehicle 0
323.0 857.0 339.0 872.0 266.0 940.0 252.0 923.0 large-vehicle 0
365.0 855.0 380.0 870.0 308.0 940.0 292.0 925.0 large-vehicle 0
406.0 910.0 423.0 927.0 352.0 994.0 336.0 978.0 large-vehicle 0
492.0 979.0 505.0 1001.0 421.0 1055.0 409.0 1032.0 large-vehicle 0
328.0 1074.0 349.0 1081.0 304.0 1173.0 284.0 1163.0 large-vehicle 0
346.0 1101.0 367.0 1110.0 320.0 1198.0 299.0 1189.0 large-vehicle 0
367.0 1125.0 390.0 1135.0 341.0 1223.0 322.0 1212.0 large-vehicle 0
410.0 1171.0 431.0 1181.0 386.0 1270.0 367.0 1258.0 large-vehicle 0
845.0 651.0 831.0 635.0 899.0 564.0 915.0 580.0 large-vehicle 0
432.0 1194.0 454.0 1204.0 409.0 1293.0 387.0 1283.0 large-vehicle 0
460.0 1216.0 479.0 1226.0 433.0 1314.0 412.0 1304.0 large-vehicle 0
706.0 459.0 713.0 438.0 806.0 474.0 798.0 496.0 large-vehicle 0
748.0 416.0 756.0 393.0 850.0 424.0 842.0 447.0 large-vehicle 0
773.0 391.0 781.0 369.0 875.0 400.0 867.0 424.0 large-vehicle 0
800.0 368.0 806.0 347.0 900.0 379.0 891.0 403.0 large-vehicle 0
822.0 346.0 828.0 324.0 921.0 357.0 916.0 378.0 large-vehicle 0
845.0 321.0 853.0 299.0 947.0 335.0 939.0 358.0 large-vehicle 0
871.0 301.0 877.0 281.0 971.0 314.0 963.0 335.0 large-vehicle 0
894.0 279.0 901.0 256.0 995.0 289.0 990.0 312.0 large-vehicle 0
916.0 254.0 923.0 231.0 1017.0 265.0 1011.0 288.0 large-vehicle 0
939.0 236.0 944.0 213.0 1040.0 243.0 1035.0 264.0 large-vehicle 0
964.0 211.0 969.0 189.0 1065.0 221.0 1059.0 243.0 large-vehicle 0
971.0 183.0 977.0 161.0 1071.0 195.0 1063.0 215.0 large-vehicle 0
1374.0 1126.0 1360.0 1137.0 1337.0 1107.0 1354.0 1096.0 small-vehicle 0
1308.0 1133.0 1321.0 1124.0 1343.0 1156.0 1330.0 1165.0 small-vehicle 0
399.0 882.0 412.0 895.0 379.0 928.0 367.0 919.0 small-vehicle 0
565.0 1187.0 551.0 1202.0 524.0 1172.0 541.0 1159.0 small-vehicle 0
124.0 147.0 111.0 133.0 138.0 107.0 151.0 122.0 small-vehicle 0
208.0 1359.0 223.0 1343.0 249.0 1371.0 233.0 1385.0 small-vehicle 0
258.0 1349.0 246.0 1362.0 223.0 1337.0 238.0 1324.0 small-vehicle 0
252.0 1304.0 268.0 1291.0 291.0 1315.0 277.0 1329.0 small-vehicle 0
322.0 1288.0 306.0 1303.0 281.0 1275.0 298.0 1261.0 small-vehicle 0
209.0 1111.0 226.0 1125.0 202.0 1154.0 183.0 1142.0 small-vehicle 0
552.0 1051.0 566.0 1063.0 543.0 1087.0 529.0 1077.0 small-vehicle 0
1264.0 1105.0 1280.0 1089.0 1309.0 1122.0 1293.0 1136.0 small-vehicle 0
184.0 1041.0 202.0 1031.0 219.0 1062.0 202.0 1071.0 small-vehicle 0
1093.0 1163.0 1078.0 1178.0 1042.0 1133.0 1059.0 1121.0 small-vehicle 0
1015.0 1163.0 1030.0 1153.0 1047.0 1181.0 1032.0 1191.0 small-vehicle 0
999.0 1174.0 1014.0 1163.0 1032.0 1191.0 1018.0 1200.0 small-vehicle 0
1057.0 1221.0 1044.0 1233.0 1021.0 1201.0 1036.0 1191.0 small-vehicle 0
985.0 1191.0 1002.0 1178.0 1033.0 1218.0 1019.0 1231.0 small-vehicle 0
111.0 127.0 100.0 116.0 128.0 91.0 138.0 104.0 small-vehicle 0
226.0 256.0 215.0 245.0 242.0 220.0 253.0 232.0 small-vehicle 0
396.0 188.0 407.0 199.0 384.0 221.0 374.0 210.0 small-vehicle 0
359.0 251.0 369.0 239.0 398.0 262.0 388.0 272.0 small-vehicle 0
61.0 217.0 49.0 205.0 72.0 181.0 83.0 193.0 small-vehicle 0
228.0 275.0 231.0 259.0 263.0 268.0 261.0 281.0 small-vehicle 0
94.0 197.0 105.0 209.0 83.0 230.0 71.0 219.0 small-vehicle 0
98.0 245.0 87.0 236.0 109.0 215.0 118.0 227.0 small-vehicle 0
192.0 299.0 203.0 312.0 179.0 335.0 166.0 325.0 small-vehicle 0
214.0 389.0 224.0 380.0 247.0 405.0 238.0 414.0 small-vehicle 0
191.0 416.0 201.0 406.0 220.0 427.0 211.0 437.0 small-vehicle 0
178.0 486.0 162.0 488.0 158.0 448.0 174.0 447.0 small-vehicle 0
210.0 450.0 200.0 461.0 173.0 439.0 184.0 426.0 small-vehicle 0
241.0 365.0 253.0 358.0 272.0 383.0 261.0 392.0 small-vehicle 0
293.0 367.0 283.0 378.0 256.0 353.0 265.0 342.0 small-vehicle 0
309.0 316.0 316.0 306.0 336.0 323.0 329.0 331.0 small-vehicle 1
351.0 274.0 360.0 265.0 380.0 285.0 370.0 294.0 small-vehicle 1
969.0 1200.0 984.0 1188.0 1021.0 1237.0 1006.0 1249.0 small-vehicle 0
1001.0 1242.0 984.0 1254.0 949.0 1209.0 965.0 1197.0 small-vehicle 0
984.0 1253.0 971.0 1266.0 936.0 1231.0 951.0 1218.0 small-vehicle 0
1139.0 1300.0 1128.0 1281.0 1173.0 1254.0 1182.0 1272.0 small-vehicle 0
1297.0 1177.0 1282.0 1190.0 1257.0 1155.0 1274.0 1145.0 small-vehicle 0
1358.0 1258.0 1345.0 1268.0 1319.0 1230.0 1333.0 1223.0 small-vehicle 0
1348.0 1270.0 1360.0 1259.0 1378.0 1284.0 1365.0 1293.0 small-vehicle 0
1354.0 1289.0 1339.0 1301.0 1318.0 1274.0 1332.0 1262.0 small-vehicle 0
1160.0 1136.0 1145.0 1148.0 1117.0 1114.0 1132.0 1103.0 small-vehicle 0
1252.0 1118.0 1266.0 1108.0 1289.0 1137.0 1275.0 1147.0 small-vehicle 0
1243.0 1204.0 1227.0 1217.0 1190.0 1175.0 1207.0 1161.0 small-vehicle 0
1279.0 1248.0 1265.0 1261.0 1231.0 1217.0 1248.0 1203.0 small-vehicle 0
1303.0 1272.0 1292.0 1283.0 1268.0 1263.0 1279.0 1252.0 small-vehicle 0
1341.0 1312.0 1325.0 1327.0 1290.0 1288.0 1305.0 1274.0 small-vehicle 0
1213.0 1282.0 1221.0 1266.0 1255.0 1286.0 1248.0 1301.0 small-vehicle 0
1204.0 1244.0 1218.0 1233.0 1238.0 1257.0 1225.0 1267.0 small-vehicle 0
1214.0 1232.0 1200.0 1243.0 1175.0 1208.0 1189.0 1199.0 small-vehicle 0
1156.0 1222.0 1169.0 1208.0 1194.0 1237.0 1184.0 1249.0 small-vehicle 0
1103.0 1175.0 1119.0 1163.0 1139.0 1193.0 1124.0 1204.0 small-vehicle 0
1079.0 1182.0 1095.0 1170.0 1129.0 1208.0 1113.0 1223.0 small-vehicle 0
1424.0 1412.0 1406.0 1425.0 1379.0 1390.0 1396.0 1378.0 small-vehicle 0
998.0 1600.0 982.0 1582.0 1023.0 1550.0 1037.0 1568.0 small-vehicle 0
916.0 1533.0 898.0 1546.0 862.0 1501.0 878.0 1488.0 small-vehicle 0
941.0 1514.0 925.0 1528.0 886.0 1475.0 903.0 1462.0 small-vehicle 0
904.0 1464.0 921.0 1451.0 958.0 1501.0 945.0 1513.0 small-vehicle 0
1054.0 1359.0 1043.0 1345.0 1076.0 1323.0 1086.0 1339.0 small-vehicle 0
1059.0 1302.0 1072.0 1319.0 1026.0 1355.0 1012.0 1338.0 small-vehicle 0
1012.0 1328.0 1000.0 1310.0 1042.0 1287.0 1051.0 1304.0 small-vehicle 0
994.0 1315.0 984.0 1295.0 1035.0 1266.0 1045.0 1283.0 small-vehicle 0
1005.0 1254.0 1020.0 1271.0 982.0 1305.0 966.0 1287.0 small-vehicle 0
1021.0 1228.0 1035.0 1218.0 1056.0 1254.0 1044.0 1262.0 small-vehicle 0
1088.0 1255.0 1074.0 1266.0 1048.0 1232.0 1063.0 1222.0 small-vehicle 0
1095.0 1228.0 1079.0 1242.0 1039.0 1195.0 1055.0 1182.0 small-vehicle 0
1099.0 1207.0 1084.0 1219.0 1054.0 1183.0 1069.0 1171.0 small-vehicle 0
532.0 442.0 546.0 457.0 479.0 523.0 465.0 507.0 large-vehicle 0
