imagesource:GoogleEarth
gsd:0.22000798851
1044.0 21.0 1045.0 12.0 1063.0 12.0 1063.0 22.0 small-vehicle 1
887.0 594.0 876.0 591.0 885.0 556.0 896.0 559.0 large-vehicle 0
1046.0 626.0 1035.0 623.0 1048.0 565.0 1060.0 568.0 large-vehicle 0
1033.0 617.0 1021.0 614.0 1029.0 576.0 1040.0 579.0 large-vehicle 0
1018.0 614.0 1005.0 610.0 1013.0 574.0 1026.0 576.0 large-vehicle 0
990.0 613.0 979.0 610.0 988.0 570.0 999.0 572.0 large-vehicle 0
978.0 606.0 965.0 603.0 973.0 559.0 985.0 561.0 large-vehicle 0
962.0 604.0 950.0 601.0 959.0 556.0 971.0 558.0 large-vehicle 0
945.0 604.0 935.0 601.0 942.0 565.0 953.0 567.0 large-vehicle 0
933.0 602.0 922.0 599.0 930.0 556.0 941.0 559.0 large-vehicle 0
904.0 589.0 891.0 585.0 898.0 547.0 911.0 548.0 large-vehicle 0
917.0 600.0 905.0 596.0 916.0 544.0 928.0 547.0 large-vehicle 0
876.0 588.0 865.0 585.0 871.0 546.0 882.0 548.0 large-vehicle 0
937.0 311.0 937.0 320.0 917.0 319.0 918.0 309.0 small-vehicle 1
860.0 589.0 848.0 586.0 859.0 534.0 871.0 536.0 large-vehicle 0
846.0 589.0 835.0 586.0 845.0 531.0 857.0 533.0 large-vehicle 0
832.0 585.0 820.0 583.0 832.0 528.0 843.0 530.0 large-vehicle 0
817.0 583.0 802.0 580.0 811.0 527.0 826.0 528.0 large-vehicle 0
788.0 575.0 774.0 571.0 783.0 519.0 798.0 521.0 large-vehicle 0
760.0 570.0 750.0 568.0 756.0 530.0 767.0 532.0 large-vehicle 0
745.0 568.0 734.0 564.0 746.0 511.0 759.0 515.0 large-vehicle 0
733.0 563.0 718.0 561.0 726.0 508.0 740.0 509.0 large-vehicle 0
703.0 562.0 690.0 560.0 701.0 502.0 714.0 504.0 large-vehicle 0
688.0 557.0 671.0 555.0 683.0 500.0 699.0 503.0 large-vehicle 0
1078.0 631.0 1063.0 628.0 1074.0 571.0 1089.0 573.0 large-vehicle 0
1093.0 634.0 1081.0 633.0 1088.0 595.0 1098.0 598.0 large-vehicle 0
1105.0 623.0 1096.0 619.0 1103.0 591.0 1112.0 594.0 large-vehicle 0
939.0 634.0 953.0 640.0 935.0 694.0 920.0 688.0 large-vehicle 0
290.0 822.0 297.0 830.0 282.0 844.0 275.0 836.0 small-vehicle 0
273.0 831.0 266.0 824.0 280.0 810.0 287.0 817.0 small-vehicle 0
264.0 821.0 257.0 813.0 271.0 797.0 278.0 805.0 small-vehicle 0
256.0 811.0 247.0 802.0 260.0 787.0 269.0 796.0 small-vehicle 0
100.0 745.0 90.0 753.0 75.0 736.0 85.0 727.0 small-vehicle 0
6.0 701.0 15.0 692.0 29.0 711.0 20.0 718.0 small-vehicle 0
15.0 692.0 24.0 685.0 37.0 703.0 28.0 710.0 small-vehicle 0
117.0 728.0 109.0 735.0 94.0 717.0 102.0 710.0 small-vehicle 0
148.0 700.0 140.0 708.0 125.0 692.0 133.0 685.0 small-vehicle 0
92.0 646.0 83.0 653.0 70.0 635.0 79.0 629.0 small-vehicle 0
58.0 651.0 67.0 642.0 80.0 656.0 71.0 664.0 small-vehicle 0
310.0 177.0 306.0 187.0 285.0 177.0 289.0 166.0 small-vehicle 0
277.0 183.0 265.0 181.0 270.0 156.0 281.0 158.0 small-vehicle 0
252.0 170.0 241.0 167.0 248.0 145.0 257.0 148.0 small-vehicle 0
236.0 165.0 226.0 163.0 232.0 136.0 242.0 139.0 small-vehicle 0
222.0 161.0 213.0 155.0 223.0 132.0 232.0 137.0 small-vehicle 0
211.0 155.0 203.0 152.0 209.0 130.0 217.0 133.0 small-vehicle 0
166.0 150.0 160.0 159.0 142.0 148.0 149.0 137.0 small-vehicle 0
117.0 151.0 114.0 162.0 88.0 155.0 91.0 144.0 small-vehicle 0
950.0 909.0 967.0 915.0 950.0 971.0 934.0 967.0 large-vehicle 0
863.0 875.0 880.0 877.0 871.0 931.0 855.0 929.0 large-vehicle 0
1095.0 506.0 1108.0 511.0 1085.0 564.0 1073.0 559.0 large-vehicle 0
1065.0 500.0 1079.0 506.0 1057.0 559.0 1044.0 553.0 large-vehicle 0
1036.0 494.0 1048.0 499.0 1026.0 554.0 1015.0 548.0 large-vehicle 0
641.0 341.0 627.0 343.0 623.0 289.0 636.0 288.0 large-vehicle 0
503.0 450.0 489.0 444.0 515.0 392.0 529.0 397.0 large-vehicle 0
470.0 427.0 459.0 421.0 474.0 384.0 484.0 389.0 large-vehicle 0
568.0 326.0 556.0 326.0 551.0 275.0 564.0 274.0 large-vehicle 0
554.0 324.0 539.0 324.0 534.0 270.0 548.0 269.0 large-vehicle 0
511.0 318.0 494.0 319.0 488.0 262.0 504.0 260.0 large-vehicle 0
468.0 305.0 452.0 306.0 444.0 254.0 460.0 250.0 large-vehicle 0
439.0 301.0 422.0 303.0 416.0 249.0 432.0 246.0 large-vehicle 0
410.0 296.0 394.0 298.0 386.0 242.0 403.0 240.0 large-vehicle 0
381.0 293.0 365.0 293.0 356.0 236.0 374.0 235.0 large-vehicle 0
467.0 585.0 479.0 595.0 449.0 631.0 439.0 620.0 large-vehicle 0
430.0 542.0 441.0 550.0 405.0 594.0 394.0 585.0 large-vehicle 0
407.0 504.0 418.0 512.0 379.0 559.0 368.0 549.0 large-vehicle 0
386.0 459.0 397.0 470.0 355.0 512.0 345.0 502.0 large-vehicle 0
363.0 423.0 373.0 432.0 330.0 476.0 320.0 466.0 large-vehicle 0
329.0 371.0 338.0 380.0 291.0 413.0 284.0 404.0 large-vehicle 0
326.0 356.0 333.0 366.0 286.0 398.0 278.0 388.0 large-vehicle 0
316.0 345.0 323.0 355.0 273.0 389.0 265.0 378.0 large-vehicle 0
306.0 332.0 313.0 343.0 263.0 377.0 255.0 366.0 large-vehicle 0
271.0 310.0 269.0 322.0 228.0 317.0 229.0 305.0 large-vehicle 0
311.0 271.0 298.0 280.0 264.0 232.0 276.0 224.0 large-vehicle 0
245.0 288.0 246.0 278.0 281.0 284.0 280.0 294.0 large-vehicle 0
521.0 453.0 510.0 446.0 533.0 399.0 543.0 404.0 large-vehicle 0
657.0 345.0 645.0 345.0 638.0 293.0 650.0 291.0 large-vehicle 0
1020.0 492.0 1033.0 498.0 1011.0 550.0 998.0 545.0 large-vehicle 0
699.0 359.0 684.0 360.0 680.0 301.0 694.0 300.0 large-vehicle 0
989.0 488.0 1002.0 493.0 983.0 540.0 969.0 534.0 large-vehicle 0
915.0 470.0 929.0 475.0 906.0 529.0 892.0 523.0 large-vehicle 0
840.0 455.0 856.0 461.0 829.0 515.0 815.0 509.0 large-vehicle 0
811.0 454.0 822.0 460.0 800.0 508.0 790.0 502.0 large-vehicle 0
799.0 446.0 810.0 453.0 786.0 505.0 774.0 498.0 large-vehicle 0
783.0 444.0 794.0 450.0 771.0 501.0 760.0 494.0 large-vehicle 0
766.0 442.0 779.0 449.0 753.0 499.0 741.0 494.0 large-vehicle 0
708.0 431.0 720.0 437.0 695.0 488.0 682.0 481.0 large-vehicle 0
679.0 429.0 690.0 434.0 667.0 481.0 656.0 476.0 large-vehicle 0
662.0 424.0 675.0 431.0 651.0 479.0 639.0 473.0 large-vehicle 0
633.0 417.0 644.0 424.0 622.0 473.0 609.0 468.0 large-vehicle 0
1129.0 439.0 1114.0 441.0 1106.0 384.0 1122.0 382.0 large-vehicle 0
1099.0 438.0 1084.0 440.0 1076.0 383.0 1091.0 380.0 large-vehicle 0
1055.0 428.0 1041.0 429.0 1033.0 370.0 1048.0 368.0 large-vehicle 0
1010.0 415.0 994.0 416.0 988.0 363.0 1003.0 361.0 large-vehicle 0
950.0 401.0 936.0 405.0 928.0 350.0 943.0 347.0 large-vehicle 0
862.0 388.0 846.0 390.0 839.0 333.0 855.0 330.0 large-vehicle 0
831.0 379.0 818.0 380.0 810.0 328.0 824.0 325.0 large-vehicle 0
788.0 373.0 775.0 374.0 769.0 318.0 782.0 315.0 large-vehicle 0
744.0 368.0 732.0 368.0 727.0 310.0 739.0 308.0 large-vehicle 0
729.0 363.0 715.0 365.0 710.0 306.0 724.0 305.0 large-vehicle 0
300.0 830.0 306.0 838.0 290.0 852.0 283.0 845.0 small-vehicle 0
313.0 852.0 321.0 859.0 307.0 871.0 300.0 864.0 small-vehicle 0
335.0 962.0 331.0 973.0 313.0 966.0 317.0 955.0 small-vehicle 0
1248.0 25.0 1248.0 36.0 1226.0 38.0 1225.0 26.0 small-vehicle 0
1176.0 49.0 1165.0 48.0 1167.0 24.0 1178.0 25.0 small-vehicle 0
1149.0 26.0 1161.0 27.0 1160.0 49.0 1148.0 48.0 small-vehicle 0
1113.0 29.0 1128.0 29.0 1126.0 51.0 1111.0 50.0 small-vehicle 0
1044.0 39.0 1044.0 25.0 1071.0 28.0 1070.0 41.0 small-vehicle 0
1044.0 51.0 1045.0 39.0 1067.0 42.0 1065.0 54.0 small-vehicle 0
1042.0 179.0 1053.0 184.0 1042.0 207.0 1032.0 202.0 small-vehicle 0
1035.0 36.0 1024.0 35.0 1026.0 14.0 1035.0 15.0 small-vehicle 0
1024.0 34.0 1013.0 33.0 1016.0 10.0 1026.0 12.0 small-vehicle 0
1011.0 33.0 1002.0 32.0 1007.0 9.0 1016.0 12.0 small-vehicle 0
1002.0 32.0 990.0 30.0 994.0 8.0 1004.0 10.0 small-vehicle 0
993.0 157.0 999.0 167.0 983.0 178.0 976.0 169.0 small-vehicle 0
881.0 126.0 877.0 114.0 899.0 107.0 902.0 118.0 small-vehicle 0
903.0 880.0 917.0 883.0 912.0 912.0 899.0 909.0 small-vehicle 0
889.0 875.0 902.0 878.0 897.0 907.0 884.0 905.0 small-vehicle 0
932.0 1007.0 943.0 1009.0 939.0 1032.0 929.0 1030.0 small-vehicle 0
921.0 1006.0 934.0 1009.0 929.0 1031.0 916.0 1028.0 small-vehicle 0
905.0 1006.0 915.0 1008.0 912.0 1027.0 901.0 1025.0 small-vehicle 0
890.0 1002.0 901.0 1005.0 895.0 1027.0 885.0 1024.0 small-vehicle 0
871.0 998.0 882.0 999.0 878.0 1020.0 868.0 1018.0 small-vehicle 0
866.0 1021.0 854.0 1020.0 860.0 996.0 871.0 999.0 small-vehicle 0
856.0 1018.0 845.0 1017.0 849.0 995.0 857.0 997.0 small-vehicle 0
1197.0 27.0 1208.0 27.0 1206.0 49.0 1196.0 48.0 small-vehicle 0
1247.0 40.0 1246.0 49.0 1229.0 48.0 1228.0 38.0 small-vehicle 0
819.0 991.0 829.0 993.0 825.0 1012.0 815.0 1009.0 small-vehicle 0
1227.0 61.0 1225.0 48.0 1247.0 50.0 1247.0 61.0 small-vehicle 0
937.0 301.0 937.0 309.0 916.0 307.0 917.0 298.0 small-vehicle 1
1043.0 325.0 1043.0 335.0 1025.0 332.0 1027.0 322.0 small-vehicle 1
1280.0 634.0 1289.0 635.0 1286.0 658.0 1276.0 657.0 small-vehicle 1
1333.0 660.0 1334.0 649.0 1357.0 653.0 1355.0 663.0 small-vehicle 1
285.0 946.0 283.0 956.0 260.0 952.0 262.0 942.0 small-vehicle 1
144.0 163.0 142.0 173.0 115.0 167.0 118.0 158.0 small-vehicle 1
52.0 40.0 57.0 47.0 42.0 60.0 37.0 53.0 small-vehicle 1
39.0 10.0 45.0 19.0 30.0 30.0 23.0 22.0 small-vehicle 1
46.0 25.0 51.0 33.0 39.0 42.0 33.0 36.0 small-vehicle 1
60.0 20.0 68.0 23.0 62.0 38.0 54.0 36.0 small-vehicle 1
1302.0 261.0 1296.0 271.0 1270.0 257.0 1277.0 246.0 small-vehicle 0
1315.0 813.0 1327.0 816.0 1323.0 836.0 1311.0 832.0 small-vehicle 0
1332.0 786.0 1322.0 784.0 1328.0 763.0 1337.0 765.0 small-vehicle 0
1320.0 787.0 1310.0 785.0 1315.0 762.0 1324.0 764.0 small-vehicle 0
1213.0 127.0 1224.0 128.0 1222.0 148.0 1212.0 146.0 small-vehicle 0
1198.0 140.0 1187.0 138.0 1189.0 117.0 1199.0 117.0 small-vehicle 0
1169.0 118.0 1181.0 117.0 1183.0 137.0 1171.0 138.0 small-vehicle 0
1159.0 105.0 1169.0 109.0 1161.0 131.0 1150.0 125.0 small-vehicle 0
1146.0 116.0 1136.0 110.0 1149.0 91.0 1158.0 97.0 small-vehicle 0
1249.0 89.0 1249.0 100.0 1224.0 101.0 1223.0 90.0 small-vehicle 0
1248.0 76.0 1249.0 88.0 1226.0 88.0 1226.0 75.0 small-vehicle 0
836.0 992.0 848.0 995.0 842.0 1017.0 831.0 1012.0 small-vehicle 0
814.0 1009.0 805.0 1008.0 808.0 984.0 818.0 986.0 small-vehicle 0
390.0 984.0 384.0 995.0 364.0 983.0 370.0 972.0 small-vehicle 0
632.0 978.0 626.0 971.0 641.0 955.0 646.0 962.0 small-vehicle 0
756.0 914.0 746.0 913.0 748.0 891.0 759.0 892.0 small-vehicle 0
744.0 915.0 733.0 913.0 737.0 892.0 747.0 893.0 small-vehicle 0
615.0 841.0 627.0 841.0 623.0 864.0 611.0 862.0 small-vehicle 0
650.0 525.0 639.0 523.0 644.0 492.0 655.0 494.0 small-vehicle 0
635.0 520.0 623.0 518.0 633.0 488.0 644.0 492.0 small-vehicle 0
620.0 517.0 609.0 515.0 617.0 484.0 628.0 487.0 small-vehicle 0
604.0 521.0 591.0 517.0 600.0 480.0 614.0 483.0 small-vehicle 0
776.0 226.0 777.0 214.0 796.0 218.0 794.0 229.0 small-vehicle 0
793.0 141.0 786.0 130.0 805.0 119.0 811.0 129.0 small-vehicle 0
787.0 129.0 782.0 120.0 801.0 113.0 803.0 121.0 small-vehicle 0
783.0 121.0 779.0 111.0 799.0 101.0 803.0 111.0 small-vehicle 0
778.0 110.0 772.0 100.0 793.0 90.0 798.0 101.0 small-vehicle 0
776.0 117.0 780.0 127.0 762.0 137.0 756.0 127.0 small-vehicle 0
769.0 105.0 773.0 115.0 758.0 125.0 752.0 115.0 small-vehicle 0
756.0 76.0 761.0 86.0 740.0 95.0 735.0 86.0 small-vehicle 0
742.0 44.0 746.0 54.0 730.0 63.0 725.0 54.0 small-vehicle 0
703.0 33.0 714.0 31.0 716.0 52.0 705.0 53.0 small-vehicle 0
380.0 191.0 393.0 192.0 391.0 214.0 379.0 213.0 small-vehicle 0
547.0 510.0 533.0 507.0 541.0 475.0 555.0 479.0 small-vehicle 0
483.0 1014.0 476.0 1025.0 453.0 1007.0 461.0 996.0 small-vehicle 0
390.0 954.0 400.0 960.0 389.0 978.0 379.0 972.0 small-vehicle 0
632.0 947.0 640.0 955.0 626.0 973.0 617.0 965.0 small-vehicle 0
639.0 988.0 632.0 979.0 649.0 965.0 655.0 973.0 small-vehicle 0
797.0 985.0 807.0 986.0 803.0 1005.0 794.0 1003.0 small-vehicle 0
655.0 974.0 660.0 982.0 645.0 995.0 638.0 988.0 small-vehicle 0
792.0 1005.0 782.0 1004.0 785.0 983.0 795.0 984.0 small-vehicle 0
783.0 1001.0 772.0 998.0 776.0 979.0 786.0 981.0 small-vehicle 0
766.0 978.0 777.0 981.0 771.0 1003.0 761.0 1000.0 small-vehicle 0
754.0 978.0 766.0 981.0 762.0 999.0 751.0 997.0 small-vehicle 0
743.0 974.0 754.0 974.0 752.0 997.0 742.0 996.0 small-vehicle 0
733.0 972.0 744.0 974.0 741.0 995.0 731.0 993.0 small-vehicle 0
724.0 971.0 734.0 972.0 730.0 992.0 720.0 991.0 small-vehicle 0
850.0 992.0 838.0 990.0 843.0 962.0 855.0 965.0 small-vehicle 0
828.0 986.0 815.0 984.0 821.0 959.0 833.0 962.0 small-vehicle 0
801.0 960.0 812.0 962.0 806.0 982.0 796.0 979.0 small-vehicle 0
787.0 979.0 776.0 977.0 781.0 957.0 791.0 959.0 small-vehicle 0
775.0 977.0 766.0 975.0 770.0 954.0 779.0 956.0 small-vehicle 0
760.0 952.0 770.0 954.0 765.0 976.0 756.0 974.0 small-vehicle 0
751.0 951.0 760.0 953.0 755.0 974.0 746.0 971.0 small-vehicle 0
734.0 969.0 725.0 967.0 729.0 947.0 738.0 949.0 small-vehicle 0
705.0 961.0 696.0 960.0 700.0 938.0 709.0 940.0 small-vehicle 0
689.0 1015.0 695.0 1020.0 682.0 1034.0 674.0 1028.0 small-vehicle 0
675.0 1026.0 667.0 1018.0 686.0 1003.0 692.0 1011.0 small-vehicle 0
674.0 998.0 681.0 1005.0 668.0 1018.0 662.0 1012.0 small-vehicle 0
661.0 1011.0 654.0 1003.0 669.0 990.0 674.0 998.0 small-vehicle 0
662.0 983.0 667.0 991.0 653.0 1003.0 647.0 995.0 small-vehicle 0
201.0 280.0 203.0 269.0 236.0 276.0 233.0 286.0 large-vehicle 0
