imagesource:GoogleEarth
gsd:0.112240029026
1995.0 1583.0 1984.0 1596.0 1954.0 1569.0 1967.0 1555.0 small-vehicle 0
605.0 787.0 622.0 767.0 705.0 847.0 687.0 870.0 large-vehicle 0
445.0 1027.0 459.0 1009.0 502.0 1048.0 487.0 1065.0 large-vehicle 0
460.0 949.0 478.0 932.0 554.0 1004.0 536.0 1021.0 large-vehicle 0
484.0 932.0 502.0 912.0 581.0 984.0 564.0 1004.0 large-vehicle 0
662.0 1054.0 643.0 1075.0 578.0 1013.0 592.0 995.0 large-vehicle 0
527.0 886.0 542.0 868.0 622.0 939.0 606.0 958.0 large-vehicle 0
547.0 865.0 565.0 844.0 644.0 916.0 627.0 936.0 large-vehicle 0
561.0 836.0 581.0 813.0 664.0 891.0 645.0 912.0 large-vehicle 0
584.0 811.0 602.0 789.0 683.0 868.0 666.0 890.0 large-vehicle 0
798.0 930.0 781.0 949.0 694.0 872.0 712.0 852.0 large-vehicle 0
795.0 375.0 779.0 396.0 704.0 326.0 719.0 308.0 large-vehicle 0
643.0 736.0 660.0 718.0 745.0 798.0 728.0 816.0 large-vehicle 0
681.0 1244.0 701.0 1222.0 784.0 1295.0 764.0 1317.0 large-vehicle 0
702.0 1218.0 724.0 1195.0 806.0 1267.0 789.0 1290.0 large-vehicle 0
818.0 905.0 801.0 925.0 716.0 848.0 734.0 827.0 large-vehicle 0
812.0 730.0 796.0 747.0 720.0 677.0 737.0 660.0 large-vehicle 0
742.0 282.0 759.0 264.0 842.0 334.0 825.0 355.0 large-vehicle 0
761.0 262.0 778.0 242.0 899.0 345.0 882.0 365.0 large-vehicle 0
775.0 231.0 795.0 212.0 922.0 325.0 904.0 344.0 large-vehicle 0
476.0 1068.0 462.0 1082.0 419.0 1039.0 436.0 1025.0 large-vehicle 0
776.0 399.0 760.0 422.0 680.0 355.0 697.0 335.0 large-vehicle 0
1981.0 1598.0 1968.0 1615.0 1940.0 1589.0 1953.0 1573.0 small-vehicle 0
478.0 714.0 464.0 731.0 416.0 689.0 429.0 673.0 large-vehicle 0
332.0 968.0 318.0 986.0 200.0 881.0 216.0 865.0 large-vehicle 0
353.0 945.0 336.0 963.0 225.0 855.0 241.0 838.0 large-vehicle 0
373.0 918.0 358.0 938.0 245.0 830.0 261.0 813.0 large-vehicle 0
394.0 897.0 380.0 916.0 263.0 811.0 279.0 794.0 large-vehicle 0
377.0 836.0 362.0 855.0 279.0 788.0 296.0 770.0 large-vehicle 0
416.0 790.0 401.0 810.0 324.0 743.0 341.0 725.0 large-vehicle 0
440.0 769.0 422.0 788.0 336.0 715.0 353.0 698.0 large-vehicle 0
462.0 742.0 445.0 762.0 367.0 692.0 384.0 674.0 large-vehicle 0
529.0 684.0 510.0 704.0 429.0 627.0 445.0 611.0 large-vehicle 0
760.0 432.0 742.0 450.0 659.0 376.0 675.0 359.0 large-vehicle 0
548.0 657.0 533.0 677.0 449.0 602.0 465.0 583.0 large-vehicle 0
572.0 630.0 556.0 651.0 470.0 582.0 487.0 564.0 large-vehicle 0
605.0 584.0 589.0 602.0 511.0 536.0 527.0 519.0 large-vehicle 0
628.0 562.0 612.0 580.0 531.0 513.0 548.0 495.0 large-vehicle 0
646.0 539.0 633.0 559.0 555.0 490.0 571.0 470.0 large-vehicle 0
667.0 519.0 652.0 538.0 576.0 467.0 593.0 448.0 large-vehicle 0
691.0 494.0 674.0 515.0 597.0 444.0 614.0 425.0 large-vehicle 0
710.0 471.0 695.0 490.0 613.0 419.0 628.0 399.0 large-vehicle 0
732.0 648.0 750.0 628.0 825.0 704.0 807.0 722.0 large-vehicle 0
753.0 625.0 769.0 605.0 848.0 679.0 830.0 698.0 large-vehicle 0
770.0 602.0 790.0 581.0 867.0 655.0 850.0 675.0 large-vehicle 0
1761.0 1276.0 1759.0 1305.0 1653.0 1300.0 1653.0 1270.0 large-vehicle 0
1276.0 936.0 1258.0 958.0 1175.0 884.0 1192.0 862.0 large-vehicle 0
904.0 1318.0 885.0 1338.0 814.0 1272.0 833.0 1252.0 large-vehicle 0
925.0 1292.0 907.0 1314.0 836.0 1252.0 853.0 1232.0 large-vehicle 0
1007.0 1236.0 985.0 1259.0 900.0 1182.0 918.0 1158.0 large-vehicle 0
1209.0 1565.0 1216.0 1590.0 1129.0 1619.0 1121.0 1592.0 large-vehicle 0
1645.0 1176.0 1646.0 1201.0 1542.0 1199.0 1544.0 1172.0 large-vehicle 0
1720.0 1213.0 1719.0 1239.0 1561.0 1231.0 1562.0 1206.0 large-vehicle 0
1730.0 1245.0 1730.0 1271.0 1624.0 1268.0 1623.0 1239.0 large-vehicle 0
773.0 1320.0 789.0 1299.0 870.0 1371.0 851.0 1394.0 large-vehicle 0
790.0 578.0 808.0 558.0 885.0 634.0 870.0 653.0 large-vehicle 0
751.0 1344.0 771.0 1322.0 848.0 1396.0 829.0 1417.0 large-vehicle 0
1695.0 1479.0 1711.0 1459.0 1741.0 1490.0 1726.0 1505.0 small-vehicle 0
1719.0 1466.0 1731.0 1451.0 1761.0 1481.0 1748.0 1492.0 small-vehicle 0
1730.0 1449.0 1745.0 1431.0 1774.0 1460.0 1761.0 1476.0 small-vehicle 0
1751.0 1429.0 1765.0 1413.0 1803.0 1444.0 1789.0 1460.0 small-vehicle 0
1779.0 1425.0 1797.0 1407.0 1843.0 1450.0 1828.0 1465.0 small-vehicle 0
1851.0 1418.0 1864.0 1404.0 1888.0 1431.0 1879.0 1442.0 small-vehicle 0
1970.0 1618.0 1956.0 1634.0 1926.0 1607.0 1940.0 1589.0 small-vehicle 0
1232.0 983.0 1213.0 1004.0 1133.0 928.0 1150.0 909.0 large-vehicle 0
1215.0 1006.0 1196.0 1028.0 1112.0 951.0 1128.0 932.0 large-vehicle 0
958.0 935.0 975.0 915.0 1059.0 993.0 1041.0 1014.0 large-vehicle 0
928.0 998.0 945.0 979.0 1016.0 1038.0 998.0 1059.0 large-vehicle 0
813.0 557.0 829.0 537.0 909.0 610.0 892.0 630.0 large-vehicle 0
854.0 510.0 875.0 490.0 952.0 565.0 933.0 585.0 large-vehicle 0
877.0 490.0 895.0 469.0 974.0 544.0 955.0 565.0 large-vehicle 0
896.0 465.0 914.0 445.0 993.0 518.0 976.0 538.0 large-vehicle 0
881.0 830.0 861.0 850.0 782.0 776.0 799.0 755.0 large-vehicle 0
900.0 805.0 882.0 829.0 804.0 752.0 823.0 731.0 large-vehicle 0
922.0 784.0 902.0 806.0 827.0 726.0 845.0 707.0 large-vehicle 0
941.0 760.0 924.0 781.0 845.0 705.0 865.0 687.0 large-vehicle 0
961.0 739.0 944.0 759.0 867.0 680.0 886.0 662.0 large-vehicle 0
983.0 716.0 964.0 735.0 888.0 658.0 907.0 641.0 large-vehicle 0
1007.0 692.0 989.0 712.0 912.0 636.0 929.0 618.0 large-vehicle 0
1024.0 670.0 1005.0 689.0 931.0 613.0 945.0 597.0 large-vehicle 0
1050.0 652.0 1031.0 671.0 953.0 597.0 970.0 580.0 large-vehicle 0
1068.0 623.0 1051.0 644.0 972.0 565.0 988.0 547.0 large-vehicle 0
1090.0 598.0 1072.0 621.0 992.0 544.0 1009.0 525.0 large-vehicle 0
1108.0 579.0 1092.0 599.0 1015.0 520.0 1032.0 503.0 large-vehicle 0
908.0 1020.0 925.0 1001.0 992.0 1068.0 974.0 1085.0 large-vehicle 0
314.0 991.0 298.0 1012.0 182.0 904.0 200.0 887.0 large-vehicle 0
