imagesource:GoogleEarth
gsd:0.240861518904
1023.0 119.0 1030.0 124.0 1020.0 138.0 1012.0 133.0 small-vehicle 1
32.0 227.0 40.0 232.0 29.0 248.0 21.0 244.0 small-vehicle 0
49.0 240.0 57.0 244.0 46.0 258.0 39.0 253.0 small-vehicle 0
53.0 267.0 45.0 260.0 57.0 245.0 64.0 251.0 small-vehicle 0
79.0 265.0 89.0 272.0 78.0 287.0 67.0 281.0 small-vehicle 0
109.0 293.0 117.0 299.0 106.0 315.0 98.0 309.0 small-vehicle 0
47.0 319.0 38.0 314.0 52.0 296.0 58.0 302.0 small-vehicle 0
60.0 304.0 67.0 310.0 55.0 327.0 46.0 321.0 small-vehicle 0
64.0 320.0 73.0 326.0 63.0 340.0 54.0 335.0 small-vehicle 0
76.0 326.0 85.0 332.0 71.0 349.0 62.0 343.0 small-vehicle 0
217.0 455.0 224.0 444.0 244.0 459.0 237.0 469.0 small-vehicle 0
82.0 789.0 91.0 796.0 77.0 812.0 68.0 804.0 small-vehicle 0
88.0 798.0 97.0 805.0 84.0 819.0 75.0 813.0 small-vehicle 0
96.0 804.0 104.0 811.0 88.0 834.0 78.0 828.0 small-vehicle 0
171.0 798.0 181.0 806.0 169.0 820.0 159.0 814.0 small-vehicle 0
120.0 814.0 128.0 821.0 115.0 837.0 106.0 830.0 small-vehicle 0
128.0 820.0 120.0 812.0 133.0 799.0 140.0 806.0 small-vehicle 0
42.0 234.0 48.0 237.0 40.0 252.0 33.0 248.0 small-vehicle 0
140.0 266.0 150.0 273.0 134.0 297.0 124.0 290.0 small-vehicle 0
228.0 91.0 219.0 84.0 233.0 68.0 240.0 76.0 small-vehicle 0
127.0 262.0 138.0 267.0 125.0 289.0 116.0 284.0 small-vehicle 0
246.0 103.0 238.0 96.0 249.0 79.0 257.0 86.0 small-vehicle 0
267.0 34.0 259.0 27.0 271.0 12.0 278.0 19.0 small-vehicle 0
277.0 21.0 285.0 28.0 275.0 41.0 267.0 35.0 small-vehicle 0
284.0 47.0 277.0 42.0 288.0 27.0 294.0 34.0 small-vehicle 0
320.0 52.0 319.0 61.0 300.0 57.0 301.0 48.0 small-vehicle 0
27.0 190.0 37.0 197.0 23.0 211.0 14.0 205.0 small-vehicle 0
38.0 201.0 47.0 205.0 38.0 223.0 28.0 218.0 small-vehicle 0
49.0 208.0 55.0 214.0 44.0 229.0 37.0 223.0 small-vehicle 0
56.0 212.0 64.0 218.0 51.0 233.0 45.0 228.0 small-vehicle 0
70.0 226.0 79.0 231.0 69.0 247.0 60.0 241.0 small-vehicle 0
79.0 231.0 86.0 236.0 77.0 253.0 69.0 248.0 small-vehicle 0
134.0 229.0 128.0 237.0 113.0 225.0 119.0 218.0 small-vehicle 0
86.0 236.0 95.0 241.0 86.0 257.0 78.0 253.0 small-vehicle 0
99.0 247.0 108.0 253.0 97.0 267.0 89.0 261.0 small-vehicle 0
110.0 248.0 120.0 256.0 107.0 277.0 98.0 271.0 small-vehicle 0
122.0 792.0 130.0 799.0 119.0 815.0 111.0 809.0 small-vehicle 0
126.0 772.0 134.0 778.0 123.0 791.0 116.0 786.0 small-vehicle 0
105.0 810.0 97.0 802.0 109.0 788.0 115.0 794.0 small-vehicle 0
108.0 782.0 98.0 776.0 114.0 759.0 121.0 766.0 small-vehicle 0
91.0 1000.0 84.0 994.0 96.0 977.0 102.0 983.0 small-vehicle 0
99.0 1006.0 91.0 1001.0 104.0 984.0 110.0 989.0 small-vehicle 0
108.0 1013.0 99.0 1008.0 112.0 990.0 120.0 996.0 small-vehicle 0
115.0 1019.0 107.0 1015.0 117.0 998.0 125.0 1002.0 small-vehicle 0
123.0 1026.0 114.0 1020.0 126.0 1003.0 135.0 1009.0 small-vehicle 0
131.0 1034.0 122.0 1029.0 137.0 1010.0 145.0 1016.0 small-vehicle 0
140.0 1040.0 132.0 1035.0 143.0 1016.0 151.0 1022.0 small-vehicle 0
147.0 1047.0 139.0 1042.0 152.0 1024.0 159.0 1030.0 small-vehicle 0
155.0 1053.0 147.0 1048.0 159.0 1032.0 166.0 1037.0 small-vehicle 0
164.0 1059.0 155.0 1054.0 166.0 1036.0 173.0 1043.0 small-vehicle 0
171.0 1067.0 163.0 1061.0 175.0 1043.0 183.0 1050.0 small-vehicle 0
71.0 1011.0 63.0 1005.0 72.0 990.0 79.0 996.0 small-vehicle 0
80.0 1017.0 71.0 1010.0 81.0 994.0 89.0 1001.0 small-vehicle 0
86.0 1025.0 79.0 1018.0 88.0 1001.0 97.0 1006.0 small-vehicle 0
94.0 1031.0 85.0 1025.0 97.0 1006.0 105.0 1011.0 small-vehicle 0
83.0 995.0 75.0 988.0 88.0 973.0 95.0 979.0 small-vehicle 0
41.0 1009.0 49.0 1015.0 36.0 1031.0 29.0 1025.0 small-vehicle 0
38.0 1005.0 33.0 1015.0 17.0 1005.0 23.0 995.0 small-vehicle 0
95.0 931.0 89.0 940.0 74.0 927.0 80.0 919.0 small-vehicle 0
69.0 860.0 75.0 850.0 91.0 864.0 85.0 871.0 small-vehicle 0
126.0 894.0 121.0 900.0 107.0 887.0 114.0 881.0 small-vehicle 0
119.0 902.0 115.0 908.0 101.0 897.0 107.0 890.0 small-vehicle 0
113.0 908.0 108.0 916.0 94.0 905.0 100.0 898.0 small-vehicle 0
108.0 917.0 102.0 924.0 88.0 913.0 94.0 905.0 small-vehicle 0
102.0 924.0 95.0 931.0 80.0 920.0 87.0 913.0 small-vehicle 0
90.0 940.0 84.0 950.0 67.0 933.0 75.0 926.0 small-vehicle 0
44.0 996.0 40.0 1005.0 24.0 993.0 30.0 985.0 small-vehicle 0
82.0 948.0 77.0 955.0 63.0 943.0 69.0 936.0 small-vehicle 0
76.0 954.0 71.0 962.0 59.0 952.0 65.0 945.0 small-vehicle 0
70.0 963.0 65.0 971.0 52.0 959.0 58.0 952.0 small-vehicle 0
65.0 973.0 60.0 980.0 46.0 967.0 52.0 960.0 small-vehicle 0
59.0 981.0 53.0 988.0 37.0 977.0 43.0 969.0 small-vehicle 0
53.0 988.0 46.0 996.0 32.0 984.0 39.0 976.0 small-vehicle 0
236.0 97.0 229.0 90.0 242.0 72.0 250.0 79.0 small-vehicle 0
225.0 60.0 233.0 68.0 221.0 82.0 211.0 75.0 small-vehicle 0
110.0 1042.0 102.0 1037.0 114.0 1018.0 122.0 1024.0 small-vehicle 0
506.0 405.0 501.0 392.0 568.0 363.0 572.0 376.0 large-vehicle 0
532.0 430.0 526.0 416.0 594.0 387.0 600.0 401.0 large-vehicle 0
203.0 428.0 197.0 412.0 244.0 391.0 251.0 406.0 large-vehicle 0
247.0 463.0 240.0 446.0 288.0 426.0 294.0 443.0 large-vehicle 0
457.0 430.0 472.0 432.0 456.0 506.0 443.0 504.0 large-vehicle 0
469.0 441.0 484.0 444.0 471.0 516.0 456.0 516.0 large-vehicle 0
495.0 460.0 511.0 462.0 496.0 537.0 481.0 534.0 large-vehicle 0
508.0 471.0 524.0 474.0 508.0 547.0 494.0 543.0 large-vehicle 0
521.0 480.0 538.0 483.0 522.0 556.0 506.0 553.0 large-vehicle 0
536.0 491.0 553.0 495.0 536.0 568.0 520.0 564.0 large-vehicle 0
550.0 503.0 567.0 506.0 551.0 580.0 536.0 576.0 large-vehicle 0
563.0 515.0 578.0 518.0 564.0 591.0 550.0 588.0 large-vehicle 0
575.0 525.0 592.0 527.0 577.0 601.0 561.0 599.0 large-vehicle 0
381.0 567.0 373.0 552.0 421.0 531.0 426.0 546.0 large-vehicle 0
267.0 591.0 261.0 577.0 307.0 556.0 312.0 570.0 large-vehicle 0
126.0 535.0 142.0 536.0 133.0 586.0 118.0 585.0 large-vehicle 0
531.0 412.0 525.0 398.0 571.0 378.0 576.0 393.0 large-vehicle 0
494.0 395.0 487.0 381.0 534.0 363.0 539.0 375.0 large-vehicle 0
215.0 54.0 222.0 61.0 212.0 76.0 204.0 70.0 small-vehicle 0
427.0 411.0 444.0 414.0 430.0 487.0 415.0 484.0 large-vehicle 0
414.0 193.0 406.0 179.0 475.0 145.0 482.0 159.0 large-vehicle 0
430.0 209.0 423.0 194.0 491.0 165.0 496.0 178.0 large-vehicle 0
455.0 228.0 449.0 213.0 516.0 182.0 524.0 197.0 large-vehicle 0
468.0 237.0 462.0 224.0 528.0 194.0 534.0 207.0 large-vehicle 0
388.0 313.0 381.0 301.0 427.0 278.0 433.0 291.0 large-vehicle 0
422.0 345.0 416.0 331.0 483.0 300.0 489.0 312.0 large-vehicle 0
451.0 347.0 444.0 332.0 487.0 312.0 493.0 324.0 large-vehicle 0
465.0 370.0 457.0 354.0 503.0 337.0 509.0 352.0 large-vehicle 0
289.0 296.0 305.0 299.0 291.0 375.0 277.0 371.0 large-vehicle 0
301.0 315.0 315.0 317.0 306.0 367.0 292.0 366.0 large-vehicle 0
318.0 320.0 333.0 321.0 322.0 396.0 306.0 395.0 large-vehicle 0
357.0 365.0 371.0 366.0 362.0 417.0 348.0 415.0 large-vehicle 0
375.0 366.0 390.0 367.0 376.0 442.0 361.0 438.0 large-vehicle 0
388.0 376.0 403.0 379.0 388.0 453.0 374.0 450.0 large-vehicle 0
401.0 386.0 417.0 389.0 401.0 461.0 386.0 459.0 large-vehicle 0
167.0 567.0 185.0 569.0 177.0 617.0 161.0 616.0 large-vehicle 0
235.0 619.0 249.0 622.0 239.0 673.0 225.0 671.0 large-vehicle 0
514.0 672.0 507.0 657.0 551.0 639.0 557.0 653.0 large-vehicle 0
446.0 731.0 438.0 717.0 485.0 694.0 491.0 708.0 large-vehicle 0
570.0 462.0 564.0 448.0 633.0 419.0 637.0 432.0 large-vehicle 0
593.0 480.0 586.0 465.0 655.0 435.0 660.0 448.0 large-vehicle 0
630.0 511.0 623.0 498.0 670.0 475.0 675.0 487.0 large-vehicle 0
588.0 536.0 605.0 538.0 591.0 612.0 576.0 611.0 large-vehicle 0
604.0 549.0 621.0 550.0 609.0 623.0 593.0 621.0 large-vehicle 0
617.0 557.0 635.0 560.0 621.0 633.0 604.0 631.0 large-vehicle 0
571.0 801.0 558.0 792.0 622.0 712.0 634.0 721.0 large-vehicle 0
137.0 37.0 149.0 39.0 143.0 60.0 132.0 57.0 small-vehicle 0
154.0 43.0 163.0 49.0 153.0 65.0 144.0 60.0 small-vehicle 0
173.0 56.0 183.0 61.0 173.0 80.0 163.0 74.0 small-vehicle 0
206.0 105.0 198.0 99.0 210.0 84.0 217.0 91.0 small-vehicle 0
180.0 53.0 172.0 46.0 185.0 30.0 192.0 36.0 small-vehicle 0
189.0 56.0 182.0 50.0 195.0 35.0 201.0 40.0 small-vehicle 0
198.0 61.0 190.0 55.0 202.0 40.0 209.0 46.0 small-vehicle 0
205.0 69.0 196.0 61.0 211.0 42.0 219.0 49.0 small-vehicle 0
557.0 451.0 551.0 437.0 620.0 408.0 624.0 422.0 large-vehicle 0
696.0 420.0 690.0 406.0 759.0 374.0 764.0 387.0 large-vehicle 0
672.0 399.0 666.0 386.0 735.0 352.0 739.0 364.0 large-vehicle 0
344.0 821.0 363.0 824.0 354.0 875.0 337.0 872.0 large-vehicle 0
356.0 719.0 372.0 719.0 367.0 771.0 352.0 769.0 large-vehicle 0
54.0 598.0 71.0 596.0 70.0 648.0 54.0 648.0 large-vehicle 0
261.0 752.0 278.0 755.0 271.0 806.0 253.0 804.0 large-vehicle 0
278.0 765.0 294.0 766.0 285.0 817.0 269.0 814.0 large-vehicle 0
289.0 775.0 307.0 777.0 301.0 829.0 283.0 827.0 large-vehicle 0
316.0 799.0 335.0 802.0 328.0 851.0 311.0 849.0 large-vehicle 0
361.0 833.0 378.0 834.0 371.0 885.0 354.0 883.0 large-vehicle 0
880.0 196.0 873.0 209.0 809.0 174.0 817.0 161.0 large-vehicle 0
376.0 843.0 391.0 845.0 385.0 895.0 369.0 893.0 large-vehicle 0
391.0 853.0 406.0 856.0 400.0 905.0 383.0 901.0 large-vehicle 0
147.0 809.0 159.0 819.0 129.0 854.0 117.0 847.0 large-vehicle 0
226.0 836.0 241.0 838.0 236.0 877.0 220.0 874.0 large-vehicle 0
282.0 882.0 297.0 883.0 291.0 923.0 277.0 920.0 large-vehicle 0
339.0 926.0 353.0 929.0 347.0 969.0 334.0 966.0 large-vehicle 0
102.0 1037.0 94.0 1031.0 107.0 1013.0 115.0 1020.0 small-vehicle 0
118.0 1051.0 109.0 1045.0 120.0 1027.0 129.0 1033.0 small-vehicle 0
1001.0 97.0 1007.0 103.0 994.0 119.0 987.0 113.0 small-vehicle 1
948.0 1158.0 942.0 1168.0 928.0 1158.0 934.0 1149.0 small-vehicle 0
937.0 1175.0 932.0 1184.0 916.0 1173.0 922.0 1165.0 small-vehicle 0
931.0 1184.0 926.0 1193.0 911.0 1182.0 916.0 1174.0 small-vehicle 0
951.0 1237.0 945.0 1245.0 928.0 1231.0 934.0 1223.0 small-vehicle 0
955.0 1229.0 951.0 1236.0 935.0 1224.0 940.0 1216.0 small-vehicle 0
941.0 1216.0 948.0 1208.0 959.0 1217.0 953.0 1225.0 small-vehicle 1
964.0 1222.0 970.0 1214.0 984.0 1225.0 979.0 1234.0 small-vehicle 0
957.0 1230.0 963.0 1222.0 977.0 1234.0 972.0 1242.0 small-vehicle 0
971.0 1243.0 966.0 1251.0 951.0 1240.0 957.0 1232.0 small-vehicle 0
949.0 1209.0 955.0 1200.0 970.0 1211.0 964.0 1220.0 small-vehicle 0
954.0 1201.0 960.0 1193.0 974.0 1203.0 969.0 1211.0 small-vehicle 0
976.0 1205.0 983.0 1198.0 996.0 1212.0 989.0 1219.0 small-vehicle 0
960.0 1193.0 966.0 1185.0 981.0 1196.0 977.0 1205.0 small-vehicle 0
967.0 1184.0 975.0 1176.0 988.0 1188.0 980.0 1197.0 small-vehicle 0
989.0 1189.0 996.0 1181.0 1009.0 1193.0 1004.0 1201.0 small-vehicle 0
1023.0 1253.0 1017.0 1263.0 999.0 1251.0 1005.0 1241.0 small-vehicle 0
923.0 1163.0 928.0 1155.0 942.0 1167.0 937.0 1174.0 small-vehicle 0
957.0 1153.0 951.0 1161.0 936.0 1148.0 943.0 1140.0 small-vehicle 0
934.0 575.0 945.0 579.0 936.0 602.0 926.0 597.0 small-vehicle 0
964.0 1144.0 959.0 1152.0 943.0 1141.0 951.0 1132.0 small-vehicle 0
983.0 649.0 990.0 655.0 979.0 670.0 971.0 664.0 small-vehicle 0
993.0 653.0 1001.0 660.0 988.0 676.0 980.0 670.0 small-vehicle 0
997.0 680.0 992.0 674.0 1003.0 658.0 1010.0 664.0 small-vehicle 0
1008.0 669.0 1017.0 676.0 1005.0 690.0 997.0 684.0 small-vehicle 0
709.0 675.0 701.0 668.0 714.0 653.0 721.0 660.0 small-vehicle 0
718.0 684.0 709.0 677.0 726.0 658.0 734.0 666.0 small-vehicle 0
727.0 690.0 720.0 682.0 733.0 668.0 740.0 675.0 small-vehicle 0
643.0 712.0 632.0 706.0 645.0 685.0 654.0 690.0 small-vehicle 0
663.0 688.0 654.0 681.0 667.0 666.0 674.0 674.0 small-vehicle 0
1014.0 1078.0 1009.0 1085.0 993.0 1074.0 999.0 1065.0 small-vehicle 0
982.0 1088.0 989.0 1081.0 1000.0 1091.0 995.0 1098.0 small-vehicle 1
996.0 1102.0 991.0 1109.0 977.0 1098.0 982.0 1090.0 small-vehicle 0
961.0 1113.0 967.0 1105.0 980.0 1116.0 975.0 1123.0 small-vehicle 0
974.0 1124.0 968.0 1132.0 955.0 1123.0 961.0 1114.0 small-vehicle 0
970.0 1135.0 965.0 1143.0 950.0 1132.0 957.0 1124.0 small-vehicle 0
1006.0 1241.0 1012.0 1233.0 1027.0 1246.0 1022.0 1255.0 small-vehicle 0
975.0 1164.0 983.0 1156.0 997.0 1170.0 989.0 1178.0 small-vehicle 0
997.0 1183.0 1002.0 1173.0 1015.0 1184.0 1010.0 1192.0 small-vehicle 0
992.0 1152.0 997.0 1145.0 1008.0 1155.0 1003.0 1162.0 small-vehicle 1
92.0 769.0 98.0 775.0 86.0 787.0 81.0 781.0 small-vehicle 1
136.0 801.0 132.0 797.0 141.0 786.0 147.0 790.0 small-vehicle 1
134.0 776.0 142.0 782.0 131.0 797.0 124.0 792.0 small-vehicle 1
177.0 903.0 171.0 898.0 179.0 884.0 185.0 887.0 small-vehicle 1
183.0 909.0 179.0 904.0 189.0 892.0 194.0 897.0 small-vehicle 1
159.0 847.0 155.0 855.0 137.0 843.0 142.0 836.0 small-vehicle 1
149.0 851.0 155.0 858.0 140.0 874.0 133.0 869.0 small-vehicle 1
139.0 846.0 146.0 851.0 132.0 868.0 124.0 864.0 small-vehicle 1
44.0 851.0 52.0 851.0 53.0 871.0 46.0 871.0 small-vehicle 1
43.0 869.0 34.0 870.0 33.0 849.0 42.0 849.0 small-vehicle 1
29.0 859.0 22.0 858.0 22.0 841.0 30.0 841.0 small-vehicle 1
39.0 804.0 33.0 798.0 45.0 784.0 50.0 792.0 small-vehicle 1
108.0 1104.0 99.0 1108.0 94.0 1090.0 102.0 1088.0 small-vehicle 1
40.0 1098.0 37.0 1107.0 23.0 1103.0 25.0 1094.0 small-vehicle 1
217.0 1183.0 207.0 1187.0 200.0 1169.0 208.0 1166.0 small-vehicle 1
103.0 780.0 109.0 787.0 97.0 799.0 92.0 793.0 small-vehicle 1
826.0 740.0 818.0 743.0 810.0 730.0 819.0 725.0 small-vehicle 1
748.0 801.0 743.0 796.0 753.0 780.0 760.0 785.0 small-vehicle 1
325.0 4.0 330.0 8.0 322.0 21.0 316.0 19.0 small-vehicle 0
1008.0 1165.0 1014.0 1157.0 1025.0 1167.0 1021.0 1174.0 small-vehicle 1
1015.0 1157.0 1021.0 1148.0 1032.0 1157.0 1027.0 1165.0 small-vehicle 1
1001.0 1132.0 1009.0 1122.0 1021.0 1135.0 1014.0 1143.0 small-vehicle 0
45.0 12.0 41.0 21.0 21.0 8.0 26.0 1.0 small-vehicle 0
34.0 18.0 29.0 26.0 14.0 13.0 21.0 6.0 small-vehicle 0
333.0 10.0 338.0 14.0 330.0 27.0 325.0 23.0 small-vehicle 0
316.0 0.0 322.0 3.0 312.0 19.0 306.0 15.0 small-vehicle 0
843.0 31.0 834.0 25.0 847.0 6.0 855.0 12.0 small-vehicle 1
283.0 187.0 277.0 181.0 288.0 165.0 294.0 171.0 small-vehicle 1
307.0 122.0 314.0 127.0 304.0 141.0 296.0 137.0 small-vehicle 1
99.0 275.0 105.0 281.0 94.0 296.0 87.0 289.0 small-vehicle 1
105.0 280.0 110.0 286.0 101.0 301.0 95.0 297.0 small-vehicle 1
17.0 214.0 23.0 219.0 14.0 234.0 5.0 229.0 small-vehicle 1
894.0 118.0 900.0 124.0 891.0 137.0 882.0 133.0 small-vehicle 1
950.0 571.0 961.0 575.0 955.0 594.0 944.0 591.0 small-vehicle 0
933.0 564.0 924.0 560.0 931.0 543.0 939.0 548.0 small-vehicle 0
127.0 1057.0 119.0 1051.0 131.0 1033.0 138.0 1040.0 small-vehicle 0
190.0 1113.0 198.0 1103.0 213.0 1116.0 207.0 1125.0 small-vehicle 0
231.0 1139.0 236.0 1132.0 248.0 1143.0 243.0 1151.0 small-vehicle 0
127.0 1114.0 116.0 1119.0 108.0 1102.0 116.0 1098.0 small-vehicle 0
74.0 1121.0 66.0 1129.0 52.0 1115.0 60.0 1106.0 small-vehicle 0
41.0 1133.0 49.0 1139.0 34.0 1162.0 26.0 1156.0 small-vehicle 0
46.0 1164.0 36.0 1159.0 49.0 1143.0 57.0 1149.0 small-vehicle 0
146.0 1174.0 145.0 1184.0 124.0 1181.0 126.0 1170.0 small-vehicle 0
202.0 1134.0 210.0 1141.0 196.0 1157.0 189.0 1149.0 small-vehicle 0
210.0 1141.0 217.0 1147.0 207.0 1162.0 199.0 1156.0 small-vehicle 0
217.0 1146.0 226.0 1152.0 217.0 1169.0 208.0 1164.0 small-vehicle 0
226.0 1172.0 219.0 1167.0 226.0 1152.0 233.0 1157.0 small-vehicle 0
233.0 1178.0 225.0 1174.0 234.0 1157.0 241.0 1161.0 small-vehicle 0
241.0 1185.0 234.0 1179.0 244.0 1164.0 251.0 1170.0 small-vehicle 0
195.0 1250.0 182.0 1251.0 181.0 1229.0 193.0 1228.0 small-vehicle 0
258.0 1175.0 267.0 1182.0 253.0 1199.0 245.0 1192.0 small-vehicle 0
266.0 1182.0 275.0 1188.0 262.0 1205.0 255.0 1199.0 small-vehicle 0
210.0 1124.0 216.0 1116.0 235.0 1131.0 230.0 1138.0 small-vehicle 0
164.0 1092.0 172.0 1092.0 171.0 1112.0 163.0 1111.0 small-vehicle 0
923.0 589.0 914.0 584.0 924.0 565.0 933.0 570.0 small-vehicle 0
152.0 1086.0 162.0 1086.0 161.0 1105.0 152.0 1104.0 small-vehicle 0
134.0 1064.0 126.0 1058.0 138.0 1042.0 145.0 1047.0 small-vehicle 0
143.0 1069.0 135.0 1063.0 145.0 1048.0 153.0 1053.0 small-vehicle 0
152.0 1076.0 143.0 1069.0 153.0 1051.0 162.0 1057.0 small-vehicle 0
159.0 1082.0 151.0 1076.0 163.0 1059.0 170.0 1066.0 small-vehicle 0
50.0 1062.0 41.0 1062.0 41.0 1038.0 49.0 1037.0 small-vehicle 0
63.0 1054.0 55.0 1048.0 67.0 1032.0 74.0 1039.0 small-vehicle 0
73.0 1062.0 65.0 1057.0 76.0 1038.0 84.0 1042.0 small-vehicle 0
81.0 1066.0 74.0 1060.0 85.0 1045.0 91.0 1052.0 small-vehicle 0
88.0 1073.0 80.0 1068.0 93.0 1050.0 102.0 1056.0 small-vehicle 0
96.0 1080.0 90.0 1074.0 100.0 1058.0 107.0 1064.0 small-vehicle 0
105.0 1085.0 99.0 1079.0 108.0 1062.0 115.0 1068.0 small-vehicle 0
115.0 1091.0 108.0 1084.0 118.0 1068.0 126.0 1073.0 small-vehicle 0
122.0 1097.0 115.0 1092.0 125.0 1073.0 132.0 1077.0 small-vehicle 0
132.0 1083.0 140.0 1089.0 129.0 1107.0 120.0 1101.0 small-vehicle 0
137.0 1113.0 128.0 1108.0 141.0 1085.0 149.0 1090.0 small-vehicle 0
275.0 1189.0 282.0 1195.0 272.0 1211.0 264.0 1205.0 small-vehicle 0
269.0 1183.0 276.0 1176.0 291.0 1188.0 285.0 1196.0 small-vehicle 0
276.0 1176.0 282.0 1168.0 297.0 1182.0 291.0 1190.0 small-vehicle 0
282.0 1168.0 288.0 1160.0 303.0 1174.0 298.0 1181.0 small-vehicle 0
811.0 49.0 817.0 57.0 803.0 71.0 796.0 65.0 small-vehicle 0
819.0 56.0 827.0 61.0 816.0 80.0 807.0 76.0 small-vehicle 0
836.0 55.0 847.0 63.0 829.0 86.0 818.0 78.0 small-vehicle 0
845.0 79.0 854.0 85.0 843.0 99.0 834.0 95.0 small-vehicle 0
862.0 115.0 852.0 111.0 863.0 89.0 872.0 93.0 small-vehicle 0
948.0 137.0 957.0 129.0 969.0 145.0 962.0 152.0 small-vehicle 0
958.0 131.0 964.0 121.0 979.0 133.0 972.0 142.0 small-vehicle 0
979.0 200.0 972.0 194.0 984.0 177.0 991.0 183.0 small-vehicle 0
994.0 182.0 1000.0 189.0 986.0 205.0 979.0 199.0 small-vehicle 0
996.0 213.0 989.0 206.0 1001.0 190.0 1007.0 195.0 small-vehicle 0
1006.0 218.0 999.0 212.0 1012.0 193.0 1020.0 200.0 small-vehicle 0
1017.0 207.0 1025.0 214.0 1012.0 229.0 1005.0 222.0 small-vehicle 0
850.0 540.0 839.0 538.0 848.0 511.0 858.0 514.0 small-vehicle 0
890.0 516.0 900.0 517.0 895.0 540.0 885.0 537.0 small-vehicle 0
907.0 551.0 895.0 548.0 906.0 523.0 916.0 528.0 small-vehicle 0
863.0 52.0 853.0 46.0 871.0 23.0 879.0 30.0 small-vehicle 0
828.0 33.0 823.0 44.0 797.0 30.0 803.0 20.0 small-vehicle 0
341.0 39.0 349.0 46.0 337.0 60.0 329.0 54.0 small-vehicle 0
303.0 1141.0 309.0 1132.0 325.0 1145.0 319.0 1153.0 small-vehicle 0
288.0 1158.0 295.0 1148.0 312.0 1164.0 305.0 1174.0 small-vehicle 0
278.0 1144.0 273.0 1152.0 257.0 1140.0 262.0 1133.0 small-vehicle 0
284.0 1137.0 278.0 1145.0 262.0 1131.0 268.0 1124.0 small-vehicle 0
289.0 1129.0 284.0 1136.0 270.0 1125.0 275.0 1118.0 small-vehicle 0
297.0 1141.0 289.0 1135.0 302.0 1117.0 308.0 1123.0 small-vehicle 0
296.0 1148.0 303.0 1142.0 317.0 1155.0 311.0 1162.0 small-vehicle 0
296.0 1121.0 292.0 1130.0 275.0 1116.0 281.0 1109.0 small-vehicle 0
562.0 815.0 569.0 821.0 558.0 836.0 550.0 830.0 small-vehicle 0
302.0 1115.0 298.0 1122.0 281.0 1110.0 287.0 1102.0 small-vehicle 0
294.0 1092.0 300.0 1086.0 314.0 1098.0 309.0 1105.0 small-vehicle 0
322.0 1084.0 313.0 1076.0 325.0 1060.0 334.0 1067.0 small-vehicle 0
329.0 1093.0 321.0 1087.0 333.0 1069.0 340.0 1075.0 small-vehicle 0
337.0 1099.0 329.0 1092.0 341.0 1075.0 349.0 1082.0 small-vehicle 0
545.0 835.0 553.0 841.0 541.0 857.0 532.0 852.0 small-vehicle 0
402.0 183.0 395.0 166.0 464.0 133.0 471.0 147.0 large-vehicle 0
