imagesource:GoogleEarth
gsd:0.116556826617
1655.0 435.0 1758.0 435.0 1758.0 549.0 1655.0 549.0 roundabout 0
539.0 1721.0 564.0 1724.0 548.0 1826.0 522.0 1822.0 large-vehicle 0
1167.0 552.0 1149.0 567.0 1093.0 478.0 1113.0 465.0 large-vehicle 0
1147.0 571.0 1128.0 584.0 1073.0 496.0 1091.0 486.0 large-vehicle 0
1121.0 579.0 1101.0 595.0 1049.0 508.0 1067.0 498.0 large-vehicle 0
860.0 732.0 839.0 748.0 788.0 656.0 811.0 644.0 large-vehicle 0
832.0 742.0 810.0 757.0 765.0 670.0 786.0 658.0 large-vehicle 0
812.0 759.0 790.0 775.0 739.0 688.0 761.0 675.0 large-vehicle 0
453.0 1729.0 479.0 1732.0 463.0 1832.0 441.0 1828.0 large-vehicle 0
1267.0 500.0 1246.0 514.0 1195.0 425.0 1212.0 412.0 large-vehicle 0
423.0 1725.0 450.0 1727.0 434.0 1830.0 408.0 1827.0 large-vehicle 0
392.0 1722.0 418.0 1725.0 407.0 1828.0 380.0 1825.0 large-vehicle 0
168.0 1688.0 193.0 1689.0 184.0 1793.0 157.0 1791.0 large-vehicle 0
185.0 1587.0 209.0 1589.0 198.0 1668.0 175.0 1665.0 large-vehicle 0
658.0 1414.0 681.0 1417.0 671.0 1519.0 648.0 1516.0 large-vehicle 0
630.0 1412.0 654.0 1415.0 642.0 1516.0 618.0 1513.0 large-vehicle 0
1239.0 513.0 1221.0 527.0 1172.0 443.0 1189.0 429.0 large-vehicle 0
1287.0 482.0 1269.0 494.0 1218.0 412.0 1237.0 398.0 large-vehicle 0
575.0 1407.0 598.0 1408.0 584.0 1511.0 562.0 1507.0 large-vehicle 0
1038.0 965.0 1036.0 992.0 934.0 976.0 938.0 951.0 large-vehicle 0
1027.0 1102.0 1027.0 1125.0 924.0 1115.0 922.0 1091.0 large-vehicle 0
1372.0 1055.0 1389.0 1073.0 1322.0 1148.0 1303.0 1131.0 large-vehicle 0
1030.0 1075.0 1027.0 1098.0 925.0 1084.0 927.0 1062.0 large-vehicle 0
1032.0 1044.0 1030.0 1070.0 927.0 1057.0 929.0 1032.0 large-vehicle 0
1034.0 1019.0 1033.0 1041.0 929.0 1031.0 932.0 1007.0 large-vehicle 0
1036.0 994.0 1034.0 1018.0 932.0 1005.0 933.0 980.0 large-vehicle 0
1045.0 882.0 1042.0 905.0 938.0 893.0 941.0 869.0 large-vehicle 0
1312.0 467.0 1292.0 481.0 1241.0 400.0 1261.0 388.0 large-vehicle 0
1477.0 370.0 1458.0 382.0 1406.0 292.0 1425.0 282.0 large-vehicle 0
1455.0 382.0 1433.0 396.0 1382.0 309.0 1400.0 296.0 large-vehicle 0
1429.0 398.0 1409.0 410.0 1356.0 323.0 1377.0 311.0 large-vehicle 0
1384.0 425.0 1364.0 438.0 1311.0 349.0 1328.0 336.0 large-vehicle 0
1360.0 438.0 1340.0 452.0 1287.0 364.0 1305.0 350.0 large-vehicle 0
1336.0 453.0 1317.0 466.0 1264.0 379.0 1282.0 366.0 large-vehicle 0
602.0 1409.0 627.0 1413.0 613.0 1512.0 588.0 1508.0 large-vehicle 0
517.0 1401.0 542.0 1404.0 530.0 1504.0 505.0 1502.0 large-vehicle 0
1800.0 105.0 1783.0 114.0 1763.0 77.0 1779.0 69.0 small-vehicle 0
563.0 953.0 542.0 968.0 482.0 890.0 502.0 875.0 large-vehicle 0
434.0 1060.0 414.0 1078.0 349.0 992.0 368.0 977.0 large-vehicle 0
455.0 1041.0 435.0 1058.0 371.0 973.0 391.0 958.0 large-vehicle 0
477.0 1025.0 456.0 1041.0 392.0 958.0 410.0 944.0 large-vehicle 0
499.0 1005.0 481.0 1023.0 415.0 942.0 433.0 927.0 large-vehicle 0
519.0 988.0 498.0 1006.0 437.0 925.0 457.0 910.0 large-vehicle 0
541.0 970.0 521.0 987.0 460.0 908.0 481.0 890.0 large-vehicle 0
585.0 933.0 568.0 950.0 505.0 872.0 524.0 855.0 large-vehicle 0
346.0 1132.0 324.0 1150.0 267.0 1072.0 289.0 1056.0 large-vehicle 0
629.0 901.0 608.0 918.0 544.0 836.0 564.0 818.0 large-vehicle 0
670.0 863.0 650.0 881.0 585.0 798.0 606.0 781.0 large-vehicle 0
693.0 835.0 672.0 848.0 617.0 758.0 638.0 744.0 large-vehicle 0
718.0 818.0 698.0 833.0 641.0 741.0 664.0 727.0 large-vehicle 0
742.0 802.0 722.0 816.0 663.0 724.0 683.0 712.0 large-vehicle 0
765.0 790.0 744.0 802.0 688.0 710.0 709.0 700.0 large-vehicle 0
411.0 1077.0 390.0 1094.0 327.0 1012.0 347.0 995.0 large-vehicle 0
324.0 1149.0 302.0 1167.0 245.0 1091.0 264.0 1074.0 large-vehicle 0
487.0 1398.0 516.0 1400.0 504.0 1503.0 476.0 1499.0 large-vehicle 0
613.0 1297.0 636.0 1298.0 624.0 1404.0 601.0 1400.0 large-vehicle 0
296.0 1379.0 319.0 1380.0 307.0 1482.0 281.0 1480.0 large-vehicle 0
265.0 1375.0 290.0 1376.0 279.0 1478.0 252.0 1475.0 large-vehicle 0
238.0 1372.0 263.0 1373.0 250.0 1476.0 226.0 1473.0 large-vehicle 0
694.0 1306.0 721.0 1307.0 708.0 1412.0 685.0 1408.0 large-vehicle 0
670.0 1304.0 693.0 1305.0 683.0 1411.0 659.0 1410.0 large-vehicle 0
641.0 1302.0 664.0 1306.0 653.0 1408.0 628.0 1405.0 large-vehicle 0
583.0 1295.0 608.0 1298.0 596.0 1402.0 573.0 1398.0 large-vehicle 0
252.0 1260.0 275.0 1262.0 264.0 1362.0 239.0 1361.0 large-vehicle 0
558.0 1292.0 582.0 1296.0 570.0 1396.0 545.0 1394.0 large-vehicle 0
530.0 1287.0 553.0 1289.0 542.0 1394.0 519.0 1390.0 large-vehicle 0
499.0 1282.0 527.0 1285.0 515.0 1391.0 485.0 1387.0 large-vehicle 0
361.0 1273.0 384.0 1275.0 375.0 1376.0 349.0 1374.0 large-vehicle 0
307.0 1266.0 328.0 1268.0 320.0 1366.0 295.0 1365.0 large-vehicle 0
278.0 1259.0 304.0 1262.0 290.0 1362.0 268.0 1359.0 large-vehicle 0
1025.0 1129.0 1021.0 1153.0 919.0 1142.0 922.0 1116.0 large-vehicle 0
1022.0 1156.0 1019.0 1180.0 918.0 1170.0 921.0 1145.0 large-vehicle 0
1019.0 1184.0 1016.0 1208.0 916.0 1196.0 918.0 1172.0 large-vehicle 0
1295.0 1657.0 1276.0 1654.0 1282.0 1616.0 1301.0 1618.0 small-vehicle 0
1266.0 1802.0 1244.0 1801.0 1249.0 1759.0 1269.0 1760.0 small-vehicle 0
1460.0 1671.0 1439.0 1666.0 1446.0 1626.0 1467.0 1631.0 small-vehicle 0
1434.0 1668.0 1416.0 1666.0 1418.0 1626.0 1434.0 1627.0 small-vehicle 0
1413.0 1663.0 1395.0 1664.0 1396.0 1626.0 1414.0 1626.0 small-vehicle 0
1393.0 1664.0 1372.0 1662.0 1378.0 1621.0 1395.0 1622.0 small-vehicle 0
1341.0 1620.0 1358.0 1623.0 1352.0 1657.0 1335.0 1653.0 small-vehicle 0
1234.0 1653.0 1223.0 1670.0 1188.0 1643.0 1201.0 1629.0 small-vehicle 0
1308.0 1808.0 1290.0 1808.0 1293.0 1764.0 1313.0 1767.0 small-vehicle 0
1261.0 1616.0 1279.0 1618.0 1275.0 1654.0 1257.0 1651.0 small-vehicle 0
1304.0 1489.0 1310.0 1510.0 1272.0 1520.0 1266.0 1501.0 small-vehicle 0
1299.0 1461.0 1310.0 1480.0 1276.0 1498.0 1266.0 1482.0 small-vehicle 0
1308.0 1435.0 1317.0 1457.0 1279.0 1477.0 1267.0 1458.0 small-vehicle 0
1668.0 1138.0 1689.0 1139.0 1688.0 1180.0 1668.0 1179.0 small-vehicle 0
1673.0 1302.0 1653.0 1297.0 1662.0 1258.0 1680.0 1262.0 small-vehicle 0
1290.0 1807.0 1269.0 1804.0 1275.0 1761.0 1294.0 1763.0 small-vehicle 0
1330.0 1813.0 1307.0 1811.0 1311.0 1769.0 1335.0 1771.0 small-vehicle 0
1015.0 1210.0 1013.0 1235.0 912.0 1224.0 914.0 1198.0 large-vehicle 0
1719.0 1319.0 1734.0 1305.0 1757.0 1330.0 1745.0 1345.0 small-vehicle 0
1791.0 268.0 1807.0 253.0 1841.0 289.0 1827.0 305.0 small-vehicle 0
1762.0 415.0 1775.0 400.0 1807.0 432.0 1793.0 443.0 small-vehicle 0
1804.0 504.0 1822.0 508.0 1816.0 543.0 1798.0 538.0 small-vehicle 0
1820.0 673.0 1806.0 686.0 1776.0 650.0 1793.0 639.0 small-vehicle 0
1820.0 702.0 1806.0 716.0 1773.0 682.0 1788.0 670.0 small-vehicle 0
1697.0 1022.0 1680.0 1019.0 1686.0 973.0 1703.0 975.0 small-vehicle 0
1498.0 1833.0 1476.0 1829.0 1483.0 1784.0 1502.0 1786.0 small-vehicle 0
1332.0 1768.0 1313.0 1769.0 1319.0 1731.0 1339.0 1733.0 small-vehicle 0
1457.0 1825.0 1437.0 1823.0 1438.0 1781.0 1458.0 1782.0 small-vehicle 0
1436.0 1824.0 1418.0 1824.0 1417.0 1780.0 1434.0 1780.0 small-vehicle 0
1416.0 1821.0 1393.0 1821.0 1395.0 1777.0 1417.0 1777.0 small-vehicle 0
1371.0 1814.0 1350.0 1812.0 1352.0 1773.0 1372.0 1773.0 small-vehicle 0
1375.0 1774.0 1354.0 1772.0 1357.0 1727.0 1379.0 1729.0 small-vehicle 0
1314.0 1767.0 1292.0 1766.0 1297.0 1726.0 1316.0 1728.0 small-vehicle 0
1667.0 1358.0 1648.0 1356.0 1653.0 1315.0 1669.0 1315.0 small-vehicle 0
1310.0 1342.0 1323.0 1363.0 1289.0 1382.0 1276.0 1362.0 small-vehicle 0
1060.0 594.0 1042.0 607.0 1016.0 563.0 1036.0 553.0 small-vehicle 0
978.0 1566.0 975.0 1591.0 871.0 1578.0 875.0 1553.0 large-vehicle 0
1643.0 273.0 1621.0 286.0 1567.0 196.0 1586.0 184.0 large-vehicle 0
1618.0 284.0 1597.0 299.0 1543.0 212.0 1563.0 198.0 large-vehicle 0
1595.0 299.0 1574.0 315.0 1523.0 227.0 1543.0 216.0 large-vehicle 0
1233.0 1529.0 1248.0 1543.0 1188.0 1624.0 1168.0 1610.0 large-vehicle 0
973.0 1619.0 968.0 1646.0 864.0 1635.0 868.0 1607.0 large-vehicle 0
975.0 1591.0 970.0 1618.0 868.0 1605.0 872.0 1579.0 large-vehicle 0
981.0 1541.0 977.0 1564.0 876.0 1552.0 879.0 1527.0 large-vehicle 0
1096.0 967.0 1121.0 971.0 1108.0 1033.0 1083.0 1026.0 small-vehicle 0
985.0 1512.0 981.0 1538.0 878.0 1525.0 881.0 1500.0 large-vehicle 0
987.0 1485.0 985.0 1510.0 882.0 1500.0 884.0 1473.0 large-vehicle 0
1235.0 1428.0 1259.0 1439.0 1212.0 1529.0 1191.0 1520.0 large-vehicle 0
1215.0 1274.0 1241.0 1272.0 1244.0 1373.0 1218.0 1376.0 large-vehicle 0
998.0 1375.0 993.0 1399.0 892.0 1387.0 893.0 1364.0 large-vehicle 0
999.0 1321.0 995.0 1342.0 898.0 1333.0 901.0 1310.0 large-vehicle 0
1689.0 241.0 1667.0 255.0 1619.0 161.0 1637.0 151.0 large-vehicle 0
1714.0 224.0 1695.0 239.0 1643.0 150.0 1661.0 138.0 large-vehicle 0
1763.0 198.0 1742.0 212.0 1689.0 124.0 1708.0 110.0 large-vehicle 0
1479.0 522.0 1499.0 509.0 1552.0 596.0 1531.0 610.0 large-vehicle 0
1530.0 490.0 1549.0 478.0 1599.0 568.0 1578.0 579.0 large-vehicle 0
1553.0 476.0 1573.0 464.0 1624.0 553.0 1604.0 564.0 large-vehicle 0
206.0 411.0 192.0 397.0 220.0 366.0 233.0 380.0 small-vehicle 0
438.0 130.0 420.0 112.0 456.0 72.0 473.0 88.0 small-vehicle 0
386.0 247.0 372.0 235.0 398.0 207.0 410.0 219.0 small-vehicle 0
188.0 483.0 172.0 471.0 200.0 439.0 213.0 451.0 small-vehicle 0
223.0 621.0 239.0 633.0 216.0 664.0 199.0 652.0 small-vehicle 0
840.0 1728.0 837.0 1749.0 772.0 1741.0 776.0 1720.0 small-vehicle 0
696.0 1676.0 724.0 1677.0 715.0 1741.0 688.0 1737.0 small-vehicle 0
672.0 1674.0 698.0 1676.0 688.0 1737.0 665.0 1734.0 small-vehicle 0
1177.0 1721.0 1168.0 1735.0 1138.0 1714.0 1149.0 1700.0 small-vehicle 0
1196.0 1707.0 1186.0 1722.0 1153.0 1694.0 1164.0 1681.0 small-vehicle 0
1217.0 1673.0 1208.0 1689.0 1173.0 1660.0 1185.0 1646.0 small-vehicle 0
787.0 775.0 768.0 789.0 713.0 699.0 732.0 690.0 large-vehicle 0
