imagesource:GoogleEarth
gsd:0.205138692458
1716.0 916.0 1700.0 915.0 1703.0 868.0 1718.0 868.0 large-vehicle 0
356.0 361.0 367.0 351.0 432.0 415.0 420.0 427.0 large-vehicle 0
358.0 291.0 368.0 278.0 434.0 338.0 424.0 351.0 large-vehicle 0
358.0 212.0 369.0 200.0 433.0 266.0 423.0 276.0 large-vehicle 0
361.0 185.0 369.0 174.0 430.0 235.0 422.0 246.0 large-vehicle 0
358.0 160.0 366.0 148.0 432.0 214.0 423.0 223.0 large-vehicle 0
354.0 91.0 364.0 81.0 426.0 141.0 416.0 151.0 large-vehicle 0
710.0 121.0 711.0 104.0 768.0 106.0 768.0 121.0 large-vehicle 0
711.0 139.0 711.0 122.0 768.0 126.0 767.0 140.0 large-vehicle 0
716.0 157.0 717.0 140.0 775.0 142.0 773.0 158.0 large-vehicle 0
701.0 224.0 700.0 209.0 760.0 210.0 759.0 225.0 large-vehicle 0
694.0 285.0 694.0 267.0 749.0 269.0 748.0 286.0 large-vehicle 0
831.0 335.0 831.0 317.0 887.0 315.0 887.0 331.0 large-vehicle 0
714.0 343.0 715.0 328.0 754.0 330.0 753.0 343.0 large-vehicle 0
714.0 373.0 714.0 356.0 773.0 358.0 772.0 374.0 large-vehicle 0
714.0 405.0 713.0 387.0 769.0 388.0 769.0 405.0 large-vehicle 0
843.0 441.0 851.0 430.0 883.0 452.0 876.0 463.0 large-vehicle 0
702.0 537.0 701.0 521.0 761.0 521.0 761.0 535.0 large-vehicle 0
827.0 516.0 835.0 501.0 884.0 532.0 875.0 546.0 large-vehicle 0
827.0 539.0 835.0 523.0 884.0 553.0 876.0 567.0 large-vehicle 0
842.0 634.0 849.0 621.0 883.0 641.0 875.0 655.0 large-vehicle 0
822.0 678.0 831.0 665.0 880.0 697.0 871.0 709.0 large-vehicle 0
838.0 710.0 846.0 694.0 879.0 715.0 871.0 730.0 large-vehicle 0
827.0 787.0 834.0 774.0 883.0 803.0 876.0 815.0 large-vehicle 0
826.0 809.0 833.0 796.0 885.0 825.0 876.0 837.0 large-vehicle 0
362.0 338.0 372.0 327.0 432.0 388.0 422.0 398.0 large-vehicle 0
356.0 385.0 365.0 373.0 430.0 437.0 420.0 449.0 large-vehicle 0
1693.0 872.0 1702.0 871.0 1700.0 892.0 1690.0 892.0 small-vehicle 0
356.0 458.0 367.0 446.0 430.0 511.0 420.0 521.0 large-vehicle 0
252.0 150.0 261.0 140.0 319.0 203.0 309.0 213.0 large-vehicle 0
253.0 200.0 263.0 189.0 321.0 253.0 309.0 263.0 large-vehicle 0
244.0 225.0 256.0 214.0 321.0 280.0 310.0 291.0 large-vehicle 0
251.0 300.0 262.0 288.0 320.0 351.0 309.0 361.0 large-vehicle 0
271.0 344.0 281.0 334.0 322.0 377.0 311.0 387.0 large-vehicle 0
249.0 367.0 258.0 355.0 323.0 422.0 313.0 433.0 large-vehicle 0
247.0 436.0 257.0 424.0 321.0 491.0 311.0 502.0 large-vehicle 0
244.0 458.0 254.0 445.0 319.0 511.0 307.0 522.0 large-vehicle 0
247.0 555.0 257.0 545.0 311.0 599.0 301.0 610.0 large-vehicle 0
275.0 604.0 285.0 593.0 318.0 628.0 308.0 638.0 large-vehicle 0
242.0 625.0 251.0 614.0 316.0 676.0 308.0 686.0 large-vehicle 0
248.0 671.0 258.0 660.0 316.0 721.0 306.0 730.0 large-vehicle 0
280.0 877.0 279.0 862.0 362.0 862.0 362.0 875.0 large-vehicle 0
359.0 747.0 369.0 736.0 428.0 795.0 419.0 805.0 large-vehicle 0
357.0 721.0 366.0 710.0 432.0 773.0 422.0 783.0 large-vehicle 0
361.0 657.0 371.0 647.0 431.0 706.0 420.0 717.0 large-vehicle 0
358.0 625.0 368.0 614.0 431.0 678.0 423.0 689.0 large-vehicle 0
360.0 578.0 369.0 568.0 402.0 601.0 392.0 611.0 large-vehicle 0
508.0 497.0 520.0 502.0 484.0 589.0 471.0 584.0 large-vehicle 0
519.0 523.0 533.0 522.0 534.0 582.0 519.0 582.0 large-vehicle 0
488.0 469.0 503.0 473.0 477.0 558.0 463.0 552.0 large-vehicle 0
360.0 509.0 369.0 497.0 431.0 559.0 419.0 570.0 large-vehicle 0
360.0 487.0 371.0 475.0 435.0 540.0 425.0 551.0 large-vehicle 0
825.0 827.0 832.0 816.0 879.0 842.0 872.0 855.0 large-vehicle 0
698.0 826.0 698.0 811.0 754.0 811.0 754.0 825.0 large-vehicle 0
697.0 843.0 696.0 827.0 755.0 828.0 755.0 842.0 large-vehicle 0
1440.0 91.0 1439.0 76.0 1498.0 76.0 1498.0 91.0 large-vehicle 0
816.0 1018.0 827.0 1016.0 827.0 1037.0 818.0 1038.0 small-vehicle 0
832.0 1018.0 842.0 1019.0 841.0 1039.0 831.0 1039.0 small-vehicle 0
861.0 1018.0 871.0 1017.0 870.0 1038.0 860.0 1038.0 small-vehicle 0
888.0 1016.0 899.0 1016.0 896.0 1039.0 885.0 1038.0 small-vehicle 0
941.0 1036.0 930.0 1039.0 928.0 1018.0 939.0 1016.0 small-vehicle 0
536.0 1017.0 536.0 1033.0 443.0 1035.0 442.0 1018.0 large-vehicle 0
177.0 1069.0 177.0 1086.0 86.0 1086.0 86.0 1070.0 large-vehicle 0
1123.0 883.0 1123.0 893.0 1098.0 894.0 1098.0 884.0 small-vehicle 0
958.0 1043.0 945.0 1042.0 948.0 1017.0 960.0 1018.0 small-vehicle 0
977.0 1075.0 973.0 1082.0 958.0 1078.0 960.0 1069.0 small-vehicle 0
970.0 1041.0 961.0 1041.0 962.0 1017.0 972.0 1017.0 small-vehicle 0
975.0 1019.0 983.0 1019.0 984.0 1036.0 975.0 1037.0 small-vehicle 0
996.0 1039.0 988.0 1039.0 988.0 1019.0 997.0 1019.0 small-vehicle 0
1006.0 1025.0 1017.0 1025.0 1016.0 1052.0 1006.0 1052.0 small-vehicle 0
1067.0 197.0 1068.0 184.0 1093.0 185.0 1093.0 197.0 small-vehicle 0
2048.0 687.0 2050.0 696.0 2025.0 701.0 2023.0 691.0 small-vehicle 0
2020.0 654.0 2021.0 642.0 2046.0 642.0 2045.0 653.0 small-vehicle 1
1777.0 734.0 1790.0 732.0 1790.0 762.0 1778.0 762.0 small-vehicle 1
1678.0 813.0 1670.0 821.0 1654.0 805.0 1663.0 798.0 small-vehicle 1
1666.0 820.0 1661.0 827.0 1645.0 819.0 1651.0 809.0 small-vehicle 1
1679.0 898.0 1690.0 899.0 1691.0 921.0 1680.0 920.0 small-vehicle 1
1679.0 871.0 1690.0 872.0 1689.0 892.0 1680.0 893.0 small-vehicle 0
1816.0 790.0 1826.0 790.0 1825.0 812.0 1816.0 813.0 small-vehicle 0
803.0 1018.0 813.0 1019.0 812.0 1037.0 804.0 1036.0 small-vehicle 0
791.0 1018.0 801.0 1019.0 799.0 1039.0 790.0 1039.0 small-vehicle 0
775.0 1016.0 784.0 1017.0 785.0 1038.0 776.0 1038.0 small-vehicle 0
1494.0 520.0 1507.0 520.0 1506.0 604.0 1494.0 602.0 large-vehicle 0
1442.0 107.0 1441.0 94.0 1499.0 93.0 1501.0 108.0 large-vehicle 0
1441.0 125.0 1440.0 110.0 1496.0 110.0 1495.0 125.0 large-vehicle 0
1440.0 143.0 1439.0 127.0 1498.0 129.0 1498.0 144.0 large-vehicle 0
1584.0 132.0 1592.0 119.0 1663.0 163.0 1655.0 174.0 large-vehicle 0
1578.0 147.0 1585.0 135.0 1661.0 186.0 1653.0 198.0 large-vehicle 0
1574.0 168.0 1582.0 154.0 1653.0 203.0 1645.0 215.0 large-vehicle 0
1583.0 232.0 1591.0 220.0 1662.0 269.0 1654.0 280.0 large-vehicle 0
1582.0 253.0 1589.0 241.0 1660.0 288.0 1652.0 300.0 large-vehicle 0
1459.0 522.0 1474.0 521.0 1474.0 604.0 1460.0 604.0 large-vehicle 0
1477.0 523.0 1490.0 522.0 1489.0 603.0 1477.0 602.0 large-vehicle 0
1512.0 515.0 1524.0 515.0 1523.0 603.0 1510.0 602.0 large-vehicle 0
761.0 1017.0 771.0 1015.0 774.0 1038.0 764.0 1039.0 small-vehicle 0
1440.0 672.0 1455.0 671.0 1457.0 728.0 1440.0 728.0 large-vehicle 0
1527.0 666.0 1544.0 666.0 1541.0 728.0 1525.0 726.0 large-vehicle 0
1715.0 165.0 1729.0 164.0 1723.0 258.0 1707.0 257.0 large-vehicle 0
1875.0 626.0 1875.0 611.0 1933.0 608.0 1932.0 623.0 large-vehicle 0
1886.0 643.0 1885.0 628.0 1942.0 626.0 1943.0 641.0 large-vehicle 0
1898.0 683.0 1896.0 667.0 1938.0 666.0 1938.0 681.0 large-vehicle 0
38.0 486.0 48.0 482.0 53.0 501.0 44.0 504.0 small-vehicle 0
39.0 654.0 28.0 654.0 27.0 628.0 39.0 628.0 small-vehicle 0
728.0 848.0 729.0 861.0 700.0 863.0 700.0 850.0 small-vehicle 0
646.0 866.0 645.0 878.0 617.0 881.0 616.0 868.0 small-vehicle 0
252.0 130.0 262.0 118.0 323.0 180.0 313.0 191.0 large-vehicle 0
