imagesource:GoogleEarth
gsd:0.250807718023
737.0 1.0 744.0 8.0 729.0 23.0 721.0 17.0 small-vehicle 0
673.0 117.0 679.0 114.0 690.0 126.0 685.0 131.0 small-vehicle 0
250.0 138.0 241.0 143.0 234.0 123.0 243.0 120.0 small-vehicle 0
23.0 137.0 24.0 127.0 43.0 131.0 42.0 140.0 small-vehicle 0
21.0 153.0 22.0 143.0 41.0 146.0 39.0 154.0 small-vehicle 0
20.0 163.0 21.0 154.0 41.0 157.0 39.0 166.0 small-vehicle 0
155.0 160.0 163.0 161.0 162.0 179.0 154.0 179.0 small-vehicle 0
165.0 160.0 174.0 161.0 172.0 180.0 164.0 179.0 small-vehicle 0
175.0 161.0 184.0 162.0 183.0 182.0 174.0 181.0 small-vehicle 0
186.0 162.0 195.0 163.0 192.0 184.0 184.0 182.0 small-vehicle 0
196.0 163.0 206.0 165.0 202.0 184.0 192.0 182.0 small-vehicle 0
212.0 164.0 221.0 164.0 221.0 183.0 212.0 183.0 small-vehicle 0
223.0 165.0 233.0 166.0 232.0 184.0 224.0 183.0 small-vehicle 0
200.0 184.0 210.0 184.0 211.0 202.0 201.0 202.0 small-vehicle 0
185.0 183.0 194.0 183.0 194.0 204.0 185.0 204.0 small-vehicle 0
175.0 181.0 184.0 181.0 183.0 202.0 175.0 201.0 small-vehicle 0
173.0 201.0 163.0 200.0 164.0 179.0 173.0 180.0 small-vehicle 0
162.0 201.0 153.0 201.0 154.0 182.0 162.0 182.0 small-vehicle 0
20.0 184.0 21.0 174.0 41.0 176.0 40.0 186.0 small-vehicle 0
19.0 194.0 20.0 185.0 39.0 188.0 37.0 196.0 small-vehicle 0
18.0 204.0 18.0 196.0 37.0 197.0 36.0 206.0 small-vehicle 0
239.0 139.0 231.0 144.0 222.0 123.0 231.0 120.0 small-vehicle 0
226.0 140.0 219.0 144.0 211.0 125.0 219.0 121.0 small-vehicle 0
215.0 139.0 207.0 142.0 201.0 122.0 209.0 120.0 small-vehicle 0
236.0 75.0 227.0 75.0 228.0 56.0 236.0 56.0 small-vehicle 0
5.0 54.0 9.0 45.0 26.0 53.0 22.0 61.0 small-vehicle 0
2.0 14.0 6.0 6.0 20.0 14.0 16.0 22.0 small-vehicle 0
212.0 31.0 212.0 41.0 191.0 40.0 192.0 30.0 small-vehicle 0
221.0 23.0 215.0 30.0 197.0 16.0 203.0 9.0 small-vehicle 0
225.0 13.0 221.0 19.0 203.0 9.0 208.0 3.0 small-vehicle 0
209.0 43.0 208.0 52.0 187.0 50.0 189.0 41.0 small-vehicle 0
216.0 75.0 206.0 75.0 208.0 53.0 216.0 53.0 small-vehicle 0
226.0 74.0 216.0 74.0 218.0 54.0 226.0 54.0 small-vehicle 0
246.0 75.0 238.0 75.0 238.0 55.0 245.0 55.0 small-vehicle 0
203.0 138.0 196.0 141.0 188.0 121.0 195.0 118.0 small-vehicle 0
177.0 95.0 186.0 96.0 184.0 115.0 176.0 114.0 small-vehicle 0
187.0 95.0 197.0 96.0 195.0 115.0 186.0 114.0 small-vehicle 0
199.0 96.0 208.0 96.0 206.0 114.0 198.0 113.0 small-vehicle 0
217.0 95.0 226.0 100.0 215.0 118.0 206.0 112.0 small-vehicle 0
227.0 96.0 236.0 100.0 229.0 119.0 220.0 115.0 small-vehicle 0
240.0 98.0 248.0 104.0 239.0 121.0 230.0 115.0 small-vehicle 0
178.0 137.0 169.0 141.0 163.0 119.0 170.0 116.0 small-vehicle 0
191.0 138.0 183.0 140.0 175.0 118.0 182.0 116.0 small-vehicle 0
15.0 214.0 15.0 205.0 37.0 207.0 35.0 215.0 small-vehicle 0
16.0 225.0 17.0 216.0 36.0 218.0 35.0 226.0 small-vehicle 0
16.0 234.0 17.0 225.0 37.0 228.0 36.0 236.0 small-vehicle 0
209.0 1028.0 205.0 1035.0 188.0 1024.0 192.0 1017.0 small-vehicle 0
12.0 618.0 16.0 610.0 31.0 617.0 27.0 626.0 small-vehicle 0
106.0 941.0 116.0 941.0 114.0 960.0 105.0 959.0 small-vehicle 0
101.0 996.0 101.0 1005.0 81.0 1005.0 82.0 995.0 small-vehicle 0
65.0 1016.0 71.0 1012.0 81.0 1025.0 75.0 1030.0 small-vehicle 0
75.0 1013.0 83.0 1008.0 93.0 1024.0 85.0 1029.0 small-vehicle 0
90.0 1010.0 97.0 1006.0 104.0 1024.0 97.0 1027.0 small-vehicle 0
114.0 1026.0 114.0 1018.0 132.0 1019.0 131.0 1028.0 small-vehicle 0
135.0 1028.0 135.0 1020.0 154.0 1021.0 153.0 1029.0 small-vehicle 0
219.0 1032.0 209.0 1032.0 208.0 1012.0 217.0 1012.0 small-vehicle 0
25.0 367.0 24.0 375.0 3.0 370.0 5.0 361.0 small-vehicle 0
205.0 1041.0 199.0 1048.0 185.0 1035.0 191.0 1028.0 small-vehicle 0
206.0 1054.0 202.0 1061.0 186.0 1047.0 190.0 1041.0 small-vehicle 0
122.0 1048.0 121.0 1059.0 102.0 1058.0 102.0 1048.0 small-vehicle 0
82.0 1059.0 83.0 1049.0 102.0 1050.0 101.0 1060.0 small-vehicle 0
67.0 1037.0 66.0 1045.0 47.0 1044.0 48.0 1036.0 small-vehicle 0
66.0 1055.0 65.0 1064.0 47.0 1063.0 48.0 1054.0 small-vehicle 0
99.0 1060.0 98.0 1068.0 81.0 1067.0 82.0 1059.0 small-vehicle 0
63.0 1066.0 62.0 1075.0 47.0 1073.0 48.0 1065.0 small-vehicle 0
19.0 375.0 18.0 383.0 1.0 380.0 3.0 372.0 small-vehicle 0
25.0 356.0 24.0 365.0 5.0 363.0 6.0 354.0 small-vehicle 0
15.0 245.0 15.0 235.0 37.0 237.0 36.0 246.0 small-vehicle 0
15.0 305.0 15.0 296.0 31.0 296.0 31.0 305.0 small-vehicle 0
13.0 255.0 13.0 247.0 30.0 248.0 29.0 256.0 small-vehicle 0
13.0 266.0 15.0 256.0 34.0 257.0 34.0 268.0 small-vehicle 0
210.0 245.0 201.0 245.0 201.0 224.0 210.0 224.0 small-vehicle 0
222.0 245.0 213.0 245.0 213.0 218.0 223.0 219.0 small-vehicle 0
235.0 229.0 243.0 230.0 241.0 248.0 234.0 246.0 small-vehicle 0
11.0 277.0 12.0 268.0 31.0 268.0 30.0 277.0 small-vehicle 0
18.0 288.0 19.0 278.0 37.0 279.0 35.0 289.0 small-vehicle 0
16.0 296.0 17.0 286.0 34.0 287.0 33.0 296.0 small-vehicle 0
14.0 314.0 13.0 306.0 33.0 306.0 31.0 315.0 small-vehicle 0
256.0 325.0 247.0 326.0 247.0 306.0 255.0 306.0 small-vehicle 0
32.0 317.0 32.0 324.0 14.0 324.0 14.0 317.0 small-vehicle 0
30.0 325.0 30.0 335.0 8.0 334.0 9.0 325.0 small-vehicle 0
10.0 343.0 11.0 335.0 30.0 337.0 28.0 346.0 small-vehicle 0
8.0 353.0 10.0 343.0 29.0 346.0 28.0 355.0 small-vehicle 0
191.0 322.0 181.0 322.0 181.0 301.0 190.0 301.0 small-vehicle 0
208.0 305.0 217.0 305.0 215.0 325.0 207.0 324.0 small-vehicle 0
226.0 324.0 219.0 324.0 218.0 304.0 225.0 304.0 small-vehicle 0
236.0 323.0 226.0 323.0 227.0 303.0 237.0 304.0 small-vehicle 0
29.0 44.0 25.0 51.0 9.0 42.0 13.0 35.0 small-vehicle 0
884.0 1712.0 870.0 1702.0 901.0 1640.0 915.0 1648.0 large-vehicle 0
918.0 1281.0 905.0 1277.0 932.0 1202.0 944.0 1207.0 large-vehicle 0
497.0 680.0 484.0 679.0 486.0 604.0 498.0 604.0 large-vehicle 0
682.0 606.0 670.0 607.0 670.0 532.0 682.0 532.0 large-vehicle 0
711.0 607.0 698.0 606.0 698.0 534.0 711.0 535.0 large-vehicle 0
725.0 606.0 713.0 606.0 714.0 534.0 725.0 535.0 large-vehicle 0
752.0 608.0 740.0 607.0 743.0 536.0 754.0 536.0 large-vehicle 0
426.0 681.0 414.0 680.0 414.0 606.0 426.0 606.0 large-vehicle 0
439.0 682.0 427.0 682.0 429.0 608.0 441.0 609.0 large-vehicle 0
454.0 680.0 441.0 680.0 443.0 606.0 455.0 607.0 large-vehicle 0
483.0 681.0 470.0 681.0 472.0 607.0 483.0 608.0 large-vehicle 0
524.0 683.0 512.0 683.0 513.0 609.0 524.0 610.0 large-vehicle 0
441.0 601.0 428.0 600.0 430.0 525.0 442.0 525.0 large-vehicle 0
539.0 681.0 527.0 680.0 528.0 605.0 539.0 605.0 large-vehicle 0
552.0 682.0 540.0 681.0 541.0 607.0 554.0 608.0 large-vehicle 0
581.0 684.0 569.0 684.0 571.0 609.0 582.0 610.0 large-vehicle 0
594.0 685.0 582.0 685.0 583.0 612.0 595.0 613.0 large-vehicle 0
610.0 684.0 597.0 683.0 599.0 611.0 612.0 612.0 large-vehicle 0
624.0 684.0 611.0 684.0 612.0 611.0 624.0 611.0 large-vehicle 0
652.0 686.0 639.0 686.0 641.0 610.0 652.0 611.0 large-vehicle 0
679.0 687.0 667.0 686.0 668.0 613.0 680.0 613.0 large-vehicle 0
668.0 608.0 655.0 607.0 655.0 530.0 667.0 531.0 large-vehicle 0
426.0 601.0 414.0 601.0 418.0 527.0 428.0 527.0 large-vehicle 0
708.0 686.0 697.0 686.0 699.0 611.0 710.0 613.0 large-vehicle 0
286.0 675.0 271.0 674.0 274.0 603.0 285.0 603.0 large-vehicle 0
283.0 425.0 272.0 424.0 274.0 349.0 285.0 349.0 large-vehicle 0
354.0 425.0 341.0 424.0 344.0 348.0 356.0 349.0 large-vehicle 0
369.0 424.0 358.0 425.0 359.0 349.0 369.0 349.0 large-vehicle 0
243.0 599.0 231.0 598.0 234.0 523.0 245.0 524.0 large-vehicle 0
315.0 593.0 302.0 592.0 304.0 519.0 316.0 520.0 large-vehicle 0
344.0 599.0 332.0 598.0 333.0 524.0 344.0 524.0 large-vehicle 0
357.0 603.0 345.0 602.0 347.0 527.0 359.0 526.0 large-vehicle 0
272.0 677.0 259.0 676.0 261.0 605.0 271.0 605.0 large-vehicle 0
299.0 675.0 287.0 675.0 288.0 604.0 299.0 604.0 large-vehicle 0
413.0 601.0 400.0 602.0 402.0 526.0 415.0 526.0 large-vehicle 0
197.0 677.0 186.0 677.0 187.0 625.0 198.0 626.0 large-vehicle 0
328.0 679.0 315.0 678.0 318.0 604.0 330.0 604.0 large-vehicle 0
342.0 677.0 330.0 676.0 330.0 603.0 342.0 603.0 large-vehicle 0
370.0 678.0 357.0 678.0 359.0 604.0 371.0 605.0 large-vehicle 0
437.0 426.0 424.0 426.0 428.0 350.0 439.0 350.0 large-vehicle 0
467.0 420.0 454.0 420.0 456.0 343.0 468.0 343.0 large-vehicle 0
577.0 426.0 564.0 426.0 567.0 350.0 578.0 350.0 large-vehicle 0
757.0 434.0 746.0 434.0 747.0 357.0 759.0 358.0 large-vehicle 0
693.0 687.0 681.0 687.0 683.0 613.0 694.0 614.0 large-vehicle 0
722.0 686.0 711.0 685.0 712.0 612.0 724.0 613.0 large-vehicle 0
908.0 1211.0 898.0 1204.0 935.0 1139.0 945.0 1145.0 large-vehicle 0
920.0 861.0 910.0 850.0 934.0 826.0 944.0 836.0 large-vehicle 0
851.0 611.0 840.0 611.0 842.0 540.0 854.0 541.0 large-vehicle 0
916.0 567.0 909.0 559.0 943.0 524.0 951.0 533.0 large-vehicle 0
916.0 609.0 908.0 600.0 943.0 565.0 951.0 574.0 large-vehicle 0
778.0 691.0 765.0 690.0 769.0 617.0 781.0 617.0 large-vehicle 0
806.0 692.0 793.0 692.0 795.0 619.0 806.0 619.0 large-vehicle 0
821.0 693.0 808.0 693.0 810.0 621.0 821.0 621.0 large-vehicle 0
742.0 798.0 742.0 784.0 792.0 787.0 791.0 799.0 large-vehicle 0
918.0 841.0 909.0 830.0 933.0 805.0 943.0 816.0 large-vehicle 0
870.0 890.0 883.0 891.0 880.0 966.0 868.0 965.0 large-vehicle 0
793.0 610.0 782.0 608.0 784.0 538.0 794.0 539.0 large-vehicle 0
918.0 918.0 909.0 909.0 934.0 884.0 943.0 893.0 large-vehicle 0
909.0 1001.0 901.0 991.0 933.0 961.0 941.0 969.0 large-vehicle 0
907.0 1018.0 899.0 1009.0 935.0 978.0 943.0 988.0 large-vehicle 0
908.0 1038.0 900.0 1030.0 931.0 997.0 940.0 1005.0 large-vehicle 0
907.0 1104.0 896.0 1096.0 925.0 1056.0 935.0 1064.0 large-vehicle 0
910.0 1123.0 899.0 1114.0 926.0 1078.0 935.0 1084.0 large-vehicle 0
910.0 1152.0 900.0 1145.0 938.0 1081.0 948.0 1088.0 large-vehicle 0
909.0 1183.0 898.0 1176.0 934.0 1112.0 945.0 1118.0 large-vehicle 0
821.0 605.0 809.0 604.0 811.0 534.0 822.0 535.0 large-vehicle 0
780.0 608.0 768.0 608.0 770.0 538.0 781.0 538.0 large-vehicle 0
451.0 1091.0 439.0 1091.0 440.0 1043.0 451.0 1044.0 large-vehicle 0
485.0 1632.0 473.0 1631.0 475.0 1585.0 484.0 1584.0 large-vehicle 0
478.0 1092.0 466.0 1091.0 467.0 1043.0 478.0 1044.0 large-vehicle 0
493.0 1092.0 481.0 1092.0 482.0 1044.0 494.0 1045.0 large-vehicle 0
507.0 1092.0 494.0 1093.0 495.0 1044.0 507.0 1045.0 large-vehicle 0
548.0 1094.0 536.0 1093.0 537.0 1044.0 549.0 1045.0 large-vehicle 0
561.0 1094.0 551.0 1093.0 551.0 1046.0 562.0 1046.0 large-vehicle 0
619.0 1095.0 605.0 1095.0 608.0 1046.0 619.0 1047.0 large-vehicle 0
403.0 1631.0 391.0 1630.0 391.0 1583.0 401.0 1583.0 large-vehicle 0
453.0 1631.0 441.0 1631.0 444.0 1583.0 456.0 1584.0 large-vehicle 0
498.0 1633.0 488.0 1632.0 488.0 1584.0 499.0 1584.0 large-vehicle 0
765.0 608.0 754.0 607.0 755.0 537.0 767.0 537.0 large-vehicle 0
561.0 1634.0 548.0 1634.0 551.0 1585.0 561.0 1586.0 large-vehicle 0
574.0 1634.0 563.0 1634.0 566.0 1585.0 577.0 1586.0 large-vehicle 0
657.0 1633.0 644.0 1632.0 645.0 1587.0 657.0 1587.0 large-vehicle 0
452.0 1686.0 451.0 1698.0 405.0 1697.0 405.0 1684.0 large-vehicle 0
614.0 1691.0 614.0 1703.0 567.0 1701.0 567.0 1688.0 large-vehicle 0
798.0 434.0 786.0 434.0 790.0 358.0 801.0 358.0 large-vehicle 0
825.0 436.0 815.0 434.0 819.0 359.0 829.0 359.0 large-vehicle 0
898.0 438.0 886.0 438.0 888.0 362.0 899.0 363.0 large-vehicle 0
82.0 1077.0 83.0 1068.0 99.0 1069.0 99.0 1077.0 small-vehicle 0
149.0 1079.0 137.0 1079.0 138.0 1061.0 149.0 1062.0 small-vehicle 0
100.0 1079.0 99.0 1088.0 83.0 1087.0 83.0 1079.0 small-vehicle 0
416.0 90.0 417.0 81.0 435.0 82.0 434.0 91.0 small-vehicle 0
185.0 1700.0 183.0 1707.0 167.0 1701.0 170.0 1694.0 small-vehicle 0
437.0 91.0 436.0 101.0 414.0 101.0 414.0 91.0 small-vehicle 0
455.0 92.0 454.0 100.0 436.0 100.0 436.0 92.0 small-vehicle 0
456.0 102.0 457.0 92.0 475.0 94.0 474.0 103.0 small-vehicle 0
458.0 112.0 458.0 103.0 477.0 104.0 477.0 113.0 small-vehicle 0
436.0 103.0 436.0 111.0 414.0 111.0 415.0 102.0 small-vehicle 0
460.0 92.0 459.0 83.0 479.0 82.0 479.0 91.0 small-vehicle 0
437.0 90.0 438.0 80.0 458.0 81.0 458.0 91.0 small-vehicle 0
436.0 80.0 436.0 71.0 454.0 71.0 454.0 80.0 small-vehicle 0
145.0 1692.0 145.0 1699.0 127.0 1697.0 128.0 1690.0 small-vehicle 0
456.0 79.0 456.0 71.0 476.0 72.0 475.0 80.0 small-vehicle 0
416.0 80.0 416.0 70.0 434.0 70.0 434.0 80.0 small-vehicle 0
436.0 69.0 435.0 60.0 455.0 60.0 454.0 70.0 small-vehicle 0
415.0 69.0 415.0 59.0 433.0 59.0 433.0 69.0 small-vehicle 0
453.0 50.0 453.0 59.0 436.0 59.0 435.0 50.0 small-vehicle 0
416.0 59.0 417.0 50.0 434.0 51.0 433.0 59.0 small-vehicle 0
499.0 89.0 506.0 82.0 520.0 98.0 513.0 103.0 small-vehicle 0
525.0 99.0 518.0 93.0 533.0 78.0 539.0 84.0 small-vehicle 0
166.0 1694.0 166.0 1701.0 148.0 1700.0 148.0 1692.0 small-vehicle 0
78.0 1684.0 76.0 1692.0 56.0 1688.0 59.0 1679.0 small-vehicle 0
520.0 93.0 513.0 85.0 527.0 71.0 533.0 78.0 small-vehicle 0
77.0 1618.0 86.0 1618.0 85.0 1637.0 76.0 1636.0 small-vehicle 0
72.0 1591.0 74.0 1582.0 88.0 1583.0 88.0 1590.0 small-vehicle 1
96.0 1594.0 98.0 1584.0 112.0 1586.0 110.0 1594.0 small-vehicle 1
103.0 1604.0 104.0 1595.0 123.0 1597.0 122.0 1605.0 small-vehicle 0
122.0 1608.0 122.0 1615.0 105.0 1615.0 105.0 1607.0 small-vehicle 0
37.0 1620.0 46.0 1622.0 41.0 1638.0 33.0 1635.0 small-vehicle 0
46.0 1621.0 56.0 1620.0 55.0 1639.0 45.0 1639.0 small-vehicle 0
56.0 1619.0 66.0 1620.0 65.0 1638.0 56.0 1638.0 small-vehicle 0
67.0 1616.0 77.0 1615.0 75.0 1634.0 66.0 1635.0 small-vehicle 0
89.0 1621.0 97.0 1621.0 95.0 1638.0 88.0 1637.0 small-vehicle 0
55.0 1677.0 54.0 1686.0 35.0 1682.0 37.0 1674.0 small-vehicle 0
100.0 1618.0 110.0 1618.0 109.0 1641.0 101.0 1641.0 small-vehicle 0
112.0 1619.0 121.0 1619.0 120.0 1639.0 110.0 1638.0 small-vehicle 0
122.0 1620.0 131.0 1620.0 130.0 1641.0 121.0 1640.0 small-vehicle 0
132.0 1620.0 141.0 1620.0 139.0 1639.0 131.0 1638.0 small-vehicle 0
142.0 1623.0 150.0 1622.0 150.0 1640.0 142.0 1640.0 small-vehicle 0
153.0 1623.0 163.0 1623.0 162.0 1638.0 152.0 1638.0 small-vehicle 0
164.0 1640.0 164.0 1631.0 182.0 1632.0 181.0 1641.0 small-vehicle 0
189.0 1631.0 182.0 1631.0 184.0 1611.0 191.0 1612.0 small-vehicle 0
535.0 93.0 541.0 86.0 556.0 102.0 551.0 108.0 small-vehicle 0
559.0 134.0 563.0 125.0 581.0 136.0 576.0 145.0 small-vehicle 0
35.0 1614.0 29.0 1606.0 44.0 1596.0 48.0 1603.0 small-vehicle 0
234.0 1046.0 237.0 1053.0 221.0 1062.0 217.0 1055.0 small-vehicle 1
549.0 319.0 543.0 326.0 527.0 314.0 533.0 307.0 small-vehicle 0
788.0 102.0 870.0 102.0 870.0 185.0 788.0 185.0 roundabout 0
275.0 81.0 284.0 81.0 282.0 100.0 273.0 100.0 small-vehicle 0
283.0 136.0 273.0 136.0 275.0 115.0 284.0 116.0 small-vehicle 0
282.0 157.0 273.0 157.0 275.0 141.0 283.0 141.0 small-vehicle 0
334.0 257.0 334.0 265.0 316.0 265.0 317.0 258.0 small-vehicle 0
417.0 48.0 417.0 40.0 432.0 41.0 432.0 48.0 small-vehicle 0
64.0 941.0 72.0 942.0 72.0 957.0 63.0 957.0 small-vehicle 0
294.0 1199.0 286.0 1199.0 285.0 1180.0 294.0 1180.0 small-vehicle 1
445.0 313.0 454.0 313.0 454.0 331.0 446.0 330.0 small-vehicle 0
96.0 1161.0 95.0 1168.0 80.0 1169.0 80.0 1161.0 small-vehicle 1
101.0 1169.0 102.0 1162.0 119.0 1162.0 118.0 1170.0 small-vehicle 1
98.0 1172.0 98.0 1179.0 82.0 1178.0 82.0 1171.0 small-vehicle 1
58.0 1177.0 58.0 1186.0 40.0 1186.0 40.0 1177.0 small-vehicle 1
219.0 1634.0 210.0 1633.0 213.0 1614.0 220.0 1614.0 small-vehicle 1
13.0 1624.0 10.0 1616.0 23.0 1608.0 27.0 1615.0 small-vehicle 1
948.0 153.0 937.0 150.0 947.0 123.0 958.0 129.0 small-vehicle 1
934.0 135.0 924.0 126.0 967.0 77.0 976.0 86.0 large-vehicle 0
534.0 321.0 527.0 328.0 512.0 313.0 519.0 306.0 small-vehicle 0
435.0 311.0 443.0 311.0 443.0 329.0 435.0 329.0 small-vehicle 0
582.0 140.0 588.0 134.0 603.0 150.0 597.0 156.0 small-vehicle 0
294.0 327.0 286.0 327.0 285.0 307.0 294.0 307.0 small-vehicle 0
595.0 168.0 589.0 161.0 604.0 150.0 609.0 156.0 small-vehicle 0
617.0 164.0 623.0 170.0 608.0 184.0 602.0 178.0 small-vehicle 0
625.0 171.0 632.0 179.0 617.0 191.0 610.0 183.0 small-vehicle 0
623.0 200.0 617.0 193.0 634.0 178.0 639.0 186.0 small-vehicle 0
613.0 212.0 613.0 202.0 633.0 202.0 632.0 212.0 small-vehicle 0
592.0 230.0 583.0 230.0 584.0 208.0 593.0 208.0 small-vehicle 0
583.0 230.0 573.0 230.0 575.0 208.0 583.0 208.0 small-vehicle 0
283.0 326.0 273.0 327.0 274.0 309.0 284.0 310.0 small-vehicle 0
304.0 327.0 295.0 328.0 294.0 308.0 301.0 308.0 small-vehicle 0
423.0 310.0 432.0 310.0 432.0 328.0 424.0 328.0 small-vehicle 0
314.0 327.0 306.0 327.0 306.0 307.0 314.0 308.0 small-vehicle 0
327.0 326.0 319.0 327.0 319.0 308.0 327.0 308.0 small-vehicle 0
338.0 325.0 329.0 327.0 330.0 306.0 338.0 306.0 small-vehicle 0
349.0 326.0 340.0 326.0 341.0 306.0 350.0 307.0 small-vehicle 0
362.0 325.0 355.0 326.0 353.0 309.0 362.0 309.0 small-vehicle 0
371.0 327.0 365.0 328.0 365.0 310.0 371.0 310.0 small-vehicle 0
384.0 330.0 374.0 330.0 376.0 308.0 385.0 310.0 small-vehicle 0
402.0 328.0 394.0 329.0 395.0 310.0 402.0 311.0 small-vehicle 0
54.0 1600.0 50.0 1592.0 65.0 1582.0 68.0 1590.0 small-vehicle 0
64.0 1302.0 63.0 1311.0 44.0 1308.0 46.0 1300.0 small-vehicle 0
121.0 1086.0 121.0 1094.0 100.0 1093.0 100.0 1086.0 small-vehicle 0
166.0 1168.0 166.0 1160.0 181.0 1160.0 182.0 1169.0 small-vehicle 0
229.0 1128.0 234.0 1135.0 221.0 1145.0 215.0 1137.0 small-vehicle 0
202.0 1142.0 202.0 1151.0 183.0 1149.0 183.0 1140.0 small-vehicle 0
233.0 1139.0 236.0 1147.0 221.0 1155.0 216.0 1148.0 small-vehicle 0
201.0 1153.0 201.0 1163.0 182.0 1162.0 182.0 1153.0 small-vehicle 0
166.0 1148.0 166.0 1140.0 183.0 1139.0 182.0 1147.0 small-vehicle 0
183.0 1132.0 182.0 1140.0 165.0 1140.0 166.0 1131.0 small-vehicle 0
147.0 1165.0 138.0 1164.0 140.0 1143.0 149.0 1143.0 small-vehicle 0
167.0 1159.0 167.0 1149.0 183.0 1150.0 181.0 1160.0 small-vehicle 0
103.0 1139.0 104.0 1130.0 121.0 1132.0 120.0 1140.0 small-vehicle 0
165.0 1130.0 165.0 1121.0 182.0 1120.0 182.0 1130.0 small-vehicle 0
106.0 1148.0 106.0 1140.0 121.0 1141.0 121.0 1149.0 small-vehicle 0
104.0 1158.0 105.0 1149.0 121.0 1149.0 121.0 1158.0 small-vehicle 0
82.0 1149.0 83.0 1142.0 97.0 1141.0 96.0 1149.0 small-vehicle 1
120.0 1174.0 119.0 1182.0 99.0 1181.0 100.0 1173.0 small-vehicle 0
147.0 1187.0 137.0 1186.0 137.0 1165.0 147.0 1164.0 small-vehicle 0
103.0 1184.0 103.0 1193.0 117.0 1192.0 117.0 1185.0 small-vehicle 1
117.0 1195.0 117.0 1204.0 101.0 1203.0 100.0 1194.0 small-vehicle 0
101.0 1215.0 101.0 1205.0 118.0 1205.0 118.0 1216.0 small-vehicle 0
204.0 1131.0 203.0 1139.0 183.0 1135.0 185.0 1126.0 small-vehicle 0
121.0 1121.0 120.0 1131.0 100.0 1129.0 100.0 1119.0 small-vehicle 0
163.0 1188.0 164.0 1178.0 183.0 1180.0 183.0 1190.0 small-vehicle 0
167.0 1110.0 167.0 1102.0 183.0 1102.0 183.0 1110.0 small-vehicle 0
148.0 1099.0 138.0 1098.0 138.0 1079.0 148.0 1079.0 small-vehicle 0
167.0 1092.0 166.0 1082.0 184.0 1082.0 183.0 1092.0 small-vehicle 0
205.0 1077.0 202.0 1085.0 183.0 1075.0 188.0 1068.0 small-vehicle 0
206.0 1067.0 203.0 1074.0 184.0 1064.0 188.0 1057.0 small-vehicle 0
234.0 1059.0 237.0 1066.0 223.0 1073.0 218.0 1065.0 small-vehicle 0
234.0 1069.0 237.0 1076.0 223.0 1084.0 219.0 1077.0 small-vehicle 0
221.0 1094.0 218.0 1085.0 234.0 1081.0 236.0 1089.0 small-vehicle 0
140.0 1103.0 147.0 1103.0 146.0 1120.0 139.0 1120.0 small-vehicle 0
166.0 1100.0 165.0 1091.0 184.0 1091.0 183.0 1099.0 small-vehicle 0
61.0 1118.0 61.0 1128.0 41.0 1127.0 42.0 1116.0 small-vehicle 0
167.0 1119.0 166.0 1111.0 184.0 1110.0 184.0 1118.0 small-vehicle 0
204.0 1117.0 202.0 1126.0 184.0 1122.0 186.0 1113.0 small-vehicle 0
82.0 1096.0 82.0 1088.0 101.0 1088.0 100.0 1097.0 small-vehicle 0
83.0 1105.0 84.0 1096.0 103.0 1098.0 102.0 1107.0 small-vehicle 0
121.0 1102.0 120.0 1111.0 102.0 1109.0 103.0 1101.0 small-vehicle 0
63.0 1088.0 62.0 1097.0 42.0 1096.0 43.0 1087.0 small-vehicle 0
65.0 1099.0 64.0 1107.0 45.0 1105.0 47.0 1097.0 small-vehicle 0
100.0 1108.0 99.0 1117.0 81.0 1114.0 83.0 1105.0 small-vehicle 0
146.0 1207.0 137.0 1207.0 137.0 1188.0 146.0 1188.0 small-vehicle 0
165.0 1178.0 165.0 1170.0 183.0 1169.0 183.0 1178.0 small-vehicle 0
177.0 1299.0 178.0 1290.0 192.0 1292.0 191.0 1300.0 small-vehicle 1
165.0 1245.0 164.0 1238.0 181.0 1239.0 180.0 1246.0 small-vehicle 0
230.0 1231.0 234.0 1237.0 220.0 1247.0 215.0 1241.0 small-vehicle 0
228.0 1242.0 233.0 1250.0 219.0 1258.0 214.0 1251.0 small-vehicle 0
163.0 1227.0 163.0 1218.0 182.0 1220.0 181.0 1229.0 small-vehicle 0
200.0 1221.0 201.0 1230.0 184.0 1229.0 184.0 1220.0 small-vehicle 0
183.0 1237.0 183.0 1229.0 200.0 1230.0 198.0 1238.0 small-vehicle 0
182.0 1247.0 183.0 1239.0 200.0 1239.0 200.0 1247.0 small-vehicle 0
184.0 1256.0 185.0 1247.0 199.0 1248.0 199.0 1257.0 small-vehicle 1
165.0 1256.0 165.0 1247.0 180.0 1248.0 179.0 1256.0 small-vehicle 0
162.0 1237.0 163.0 1228.0 181.0 1229.0 180.0 1237.0 small-vehicle 0
232.0 1208.0 235.0 1215.0 221.0 1224.0 217.0 1217.0 small-vehicle 0
78.0 1252.0 79.0 1243.0 96.0 1244.0 95.0 1253.0 small-vehicle 0
103.0 1251.0 103.0 1244.0 120.0 1243.0 120.0 1251.0 small-vehicle 0
35.0 1262.0 35.0 1253.0 52.0 1252.0 51.0 1261.0 small-vehicle 0
95.0 1267.0 95.0 1275.0 77.0 1275.0 77.0 1267.0 small-vehicle 0
76.0 1289.0 76.0 1298.0 55.0 1297.0 56.0 1288.0 small-vehicle 0
96.0 1289.0 95.0 1297.0 77.0 1296.0 79.0 1287.0 small-vehicle 0
120.0 1289.0 118.0 1298.0 100.0 1295.0 101.0 1286.0 small-vehicle 0
158.0 1299.0 158.0 1289.0 175.0 1290.0 174.0 1299.0 small-vehicle 0
229.0 1220.0 234.0 1227.0 222.0 1235.0 218.0 1228.0 small-vehicle 1
230.0 1197.0 235.0 1204.0 221.0 1214.0 216.0 1208.0 small-vehicle 0
202.0 1177.0 202.0 1186.0 184.0 1187.0 183.0 1178.0 small-vehicle 0
56.0 1198.0 56.0 1206.0 36.0 1208.0 35.0 1199.0 small-vehicle 0
232.0 1175.0 235.0 1183.0 220.0 1191.0 215.0 1183.0 small-vehicle 0
184.0 1197.0 184.0 1189.0 201.0 1189.0 200.0 1197.0 small-vehicle 0
229.0 1187.0 233.0 1193.0 222.0 1202.0 217.0 1195.0 small-vehicle 1
167.0 1198.0 167.0 1190.0 183.0 1190.0 182.0 1199.0 small-vehicle 0
61.0 1167.0 61.0 1176.0 42.0 1173.0 44.0 1164.0 small-vehicle 0
80.0 1190.0 80.0 1181.0 97.0 1182.0 96.0 1190.0 small-vehicle 0
98.0 1192.0 98.0 1200.0 78.0 1200.0 79.0 1191.0 small-vehicle 0
99.0 1203.0 98.0 1212.0 78.0 1209.0 79.0 1200.0 small-vehicle 0
55.0 1211.0 54.0 1220.0 35.0 1218.0 36.0 1209.0 small-vehicle 0
183.0 1208.0 183.0 1199.0 201.0 1200.0 201.0 1209.0 small-vehicle 0
37.0 1230.0 37.0 1221.0 55.0 1221.0 54.0 1230.0 small-vehicle 0
97.0 1224.0 96.0 1232.0 77.0 1229.0 78.0 1221.0 small-vehicle 0
119.0 1215.0 119.0 1223.0 100.0 1222.0 101.0 1214.0 small-vehicle 0
119.0 1225.0 119.0 1234.0 99.0 1232.0 100.0 1223.0 small-vehicle 0
119.0 1235.0 118.0 1243.0 102.0 1242.0 102.0 1234.0 small-vehicle 0
137.0 1233.0 147.0 1233.0 146.0 1251.0 137.0 1250.0 small-vehicle 0
164.0 1218.0 164.0 1210.0 180.0 1211.0 179.0 1218.0 small-vehicle 0
200.0 1211.0 199.0 1219.0 182.0 1218.0 183.0 1210.0 small-vehicle 0
270.0 422.0 258.0 421.0 261.0 346.0 271.0 346.0 large-vehicle 0
