imagesource:GoogleEarth
gsd:0.127060976987
554.0 1474.0 541.0 1469.0 557.0 1430.0 568.0 1437.0 small-vehicle 1
389.0 1199.0 369.0 1189.0 410.0 1091.0 429.0 1098.0 large-vehicle 0
487.0 1244.0 466.0 1235.0 506.0 1136.0 528.0 1145.0 large-vehicle 0
538.0 1266.0 516.0 1258.0 553.0 1159.0 573.0 1167.0 large-vehicle 0
560.0 1282.0 537.0 1273.0 583.0 1167.0 602.0 1175.0 large-vehicle 0
352.0 1356.0 363.0 1334.0 426.0 1363.0 418.0 1382.0 large-vehicle 0
1003.0 537.0 1011.0 516.0 1109.0 560.0 1098.0 583.0 large-vehicle 0
930.0 715.0 940.0 694.0 1032.0 733.0 1024.0 754.0 large-vehicle 0
633.0 1058.0 655.0 1066.0 617.0 1157.0 596.0 1148.0 large-vehicle 0
662.0 1061.0 682.0 1069.0 634.0 1174.0 614.0 1165.0 large-vehicle 0
682.0 1076.0 704.0 1085.0 664.0 1179.0 642.0 1171.0 large-vehicle 0
709.0 1085.0 731.0 1094.0 687.0 1189.0 667.0 1180.0 large-vehicle 0
663.0 1190.0 683.0 1198.0 642.0 1295.0 621.0 1287.0 large-vehicle 0
394.0 339.0 375.0 342.0 368.0 306.0 387.0 303.0 small-vehicle 0
229.0 419.0 231.0 400.0 263.0 401.0 262.0 420.0 small-vehicle 0
227.0 472.0 228.0 452.0 257.0 453.0 258.0 471.0 small-vehicle 0
329.0 473.0 336.0 458.0 365.0 470.0 359.0 485.0 small-vehicle 0
385.0 530.0 390.0 513.0 422.0 526.0 418.0 542.0 small-vehicle 0
303.0 525.0 308.0 510.0 339.0 520.0 334.0 535.0 small-vehicle 0
229.0 494.0 229.0 474.0 269.0 476.0 267.0 494.0 small-vehicle 0
261.0 635.0 248.0 629.0 260.0 599.0 275.0 605.0 small-vehicle 0
437.0 1219.0 419.0 1211.0 460.0 1113.0 478.0 1122.0 large-vehicle 0
360.0 1189.0 341.0 1181.0 380.0 1089.0 397.0 1097.0 large-vehicle 0
192.0 1257.0 186.0 1273.0 151.0 1260.0 159.0 1242.0 small-vehicle 0
336.0 1179.0 316.0 1171.0 374.0 1038.0 393.0 1046.0 large-vehicle 0
516.0 174.0 506.0 144.0 633.0 109.0 641.0 132.0 large-vehicle 0
491.0 378.0 500.0 356.0 594.0 395.0 587.0 416.0 large-vehicle 0
474.0 431.0 483.0 407.0 571.0 442.0 563.0 463.0 large-vehicle 0
408.0 581.0 416.0 558.0 505.0 595.0 497.0 616.0 large-vehicle 0
375.0 656.0 385.0 633.0 470.0 670.0 462.0 691.0 large-vehicle 0
306.0 667.0 324.0 657.0 375.0 732.0 357.0 745.0 large-vehicle 0
292.0 701.0 311.0 689.0 364.0 764.0 347.0 776.0 large-vehicle 0
273.0 725.0 291.0 713.0 357.0 804.0 340.0 814.0 large-vehicle 0
334.0 867.0 317.0 881.0 251.0 787.0 267.0 775.0 large-vehicle 0
316.0 887.0 296.0 899.0 232.0 807.0 249.0 795.0 large-vehicle 0
309.0 925.0 290.0 937.0 222.0 844.0 241.0 831.0 large-vehicle 0
291.0 945.0 273.0 957.0 212.0 873.0 228.0 860.0 large-vehicle 0
171.0 954.0 190.0 943.0 252.0 1032.0 234.0 1045.0 large-vehicle 0
140.0 1008.0 159.0 996.0 224.0 1087.0 205.0 1100.0 large-vehicle 0
408.0 947.0 429.0 956.0 391.0 1044.0 371.0 1036.0 large-vehicle 0
436.0 963.0 455.0 972.0 412.0 1072.0 392.0 1063.0 large-vehicle 0
459.0 971.0 481.0 981.0 438.0 1078.0 417.0 1070.0 large-vehicle 0
484.0 984.0 503.0 993.0 461.0 1090.0 443.0 1080.0 large-vehicle 0
582.0 1029.0 605.0 1037.0 566.0 1135.0 544.0 1126.0 large-vehicle 0
316.0 656.0 302.0 648.0 317.0 619.0 330.0 627.0 small-vehicle 0
198.0 1341.0 180.0 1333.0 200.0 1298.0 217.0 1307.0 small-vehicle 0
651.0 1571.0 664.0 1577.0 653.0 1603.0 639.0 1597.0 small-vehicle 1
926.0 864.0 935.0 845.0 976.0 861.0 968.0 880.0 small-vehicle 0
1014.0 856.0 1020.0 840.0 1053.0 853.0 1048.0 867.0 small-vehicle 0
1037.0 804.0 1043.0 788.0 1071.0 800.0 1066.0 815.0 small-vehicle 0
1085.0 783.0 1080.0 798.0 1043.0 785.0 1049.0 768.0 small-vehicle 0
1130.0 690.0 1125.0 708.0 1082.0 692.0 1088.0 671.0 small-vehicle 0
1177.0 803.0 1169.0 819.0 1136.0 803.0 1144.0 786.0 small-vehicle 0
1109.0 643.0 1117.0 626.0 1148.0 640.0 1140.0 654.0 small-vehicle 0
1117.0 625.0 1121.0 608.0 1161.0 618.0 1157.0 633.0 small-vehicle 0
1126.0 606.0 1133.0 589.0 1164.0 602.0 1159.0 618.0 small-vehicle 0
1142.0 565.0 1148.0 549.0 1176.0 564.0 1172.0 578.0 small-vehicle 0
890.0 446.0 906.0 453.0 893.0 488.0 876.0 483.0 small-vehicle 0
1092.0 440.0 1097.0 421.0 1139.0 433.0 1134.0 450.0 small-vehicle 0
1099.0 414.0 1105.0 397.0 1148.0 412.0 1142.0 429.0 small-vehicle 0
904.0 112.0 908.0 128.0 877.0 135.0 874.0 118.0 small-vehicle 0
827.0 76.0 823.0 57.0 856.0 50.0 859.0 67.0 small-vehicle 0
933.0 45.0 928.0 25.0 966.0 20.0 969.0 37.0 small-vehicle 0
1063.0 285.0 1056.0 302.0 1026.0 288.0 1032.0 273.0 small-vehicle 0
1077.0 251.0 1070.0 266.0 1037.0 254.0 1042.0 238.0 small-vehicle 0
1101.0 185.0 1091.0 203.0 1057.0 185.0 1064.0 169.0 small-vehicle 0
1104.0 1221.0 1118.0 1226.0 1105.0 1253.0 1092.0 1248.0 small-vehicle 0
1042.0 873.0 1037.0 887.0 1000.0 870.0 1007.0 855.0 small-vehicle 0
918.0 890.0 927.0 872.0 963.0 889.0 956.0 906.0 small-vehicle 0
218.0 1351.0 203.0 1343.0 219.0 1308.0 235.0 1316.0 small-vehicle 0
589.0 1402.0 578.0 1421.0 533.0 1400.0 546.0 1379.0 small-vehicle 0
240.0 1360.0 223.0 1352.0 238.0 1316.0 255.0 1324.0 small-vehicle 0
257.0 1368.0 241.0 1360.0 258.0 1325.0 274.0 1334.0 small-vehicle 0
279.0 1376.0 260.0 1369.0 276.0 1335.0 293.0 1344.0 small-vehicle 0
111.0 1657.0 120.0 1639.0 153.0 1655.0 145.0 1671.0 small-vehicle 0
154.0 1675.0 148.0 1690.0 115.0 1677.0 121.0 1661.0 small-vehicle 0
201.0 1696.0 208.0 1679.0 245.0 1695.0 239.0 1711.0 small-vehicle 0
195.0 1715.0 201.0 1698.0 233.0 1711.0 228.0 1727.0 small-vehicle 0
224.0 1747.0 220.0 1760.0 183.0 1746.0 190.0 1733.0 small-vehicle 0
172.0 1764.0 178.0 1748.0 214.0 1761.0 208.0 1777.0 small-vehicle 0
353.0 1785.0 337.0 1778.0 353.0 1744.0 367.0 1752.0 small-vehicle 0
370.0 1680.0 388.0 1674.0 393.0 1711.0 376.0 1713.0 small-vehicle 0
435.0 413.0 444.0 398.0 472.0 411.0 465.0 425.0 small-vehicle 0
674.0 344.0 691.0 352.0 677.0 382.0 661.0 375.0 small-vehicle 0
711.0 360.0 728.0 368.0 715.0 395.0 698.0 389.0 small-vehicle 0
730.0 371.0 747.0 378.0 733.0 407.0 718.0 399.0 small-vehicle 0
745.0 380.0 762.0 387.0 749.0 418.0 734.0 410.0 small-vehicle 0
765.0 387.0 781.0 395.0 767.0 425.0 751.0 418.0 small-vehicle 0
688.0 421.0 702.0 428.0 688.0 457.0 676.0 451.0 small-vehicle 0
701.0 432.0 719.0 437.0 709.0 468.0 694.0 462.0 small-vehicle 0
258.0 131.0 241.0 131.0 243.0 75.0 260.0 75.0 small-vehicle 0
