imagesource:GoogleEarth
gsd:1.08054322228
444.0 367.0 448.0 359.0 458.0 366.0 454.0 373.0 swimming-pool 1
321.0 336.0 329.0 338.0 326.0 347.0 319.0 345.0 swimming-pool 1
331.0 323.0 338.0 324.0 338.0 332.0 331.0 332.0 swimming-pool 1
295.0 163.0 303.0 163.0 304.0 170.0 296.0 170.0 swimming-pool 1
249.0 161.0 259.0 161.0 260.0 169.0 250.0 170.0 swimming-pool 1
191.0 47.0 365.0 50.0 362.0 124.0 189.0 120.0 ground-track-field 0
187.0 169.0 187.0 200.0 156.0 200.0 155.0 167.0 baseball-diamond 0
99.0 3.0 145.0 3.0 146.0 46.0 98.0 46.0 baseball-diamond 0
225.0 62.0 328.0 64.0 327.0 109.0 225.0 106.0 soccer-ball-field 0
184.0 338.0 150.0 338.0 151.0 304.0 183.0 305.0 baseball-diamond 0
26.0 324.0 27.0 285.0 64.0 284.0 65.0 325.0 baseball-diamond 0
19.0 163.0 53.0 162.0 53.0 195.0 19.0 196.0 baseball-diamond 0
