imagesource:GoogleEarth
gsd:0.264032221682
270.0 30.0 270.0 20.0 288.0 21.0 289.0 30.0 small-vehicle 1
248.0 462.0 241.0 455.0 260.0 448.0 263.0 456.0 small-vehicle 1
256.0 529.0 265.0 528.0 269.0 551.0 260.0 552.0 small-vehicle 1
342.0 453.0 398.0 448.0 404.0 544.0 347.0 548.0 basketball-court 0
271.0 456.0 331.0 453.0 336.0 548.0 278.0 552.0 basketball-court 0
299.0 268.0 340.0 263.0 347.0 353.0 304.0 356.0 tennis-court 0
245.0 271.0 287.0 267.0 294.0 356.0 253.0 359.0 tennis-court 0
192.0 273.0 234.0 270.0 241.0 361.0 198.0 365.0 tennis-court 0
287.0 129.0 329.0 124.0 337.0 215.0 293.0 219.0 tennis-court 0
234.0 132.0 277.0 130.0 285.0 219.0 241.0 222.0 tennis-court 0
181.0 136.0 224.0 133.0 231.0 222.0 187.0 226.0 tennis-court 0
