imagesource:GoogleEarth
gsd:0.272939715318
346.0 145.0 336.0 145.0 336.0 123.0 347.0 123.0 small-vehicle 0
387.0 47.0 394.0 51.0 387.0 67.0 379.0 64.0 small-vehicle 0
527.0 81.0 534.0 81.0 535.0 100.0 527.0 100.0 small-vehicle 0
517.0 82.0 525.0 82.0 526.0 97.0 518.0 97.0 small-vehicle 0
509.0 80.0 516.0 80.0 516.0 101.0 508.0 101.0 small-vehicle 0
499.0 81.0 507.0 81.0 507.0 99.0 499.0 99.0 small-vehicle 0
489.0 79.0 497.0 79.0 497.0 99.0 489.0 99.0 small-vehicle 0
471.0 75.0 479.0 77.0 476.0 96.0 468.0 95.0 small-vehicle 0
480.0 79.0 487.0 78.0 487.0 100.0 479.0 100.0 small-vehicle 0
462.0 73.0 469.0 75.0 466.0 93.0 458.0 92.0 small-vehicle 0
453.0 73.0 460.0 76.0 457.0 91.0 449.0 89.0 small-vehicle 0
443.0 71.0 451.0 73.0 447.0 91.0 438.0 89.0 small-vehicle 0
422.0 63.0 429.0 66.0 422.0 83.0 415.0 80.0 small-vehicle 0
413.0 59.0 420.0 63.0 414.0 78.0 406.0 75.0 small-vehicle 0
405.0 55.0 411.0 58.0 405.0 75.0 398.0 72.0 small-vehicle 0
381.0 42.0 387.0 46.0 380.0 62.0 372.0 59.0 small-vehicle 0
472.0 130.0 479.0 130.0 479.0 148.0 472.0 147.0 small-vehicle 0
317.0 93.0 310.0 93.0 312.0 71.0 319.0 72.0 small-vehicle 0
308.0 89.0 301.0 89.0 300.0 69.0 307.0 69.0 small-vehicle 0
297.0 88.0 288.0 88.0 289.0 69.0 297.0 70.0 small-vehicle 0
278.0 69.0 287.0 69.0 286.0 88.0 278.0 89.0 small-vehicle 0
269.0 69.0 278.0 69.0 276.0 87.0 268.0 86.0 small-vehicle 0
259.0 68.0 267.0 68.0 267.0 86.0 259.0 86.0 small-vehicle 0
221.0 499.0 265.0 500.0 260.0 590.0 218.0 589.0 tennis-court 0
299.0 512.0 343.0 514.0 340.0 602.0 295.0 601.0 tennis-court 0
226.0 364.0 269.0 364.0 266.0 454.0 222.0 453.0 tennis-court 0
292.0 366.0 336.0 368.0 334.0 457.0 289.0 455.0 tennis-court 0
507.0 205.0 551.0 207.0 548.0 296.0 504.0 296.0 tennis-court 0
442.0 204.0 484.0 205.0 481.0 294.0 437.0 293.0 tennis-court 0
306.0 199.0 349.0 201.0 347.0 290.0 303.0 288.0 tennis-court 0
463.0 129.0 471.0 129.0 471.0 148.0 462.0 147.0 small-vehicle 0
512.0 132.0 521.0 132.0 520.0 152.0 511.0 153.0 small-vehicle 0
334.0 145.0 326.0 145.0 326.0 121.0 336.0 122.0 small-vehicle 0
490.0 150.0 480.0 150.0 482.0 129.0 491.0 129.0 small-vehicle 1
324.0 145.0 315.0 144.0 317.0 121.0 326.0 123.0 small-vehicle 0
489.0 27.0 479.0 25.0 484.0 5.0 492.0 6.0 small-vehicle 0
313.0 161.0 300.0 160.0 302.0 119.0 312.0 121.0 large-vehicle 1
301.0 162.0 288.0 162.0 292.0 117.0 301.0 120.0 large-vehicle 1
290.0 160.0 280.0 159.0 281.0 117.0 293.0 118.0 large-vehicle 1
250.0 154.0 237.0 151.0 247.0 111.0 259.0 115.0 large-vehicle 1
278.0 155.0 269.0 155.0 272.0 117.0 282.0 117.0 large-vehicle 1
264.0 156.0 252.0 153.0 260.0 116.0 271.0 117.0 large-vehicle 1
384.0 142.0 375.0 141.0 377.0 122.0 384.0 121.0 small-vehicle 1
385.0 122.0 393.0 122.0 394.0 142.0 385.0 142.0 small-vehicle 1
414.0 127.0 423.0 126.0 423.0 147.0 413.0 145.0 small-vehicle 1
441.0 149.0 433.0 150.0 433.0 128.0 442.0 128.0 small-vehicle 1
452.0 151.0 442.0 150.0 443.0 128.0 453.0 128.0 small-vehicle 1
500.0 149.0 491.0 149.0 491.0 129.0 499.0 128.0 small-vehicle 1
572.0 130.0 581.0 130.0 580.0 154.0 571.0 153.0 small-vehicle 0
511.0 149.0 500.0 150.0 502.0 131.0 511.0 130.0 small-vehicle 1
529.0 150.0 521.0 152.0 521.0 133.0 531.0 133.0 small-vehicle 1
550.0 152.0 539.0 151.0 542.0 132.0 551.0 133.0 small-vehicle 1
551.0 133.0 560.0 134.0 559.0 152.0 551.0 150.0 small-vehicle 1
126.0 273.0 138.0 273.0 137.0 294.0 126.0 293.0 small-vehicle 1
551.0 551.0 543.0 551.0 542.0 529.0 551.0 528.0 small-vehicle 1
563.0 550.0 552.0 550.0 553.0 528.0 561.0 529.0 small-vehicle 1
562.0 529.0 573.0 529.0 575.0 550.0 565.0 552.0 small-vehicle 1
532.0 132.0 540.0 133.0 538.0 150.0 531.0 149.0 small-vehicle 0
405.0 125.0 412.0 125.0 412.0 142.0 405.0 142.0 small-vehicle 0
630.0 5.0 635.0 11.0 623.0 21.0 617.0 16.0 small-vehicle 0
390.0 585.0 383.0 585.0 384.0 566.0 392.0 567.0 small-vehicle 0
390.0 499.0 398.0 499.0 398.0 517.0 391.0 517.0 small-vehicle 0
240.0 197.0 283.0 199.0 280.0 288.0 236.0 286.0 tennis-court 0
