imagesource:GoogleEarth
gsd:0.565793022985
873.0 449.0 878.0 451.0 876.0 464.0 870.0 463.0 small-vehicle 1
256.0 1464.0 261.0 1464.0 259.0 1475.0 254.0 1474.0 small-vehicle 1
132.0 1535.0 128.0 1538.0 121.0 1529.0 126.0 1526.0 small-vehicle 1
137.0 1532.0 133.0 1534.0 127.0 1525.0 132.0 1522.0 small-vehicle 1
131.0 1521.0 135.0 1519.0 141.0 1528.0 137.0 1530.0 small-vehicle 1
139.0 1514.0 143.0 1511.0 151.0 1519.0 147.0 1523.0 small-vehicle 1
149.0 1509.0 152.0 1505.0 158.0 1513.0 154.0 1516.0 small-vehicle 1
153.0 1506.0 156.0 1502.0 162.0 1510.0 158.0 1513.0 small-vehicle 1
143.0 1490.0 147.0 1491.0 148.0 1502.0 143.0 1502.0 small-vehicle 1
137.0 1469.0 143.0 1469.0 143.0 1480.0 137.0 1479.0 small-vehicle 1
146.0 1469.0 151.0 1469.0 151.0 1479.0 146.0 1480.0 small-vehicle 1
251.0 1463.0 255.0 1464.0 253.0 1474.0 248.0 1472.0 small-vehicle 1
262.0 1466.0 266.0 1467.0 263.0 1478.0 259.0 1476.0 small-vehicle 1
337.0 1496.0 333.0 1495.0 333.0 1486.0 337.0 1487.0 small-vehicle 1
279.0 1484.0 274.0 1482.0 277.0 1471.0 282.0 1472.0 small-vehicle 1
282.0 1472.0 286.0 1473.0 284.0 1484.0 279.0 1483.0 small-vehicle 1
288.0 1472.0 292.0 1473.0 290.0 1484.0 284.0 1483.0 small-vehicle 1
293.0 1473.0 297.0 1474.0 295.0 1484.0 291.0 1484.0 small-vehicle 1
297.0 1475.0 301.0 1477.0 301.0 1486.0 295.0 1487.0 small-vehicle 1
302.0 1478.0 307.0 1479.0 306.0 1488.0 301.0 1487.0 small-vehicle 1
308.0 1478.0 313.0 1479.0 310.0 1489.0 306.0 1489.0 small-vehicle 1
314.0 1479.0 318.0 1480.0 315.0 1490.0 311.0 1490.0 small-vehicle 1
318.0 1482.0 323.0 1482.0 321.0 1492.0 316.0 1491.0 small-vehicle 1
323.0 1482.0 328.0 1484.0 326.0 1494.0 321.0 1493.0 small-vehicle 1
123.0 1542.0 119.0 1545.0 113.0 1537.0 118.0 1533.0 small-vehicle 1
119.0 1547.0 115.0 1549.0 109.0 1541.0 113.0 1538.0 small-vehicle 1
115.0 1550.0 111.0 1554.0 105.0 1545.0 110.0 1542.0 small-vehicle 1
46.0 1557.0 42.0 1562.0 36.0 1554.0 40.0 1549.0 small-vehicle 1
324.0 1697.0 330.0 1699.0 327.0 1716.0 319.0 1713.0 ship 1
330.0 1699.0 337.0 1700.0 334.0 1716.0 327.0 1714.0 ship 1
339.0 1687.0 344.0 1687.0 342.0 1699.0 336.0 1698.0 ship 1
334.0 1681.0 339.0 1683.0 337.0 1698.0 331.0 1696.0 ship 1
338.0 1662.0 344.0 1664.0 339.0 1681.0 333.0 1679.0 ship 1
40.0 1636.0 35.0 1640.0 28.0 1631.0 34.0 1627.0 small-vehicle 1
35.0 1582.0 30.0 1585.0 24.0 1577.0 28.0 1574.0 small-vehicle 1
59.0 1561.0 56.0 1563.0 50.0 1555.0 54.0 1552.0 small-vehicle 1
49.0 1569.0 46.0 1572.0 40.0 1564.0 43.0 1562.0 small-vehicle 1
45.0 1573.0 42.0 1575.0 36.0 1567.0 40.0 1564.0 small-vehicle 1
42.0 1576.0 38.0 1579.0 32.0 1571.0 35.0 1568.0 small-vehicle 1
67.0 1583.0 63.0 1585.0 56.0 1579.0 60.0 1575.0 small-vehicle 1
80.0 1572.0 76.0 1575.0 68.0 1567.0 72.0 1564.0 small-vehicle 1
20.0 1545.0 20.0 1551.0 8.0 1548.0 10.0 1543.0 small-vehicle 1
22.0 1538.0 21.0 1544.0 10.0 1542.0 11.0 1536.0 small-vehicle 1
25.0 1525.0 25.0 1520.0 35.0 1523.0 33.0 1528.0 small-vehicle 1
29.0 1516.0 26.0 1521.0 17.0 1519.0 18.0 1513.0 small-vehicle 1
16.0 1483.0 21.0 1483.0 22.0 1491.0 17.0 1492.0 small-vehicle 1
25.0 1482.0 30.0 1482.0 31.0 1492.0 26.0 1492.0 small-vehicle 1
42.0 1500.0 42.0 1494.0 54.0 1493.0 54.0 1499.0 small-vehicle 1
44.0 1547.0 46.0 1542.0 54.0 1544.0 53.0 1550.0 small-vehicle 1
328.0 1484.0 333.0 1485.0 331.0 1495.0 327.0 1494.0 small-vehicle 1
338.0 1486.0 343.0 1486.0 343.0 1496.0 338.0 1496.0 small-vehicle 1
969.0 446.0 962.0 446.0 963.0 430.0 970.0 430.0 small-vehicle 1
313.0 1534.0 319.0 1534.0 318.0 1544.0 313.0 1544.0 small-vehicle 1
317.0 1524.0 313.0 1523.0 315.0 1513.0 320.0 1514.0 small-vehicle 1
314.0 1522.0 309.0 1522.0 308.0 1512.0 313.0 1511.0 small-vehicle 1
304.0 1511.0 309.0 1510.0 308.0 1522.0 303.0 1522.0 small-vehicle 1
303.0 1522.0 296.0 1520.0 299.0 1510.0 305.0 1511.0 small-vehicle 1
292.0 1519.0 287.0 1517.0 290.0 1508.0 293.0 1508.0 small-vehicle 1
285.0 1517.0 281.0 1516.0 284.0 1506.0 290.0 1506.0 small-vehicle 1
287.0 1528.0 293.0 1528.0 292.0 1538.0 286.0 1538.0 small-vehicle 1
293.0 1529.0 298.0 1529.0 297.0 1539.0 292.0 1539.0 small-vehicle 1
298.0 1530.0 303.0 1530.0 303.0 1541.0 298.0 1541.0 small-vehicle 1
309.0 1534.0 313.0 1534.0 312.0 1544.0 308.0 1543.0 small-vehicle 1
355.0 1544.0 361.0 1545.0 361.0 1557.0 355.0 1557.0 small-vehicle 1
348.0 1498.0 343.0 1497.0 344.0 1487.0 348.0 1487.0 small-vehicle 1
442.0 1589.0 443.0 1584.0 454.0 1585.0 454.0 1591.0 small-vehicle 1
440.0 1567.0 446.0 1568.0 443.0 1578.0 438.0 1577.0 small-vehicle 1
416.0 1569.0 411.0 1569.0 411.0 1561.0 416.0 1561.0 small-vehicle 1
430.0 1566.0 436.0 1566.0 434.0 1576.0 428.0 1575.0 small-vehicle 1
460.0 1589.0 461.0 1584.0 470.0 1587.0 469.0 1591.0 small-vehicle 1
396.0 1565.0 401.0 1565.0 402.0 1574.0 397.0 1575.0 small-vehicle 1
503.0 1528.0 510.0 1528.0 508.0 1540.0 503.0 1540.0 small-vehicle 1
494.0 1549.0 500.0 1550.0 498.0 1560.0 492.0 1559.0 small-vehicle 1
507.0 1572.0 501.0 1570.0 503.0 1559.0 508.0 1559.0 small-vehicle 1
511.0 1554.0 516.0 1555.0 513.0 1565.0 508.0 1564.0 small-vehicle 1
323.0 1527.0 317.0 1526.0 320.0 1514.0 325.0 1514.0 small-vehicle 1
328.0 1531.0 323.0 1529.0 326.0 1516.0 331.0 1517.0 small-vehicle 1
361.0 1534.0 356.0 1534.0 358.0 1522.0 363.0 1523.0 small-vehicle 1
378.0 1529.0 382.0 1530.0 381.0 1540.0 376.0 1540.0 small-vehicle 1
358.0 1502.0 353.0 1501.0 354.0 1490.0 359.0 1491.0 small-vehicle 1
248.0 1494.0 243.0 1494.0 245.0 1484.0 249.0 1484.0 small-vehicle 1
259.0 1499.0 254.0 1499.0 255.0 1488.0 260.0 1488.0 small-vehicle 1
264.0 1500.0 259.0 1500.0 261.0 1489.0 266.0 1489.0 small-vehicle 1
266.0 1489.0 271.0 1490.0 269.0 1502.0 264.0 1501.0 small-vehicle 1
271.0 1489.0 276.0 1491.0 274.0 1504.0 269.0 1504.0 small-vehicle 1
276.0 1492.0 281.0 1492.0 279.0 1504.0 274.0 1505.0 small-vehicle 1
281.0 1492.0 286.0 1494.0 284.0 1506.0 278.0 1505.0 small-vehicle 1
286.0 1494.0 291.0 1495.0 289.0 1507.0 285.0 1506.0 small-vehicle 1
292.0 1495.0 296.0 1497.0 294.0 1509.0 288.0 1508.0 small-vehicle 1
297.0 1497.0 301.0 1497.0 301.0 1509.0 296.0 1509.0 small-vehicle 1
302.0 1497.0 307.0 1497.0 306.0 1510.0 302.0 1510.0 small-vehicle 1
306.0 1499.0 311.0 1499.0 310.0 1511.0 307.0 1511.0 small-vehicle 1
322.0 1514.0 316.0 1514.0 317.0 1504.0 323.0 1504.0 small-vehicle 1
336.0 1517.0 332.0 1517.0 333.0 1507.0 337.0 1507.0 small-vehicle 1
341.0 1521.0 337.0 1519.0 340.0 1509.0 345.0 1511.0 small-vehicle 1
353.0 1522.0 349.0 1522.0 348.0 1511.0 354.0 1511.0 small-vehicle 1
356.0 1510.0 360.0 1511.0 359.0 1522.0 354.0 1522.0 small-vehicle 1
387.0 1541.0 382.0 1542.0 384.0 1531.0 388.0 1532.0 small-vehicle 1
394.0 1532.0 389.0 1532.0 390.0 1522.0 395.0 1522.0 small-vehicle 1
385.0 1530.0 379.0 1529.0 380.0 1520.0 386.0 1520.0 small-vehicle 1
485.0 240.0 485.0 245.0 475.0 242.0 475.0 238.0 small-vehicle 1
480.0 244.0 478.0 247.0 468.0 246.0 469.0 240.0 small-vehicle 1
472.0 251.0 473.0 246.0 485.0 250.0 484.0 254.0 small-vehicle 1
467.0 1829.0 441.0 1824.0 473.0 1705.0 495.0 1711.0 ship 0
603.0 1008.0 615.0 1011.0 586.0 1121.0 574.0 1119.0 harbor 0
520.0 986.0 531.0 989.0 502.0 1100.0 491.0 1097.0 harbor 0
437.0 966.0 447.0 969.0 419.0 1077.0 408.0 1075.0 harbor 0
353.0 944.0 362.0 947.0 335.0 1056.0 325.0 1053.0 harbor 0
724.0 1924.0 707.0 1920.0 765.0 1683.0 784.0 1689.0 harbor 0
771.0 1807.0 754.0 1800.0 775.0 1742.0 791.0 1748.0 ship 0
708.0 1816.0 728.0 1819.0 713.0 1916.0 690.0 1914.0 ship 1
579.0 1886.0 560.0 1882.0 620.0 1646.0 638.0 1651.0 harbor 0
620.0 1834.0 596.0 1828.0 628.0 1711.0 651.0 1718.0 ship 0
434.0 1850.0 414.0 1845.0 476.0 1609.0 492.0 1613.0 harbor 0
288.0 1812.0 270.0 1808.0 330.0 1570.0 347.0 1575.0 harbor 0
450.0 209.0 449.0 212.0 438.0 211.0 438.0 206.0 small-vehicle 1
339.0 1624.0 361.0 1631.0 337.0 1724.0 312.0 1719.0 ship 0
279.0 1765.0 257.0 1759.0 285.0 1641.0 309.0 1647.0 ship 0
67.0 395.0 92.0 395.0 92.0 417.0 67.0 417.0 storage-tank 0
128.0 410.0 151.0 410.0 151.0 433.0 128.0 433.0 storage-tank 0
147.0 319.0 161.0 319.0 161.0 333.0 147.0 333.0 storage-tank 1
157.0 280.0 172.0 280.0 172.0 295.0 157.0 295.0 storage-tank 0
129.0 231.0 148.0 231.0 148.0 247.0 129.0 247.0 storage-tank 0
194.0 1562.0 223.0 1596.0 3.0 1790.0 1.0 1724.0 ship 0
129.0 100.0 130.0 107.0 114.0 105.0 114.0 98.0 large-vehicle 1
111.0 99.0 110.0 105.0 96.0 105.0 96.0 99.0 large-vehicle 1
733.0 984.0 730.0 999.0 684.0 987.0 688.0 973.0 ship 1
672.0 967.0 676.0 954.0 738.0 969.0 734.0 984.0 harbor 0
738.0 955.0 736.0 969.0 689.0 957.0 693.0 944.0 ship 1
751.0 914.0 748.0 928.0 614.0 899.0 617.0 884.0 ship 1
366.0 372.0 359.0 371.0 375.0 307.0 382.0 309.0 harbor 0
413.0 384.0 406.0 382.0 422.0 318.0 429.0 320.0 harbor 0
459.0 397.0 452.0 395.0 468.0 330.0 476.0 333.0 harbor 0
506.0 410.0 499.0 407.0 515.0 343.0 524.0 346.0 harbor 0
554.0 422.0 546.0 419.0 562.0 354.0 570.0 357.0 harbor 0
601.0 433.0 593.0 432.0 609.0 369.0 617.0 371.0 harbor 0
500.0 346.0 510.0 349.0 499.0 394.0 488.0 390.0 ship 0
648.0 446.0 640.0 444.0 655.0 379.0 664.0 382.0 harbor 0
770.0 585.0 773.0 577.0 834.0 593.0 832.0 601.0 harbor 0
761.0 624.0 765.0 609.0 827.0 625.0 824.0 639.0 harbor 0
742.0 692.0 747.0 679.0 809.0 695.0 805.0 708.0 harbor 0
812.0 681.0 809.0 694.0 763.0 683.0 766.0 670.0 ship 1
805.0 709.0 802.0 722.0 760.0 711.0 764.0 697.0 ship 1
794.0 749.0 792.0 764.0 746.0 752.0 749.0 738.0 ship 1
725.0 761.0 729.0 748.0 792.0 764.0 788.0 777.0 harbor 0
784.0 776.0 782.0 790.0 694.0 769.0 698.0 756.0 ship 1
762.0 817.0 759.0 829.0 719.0 819.0 722.0 807.0 ship 0
754.0 842.0 750.0 854.0 711.0 843.0 715.0 832.0 ship 0
709.0 829.0 712.0 818.0 773.0 833.0 769.0 846.0 harbor 0
748.0 885.0 744.0 898.0 696.0 887.0 699.0 872.0 ship 0
689.0 899.0 693.0 886.0 756.0 902.0 752.0 915.0 harbor 0
132.0 111.0 132.0 116.0 110.0 116.0 111.0 110.0 large-vehicle 1
108.0 110.0 108.0 116.0 88.0 116.0 88.0 111.0 large-vehicle 1
164.0 129.0 163.0 135.0 141.0 135.0 142.0 129.0 large-vehicle 1
336.0 230.0 337.0 235.0 322.0 233.0 322.0 227.0 small-vehicle 1
411.0 231.0 411.0 225.0 424.0 226.0 424.0 234.0 small-vehicle 1
408.0 239.0 409.0 232.0 424.0 236.0 423.0 240.0 small-vehicle 1
423.0 241.0 422.0 247.0 408.0 244.0 408.0 239.0 small-vehicle 1
406.0 256.0 407.0 252.0 420.0 255.0 419.0 260.0 small-vehicle 1
407.0 261.0 407.0 257.0 418.0 258.0 417.0 264.0 small-vehicle 1
405.0 265.0 406.0 262.0 417.0 265.0 417.0 269.0 small-vehicle 1
403.0 271.0 404.0 266.0 416.0 269.0 416.0 274.0 small-vehicle 1
403.0 276.0 403.0 270.0 416.0 274.0 415.0 278.0 small-vehicle 1
379.0 269.0 384.0 269.0 381.0 281.0 377.0 279.0 small-vehicle 1
376.0 268.0 381.0 269.0 378.0 280.0 373.0 278.0 small-vehicle 1
371.0 266.0 376.0 267.0 373.0 277.0 369.0 276.0 small-vehicle 1
366.0 265.0 371.0 267.0 369.0 277.0 364.0 275.0 small-vehicle 1
363.0 264.0 368.0 264.0 365.0 275.0 360.0 274.0 small-vehicle 1
358.0 263.0 363.0 264.0 361.0 275.0 356.0 272.0 small-vehicle 1
353.0 263.0 357.0 265.0 354.0 274.0 348.0 271.0 small-vehicle 1
442.0 234.0 441.0 238.0 429.0 237.0 431.0 233.0 small-vehicle 1
444.0 230.0 443.0 234.0 432.0 232.0 433.0 227.0 small-vehicle 1
445.0 225.0 442.0 231.0 434.0 228.0 435.0 223.0 small-vehicle 1
446.0 221.0 444.0 225.0 434.0 224.0 435.0 219.0 small-vehicle 1
447.0 217.0 447.0 221.0 435.0 220.0 436.0 215.0 small-vehicle 1
448.0 212.0 447.0 217.0 436.0 215.0 437.0 210.0 small-vehicle 1
336.0 235.0 336.0 241.0 322.0 239.0 321.0 234.0 small-vehicle 1
400.0 210.0 395.0 213.0 388.0 200.0 394.0 197.0 small-vehicle 1
141.0 130.0 141.0 134.0 126.0 134.0 127.0 130.0 large-vehicle 1
392.0 208.0 388.0 210.0 381.0 197.0 385.0 196.0 small-vehicle 1
289.0 152.0 289.0 158.0 278.0 156.0 279.0 150.0 small-vehicle 1
306.0 217.0 306.0 211.0 316.0 213.0 313.0 219.0 small-vehicle 1
304.0 222.0 304.0 217.0 316.0 218.0 315.0 224.0 small-vehicle 1
303.0 229.0 303.0 223.0 313.0 225.0 312.0 230.0 small-vehicle 1
302.0 233.0 301.0 229.0 312.0 229.0 311.0 235.0 small-vehicle 1
300.0 240.0 300.0 235.0 311.0 236.0 310.0 241.0 small-vehicle 1
212.0 186.0 213.0 192.0 203.0 193.0 203.0 188.0 small-vehicle 1
208.0 181.0 209.0 186.0 198.0 185.0 198.0 181.0 small-vehicle 1
328.0 217.0 327.0 223.0 316.0 222.0 317.0 216.0 small-vehicle 1
326.0 222.0 325.0 227.0 316.0 225.0 315.0 221.0 small-vehicle 1
322.0 227.0 321.0 232.0 313.0 231.0 313.0 226.0 small-vehicle 1
322.0 232.0 321.0 238.0 311.0 238.0 312.0 232.0 small-vehicle 1
341.0 220.0 337.0 224.0 327.0 213.0 332.0 209.0 small-vehicle 1
345.0 216.0 341.0 219.0 332.0 210.0 338.0 205.0 small-vehicle 1
349.0 213.0 345.0 216.0 337.0 205.0 343.0 202.0 small-vehicle 1
356.0 214.0 351.0 217.0 344.0 206.0 348.0 202.0 small-vehicle 1
363.0 215.0 357.0 217.0 350.0 207.0 356.0 203.0 small-vehicle 1
369.0 214.0 363.0 217.0 356.0 205.0 363.0 202.0 small-vehicle 1
375.0 213.0 370.0 215.0 361.0 202.0 367.0 199.0 small-vehicle 1
381.0 212.0 376.0 213.0 369.0 200.0 374.0 198.0 small-vehicle 1
387.0 210.0 381.0 212.0 375.0 200.0 381.0 198.0 small-vehicle 1
519.0 1566.0 513.0 1564.0 516.0 1554.0 521.0 1556.0 small-vehicle 1
530.0 1568.0 525.0 1567.0 525.0 1556.0 531.0 1557.0 small-vehicle 1
519.0 1533.0 526.0 1534.0 524.0 1544.0 519.0 1543.0 small-vehicle 1
638.0 1594.0 633.0 1593.0 633.0 1583.0 639.0 1583.0 small-vehicle 1
573.0 1566.0 578.0 1566.0 577.0 1579.0 573.0 1579.0 small-vehicle 1
564.0 1577.0 569.0 1578.0 569.0 1588.0 563.0 1587.0 small-vehicle 1
574.0 1579.0 580.0 1580.0 579.0 1591.0 573.0 1590.0 small-vehicle 1
576.0 1601.0 583.0 1602.0 581.0 1615.0 577.0 1614.0 small-vehicle 1
604.0 1586.0 611.0 1587.0 610.0 1600.0 605.0 1599.0 small-vehicle 1
612.0 1588.0 616.0 1589.0 614.0 1601.0 609.0 1600.0 small-vehicle 1
621.0 1592.0 616.0 1591.0 618.0 1581.0 623.0 1582.0 small-vehicle 1
621.0 1592.0 626.0 1592.0 625.0 1602.0 621.0 1602.0 small-vehicle 1
629.0 1604.0 625.0 1604.0 626.0 1593.0 631.0 1593.0 small-vehicle 1
633.0 1592.0 626.0 1592.0 628.0 1580.0 633.0 1582.0 small-vehicle 1
632.0 1594.0 636.0 1594.0 635.0 1604.0 630.0 1604.0 small-vehicle 1
826.0 1063.0 832.0 1064.0 829.0 1074.0 823.0 1074.0 small-vehicle 1
638.0 1595.0 641.0 1595.0 640.0 1605.0 635.0 1604.0 small-vehicle 1
642.0 1594.0 638.0 1593.0 638.0 1583.0 643.0 1584.0 small-vehicle 1
649.0 1596.0 643.0 1595.0 643.0 1584.0 649.0 1584.0 small-vehicle 1
647.0 1597.0 652.0 1598.0 651.0 1607.0 647.0 1607.0 small-vehicle 1
653.0 1599.0 649.0 1597.0 649.0 1589.0 653.0 1589.0 small-vehicle 1
657.0 1601.0 652.0 1600.0 654.0 1590.0 659.0 1591.0 small-vehicle 1
652.0 1600.0 656.0 1601.0 655.0 1611.0 650.0 1610.0 small-vehicle 1
662.0 1601.0 667.0 1602.0 665.0 1614.0 661.0 1613.0 small-vehicle 1
668.0 1602.0 664.0 1601.0 665.0 1594.0 668.0 1593.0 small-vehicle 1
674.0 1596.0 678.0 1597.0 678.0 1605.0 674.0 1604.0 small-vehicle 1
568.0 1564.0 573.0 1566.0 572.0 1578.0 565.0 1577.0 small-vehicle 1
554.0 1574.0 559.0 1574.0 558.0 1584.0 554.0 1584.0 small-vehicle 1
560.0 1575.0 564.0 1577.0 562.0 1587.0 558.0 1586.0 small-vehicle 1
557.0 1563.0 563.0 1563.0 561.0 1574.0 555.0 1574.0 small-vehicle 1
881.0 1077.0 886.0 1078.0 885.0 1089.0 880.0 1089.0 small-vehicle 1
878.0 1099.0 883.0 1099.0 885.0 1109.0 879.0 1109.0 small-vehicle 1
886.0 1099.0 889.0 1102.0 887.0 1112.0 883.0 1110.0 small-vehicle 1
889.0 1100.0 893.0 1101.0 891.0 1111.0 888.0 1111.0 small-vehicle 1
906.0 1116.0 900.0 1115.0 902.0 1104.0 908.0 1105.0 small-vehicle 1
910.0 1116.0 906.0 1116.0 907.0 1106.0 911.0 1106.0 small-vehicle 1
916.0 1118.0 910.0 1117.0 912.0 1109.0 917.0 1109.0 small-vehicle 1
920.0 1119.0 915.0 1119.0 915.0 1109.0 920.0 1109.0 small-vehicle 1
925.0 1120.0 921.0 1120.0 921.0 1110.0 925.0 1111.0 small-vehicle 1
931.0 1103.0 926.0 1101.0 928.0 1089.0 934.0 1091.0 small-vehicle 1
937.0 1091.0 943.0 1091.0 941.0 1105.0 935.0 1104.0 small-vehicle 1
946.0 1105.0 940.0 1104.0 943.0 1091.0 948.0 1091.0 small-vehicle 1
587.0 1164.0 581.0 1163.0 586.0 1151.0 589.0 1152.0 small-vehicle 1
655.0 1241.0 656.0 1235.0 668.0 1238.0 666.0 1243.0 small-vehicle 1
825.0 1193.0 820.0 1197.0 804.0 1182.0 808.0 1178.0 ship 1
825.0 1184.0 819.0 1188.0 810.0 1178.0 813.0 1174.0 ship 1
828.0 1180.0 824.0 1184.0 813.0 1173.0 818.0 1169.0 ship 1
834.0 1176.0 830.0 1179.0 818.0 1169.0 825.0 1164.0 ship 1
971.0 1467.0 964.0 1466.0 965.0 1453.0 972.0 1454.0 small-vehicle 1
552.0 1561.0 557.0 1562.0 555.0 1574.0 550.0 1572.0 small-vehicle 1
968.0 1535.0 962.0 1534.0 964.0 1523.0 970.0 1522.0 small-vehicle 1
667.0 1603.0 673.0 1603.0 671.0 1614.0 667.0 1614.0 small-vehicle 1
673.0 1604.0 678.0 1604.0 677.0 1615.0 672.0 1615.0 small-vehicle 1
678.0 1604.0 683.0 1605.0 682.0 1616.0 678.0 1616.0 small-vehicle 1
885.0 1626.0 890.0 1626.0 889.0 1636.0 884.0 1636.0 small-vehicle 1
867.0 1633.0 862.0 1632.0 863.0 1619.0 869.0 1620.0 small-vehicle 1
872.0 1632.0 867.0 1630.0 870.0 1621.0 874.0 1623.0 small-vehicle 1
875.0 1622.0 879.0 1624.0 878.0 1633.0 873.0 1633.0 small-vehicle 1
800.0 1636.0 794.0 1635.0 795.0 1625.0 801.0 1625.0 small-vehicle 1
821.0 1621.0 815.0 1619.0 817.0 1607.0 823.0 1607.0 small-vehicle 1
951.0 1593.0 945.0 1593.0 946.0 1578.0 953.0 1577.0 small-vehicle 1
276.0 976.0 268.0 974.0 274.0 956.0 281.0 958.0 ship 1
270.0 1005.0 277.0 1008.0 272.0 1028.0 263.0 1025.0 ship 1
615.0 1168.0 620.0 1169.0 618.0 1179.0 613.0 1178.0 small-vehicle 1
715.0 1639.0 720.0 1641.0 716.0 1653.0 712.0 1651.0 small-vehicle 1
721.0 1639.0 725.0 1640.0 721.0 1652.0 718.0 1651.0 small-vehicle 1
730.0 1640.0 735.0 1640.0 734.0 1656.0 729.0 1656.0 small-vehicle 1
736.0 1640.0 741.0 1641.0 738.0 1656.0 734.0 1655.0 small-vehicle 1
763.0 1658.0 768.0 1659.0 768.0 1668.0 762.0 1668.0 small-vehicle 1
685.0 1607.0 689.0 1608.0 688.0 1619.0 684.0 1618.0 small-vehicle 1
578.0 1569.0 583.0 1570.0 581.0 1582.0 577.0 1580.0 small-vehicle 1
947.0 1554.0 941.0 1553.0 943.0 1540.0 948.0 1540.0 small-vehicle 1
940.0 1553.0 945.0 1554.0 945.0 1567.0 938.0 1567.0 small-vehicle 1
725.0 1368.0 719.0 1366.0 722.0 1351.0 727.0 1352.0 small-vehicle 1
710.0 1362.0 705.0 1362.0 705.0 1347.0 712.0 1348.0 small-vehicle 1
595.0 1168.0 590.0 1165.0 595.0 1154.0 601.0 1157.0 small-vehicle 1
890.0 1627.0 895.0 1627.0 895.0 1638.0 890.0 1637.0 small-vehicle 1
876.0 1657.0 882.0 1658.0 880.0 1670.0 875.0 1668.0 small-vehicle 1
685.0 1597.0 690.0 1597.0 689.0 1607.0 685.0 1607.0 small-vehicle 1
856.0 1652.0 860.0 1652.0 859.0 1664.0 854.0 1663.0 small-vehicle 1
675.0 1572.0 680.0 1572.0 679.0 1583.0 674.0 1582.0 small-vehicle 1
686.0 1574.0 691.0 1575.0 690.0 1585.0 685.0 1584.0 small-vehicle 1
633.0 1629.0 629.0 1627.0 632.0 1616.0 635.0 1618.0 small-vehicle 1
644.0 1631.0 639.0 1629.0 642.0 1619.0 645.0 1620.0 small-vehicle 1
647.0 1620.0 651.0 1622.0 651.0 1632.0 646.0 1631.0 small-vehicle 1
652.0 1622.0 657.0 1621.0 656.0 1632.0 651.0 1632.0 small-vehicle 1
658.0 1623.0 663.0 1623.0 661.0 1633.0 657.0 1633.0 small-vehicle 1
672.0 1629.0 677.0 1628.0 676.0 1639.0 673.0 1639.0 small-vehicle 1
678.0 1628.0 683.0 1628.0 681.0 1640.0 676.0 1640.0 small-vehicle 1
683.0 1629.0 689.0 1630.0 687.0 1641.0 682.0 1639.0 small-vehicle 1
694.0 1632.0 698.0 1633.0 698.0 1644.0 692.0 1643.0 small-vehicle 1
704.0 1634.0 709.0 1635.0 707.0 1646.0 703.0 1644.0 small-vehicle 1
727.0 1624.0 723.0 1623.0 724.0 1614.0 729.0 1614.0 small-vehicle 1
765.0 1639.0 760.0 1636.0 762.0 1625.0 768.0 1625.0 small-vehicle 1
771.0 1642.0 765.0 1639.0 767.0 1627.0 772.0 1629.0 small-vehicle 1
763.0 1627.0 758.0 1625.0 759.0 1615.0 765.0 1616.0 small-vehicle 1
770.0 1596.0 775.0 1597.0 775.0 1609.0 768.0 1608.0 small-vehicle 1
751.0 1647.0 756.0 1648.0 755.0 1659.0 750.0 1658.0 small-vehicle 1
802.0 1659.0 808.0 1660.0 807.0 1672.0 802.0 1672.0 small-vehicle 1
834.0 1644.0 841.0 1645.0 840.0 1658.0 833.0 1658.0 small-vehicle 1
846.0 1648.0 851.0 1649.0 850.0 1659.0 844.0 1659.0 small-vehicle 1
858.0 1071.0 864.0 1072.0 861.0 1084.0 856.0 1083.0 small-vehicle 1
818.0 1060.0 822.0 1061.0 819.0 1071.0 814.0 1070.0 small-vehicle 1
540.0 1548.0 534.0 1547.0 536.0 1536.0 541.0 1537.0 small-vehicle 1
307.0 1342.0 302.0 1342.0 304.0 1330.0 309.0 1331.0 small-vehicle 1
308.0 1377.0 304.0 1375.0 306.0 1364.0 311.0 1365.0 small-vehicle 1
300.0 1364.0 306.0 1365.0 306.0 1374.0 300.0 1375.0 small-vehicle 1
292.0 1395.0 297.0 1396.0 296.0 1406.0 291.0 1407.0 small-vehicle 1
305.0 1409.0 300.0 1408.0 302.0 1396.0 307.0 1396.0 small-vehicle 1
363.0 1359.0 358.0 1357.0 361.0 1344.0 367.0 1346.0 small-vehicle 1
355.0 1343.0 361.0 1343.0 360.0 1356.0 354.0 1355.0 small-vehicle 1
340.0 1353.0 335.0 1351.0 338.0 1339.0 342.0 1340.0 small-vehicle 1
332.0 1337.0 337.0 1339.0 334.0 1351.0 329.0 1349.0 small-vehicle 1
322.0 1346.0 318.0 1345.0 320.0 1334.0 324.0 1335.0 small-vehicle 1
317.0 1345.0 311.0 1344.0 314.0 1332.0 319.0 1333.0 small-vehicle 1
297.0 1341.0 291.0 1339.0 294.0 1328.0 300.0 1328.0 small-vehicle 1
803.0 1056.0 808.0 1056.0 806.0 1068.0 800.0 1065.0 small-vehicle 1
277.0 1345.0 277.0 1339.0 289.0 1343.0 288.0 1348.0 small-vehicle 1
275.0 1355.0 274.0 1350.0 285.0 1351.0 283.0 1357.0 small-vehicle 1
281.0 1365.0 280.0 1370.0 270.0 1368.0 271.0 1362.0 small-vehicle 1
265.0 1392.0 264.0 1385.0 274.0 1387.0 274.0 1393.0 small-vehicle 1
261.0 1407.0 261.0 1401.0 271.0 1402.0 270.0 1407.0 small-vehicle 1
260.0 1412.0 260.0 1407.0 270.0 1408.0 269.0 1413.0 small-vehicle 1
378.0 1406.0 384.0 1406.0 383.0 1421.0 376.0 1419.0 small-vehicle 1
376.0 1419.0 383.0 1420.0 382.0 1430.0 374.0 1429.0 small-vehicle 1
472.0 292.0 477.0 291.0 478.0 304.0 471.0 304.0 small-vehicle 1
437.0 294.0 430.0 292.0 435.0 279.0 440.0 281.0 small-vehicle 1
332.0 1362.0 336.0 1363.0 335.0 1373.0 330.0 1374.0 small-vehicle 1
355.0 1368.0 360.0 1369.0 358.0 1379.0 353.0 1378.0 small-vehicle 1
366.0 1379.0 372.0 1379.0 371.0 1392.0 365.0 1392.0 small-vehicle 1
441.0 1366.0 447.0 1366.0 446.0 1379.0 440.0 1379.0 small-vehicle 1
546.0 1537.0 550.0 1537.0 550.0 1551.0 545.0 1551.0 small-vehicle 1
530.0 1559.0 536.0 1558.0 535.0 1569.0 531.0 1569.0 small-vehicle 1
539.0 1559.0 545.0 1559.0 545.0 1572.0 540.0 1572.0 small-vehicle 1
543.0 1580.0 539.0 1580.0 540.0 1571.0 545.0 1570.0 small-vehicle 1
523.0 1589.0 528.0 1588.0 526.0 1599.0 521.0 1599.0 small-vehicle 1
535.0 1591.0 539.0 1592.0 538.0 1602.0 533.0 1601.0 small-vehicle 1
539.0 1592.0 543.0 1593.0 542.0 1602.0 537.0 1602.0 small-vehicle 1
544.0 1594.0 548.0 1596.0 548.0 1606.0 542.0 1606.0 small-vehicle 1
549.0 1597.0 554.0 1598.0 552.0 1607.0 548.0 1607.0 small-vehicle 1
548.0 1574.0 554.0 1574.0 553.0 1583.0 548.0 1583.0 small-vehicle 1
314.0 1434.0 309.0 1434.0 311.0 1424.0 316.0 1425.0 small-vehicle 1
351.0 1444.0 346.0 1442.0 349.0 1433.0 353.0 1434.0 small-vehicle 1
361.0 1447.0 356.0 1445.0 358.0 1435.0 363.0 1436.0 small-vehicle 1
389.0 1433.0 383.0 1432.0 386.0 1420.0 392.0 1421.0 small-vehicle 1
397.0 1422.0 392.0 1422.0 392.0 1413.0 397.0 1413.0 small-vehicle 1
402.0 1423.0 397.0 1422.0 397.0 1412.0 403.0 1412.0 small-vehicle 1
406.0 1426.0 402.0 1424.0 402.0 1412.0 407.0 1413.0 small-vehicle 1
408.0 1401.0 402.0 1401.0 404.0 1391.0 409.0 1391.0 small-vehicle 1
412.0 1381.0 416.0 1382.0 416.0 1392.0 411.0 1393.0 small-vehicle 1
416.0 1381.0 421.0 1382.0 421.0 1393.0 416.0 1394.0 small-vehicle 1
422.0 1384.0 426.0 1383.0 425.0 1394.0 421.0 1394.0 small-vehicle 1
574.0 345.0 576.0 339.0 588.0 344.0 586.0 349.0 ship 1
606.0 354.0 607.0 347.0 623.0 351.0 621.0 357.0 ship 1
631.0 360.0 632.0 355.0 648.0 356.0 648.0 362.0 ship 1
767.0 932.0 767.0 929.0 778.0 931.0 778.0 935.0 small-vehicle 1
846.0 929.0 846.0 935.0 835.0 934.0 836.0 929.0 small-vehicle 1
846.0 936.0 846.0 943.0 835.0 939.0 837.0 934.0 small-vehicle 1
827.0 971.0 828.0 965.0 837.0 966.0 836.0 971.0 small-vehicle 1
827.0 974.0 827.0 970.0 835.0 971.0 835.0 976.0 small-vehicle 1
826.0 980.0 826.0 974.0 835.0 976.0 834.0 982.0 small-vehicle 1
825.0 984.0 824.0 980.0 833.0 981.0 832.0 986.0 small-vehicle 1
821.0 988.0 822.0 984.0 832.0 986.0 832.0 990.0 small-vehicle 1
821.0 994.0 822.0 988.0 830.0 990.0 831.0 996.0 small-vehicle 1
830.0 995.0 830.0 1001.0 820.0 998.0 820.0 994.0 small-vehicle 1
828.0 1001.0 827.0 1006.0 819.0 1004.0 818.0 998.0 small-vehicle 1
813.0 1017.0 814.0 1011.0 823.0 1013.0 824.0 1019.0 small-vehicle 1
813.0 1021.0 812.0 1017.0 822.0 1019.0 822.0 1024.0 small-vehicle 1
812.0 1026.0 812.0 1022.0 822.0 1024.0 822.0 1029.0 small-vehicle 1
825.0 1020.0 826.0 1014.0 833.0 1016.0 834.0 1021.0 small-vehicle 1
828.0 1009.0 828.0 1005.0 838.0 1007.0 837.0 1011.0 small-vehicle 1
830.0 1006.0 830.0 999.0 840.0 1002.0 839.0 1008.0 small-vehicle 1
832.0 991.0 832.0 986.0 840.0 987.0 842.0 993.0 small-vehicle 1
865.0 961.0 867.0 955.0 877.0 957.0 876.0 963.0 small-vehicle 1
869.0 950.0 871.0 944.0 881.0 949.0 879.0 954.0 small-vehicle 1
873.0 1001.0 878.0 1002.0 878.0 1015.0 873.0 1014.0 small-vehicle 1
775.0 1047.0 780.0 1049.0 777.0 1059.0 771.0 1059.0 small-vehicle 1
765.0 939.0 766.0 933.0 775.0 934.0 775.0 939.0 small-vehicle 1
772.0 915.0 773.0 909.0 783.0 911.0 781.0 917.0 small-vehicle 1
675.0 339.0 673.0 344.0 657.0 341.0 659.0 333.0 ship 1
774.0 895.0 775.0 889.0 786.0 890.0 786.0 896.0 small-vehicle 1
690.0 368.0 690.0 373.0 675.0 371.0 675.0 365.0 ship 1
627.0 336.0 633.0 336.0 630.0 348.0 625.0 346.0 small-vehicle 1
702.0 356.0 708.0 356.0 707.0 370.0 701.0 370.0 small-vehicle 1
706.0 341.0 711.0 341.0 711.0 354.0 705.0 354.0 small-vehicle 1
813.0 366.0 819.0 366.0 817.0 378.0 811.0 376.0 small-vehicle 1
947.0 428.0 952.0 428.0 950.0 441.0 945.0 439.0 small-vehicle 1
955.0 429.0 960.0 430.0 958.0 443.0 953.0 442.0 small-vehicle 1
963.0 485.0 958.0 484.0 960.0 474.0 965.0 475.0 small-vehicle 1
866.0 814.0 871.0 813.0 873.0 823.0 868.0 824.0 small-vehicle 1
850.0 816.0 856.0 815.0 858.0 826.0 853.0 828.0 small-vehicle 1
855.0 856.0 850.0 856.0 850.0 846.0 854.0 845.0 small-vehicle 1
873.0 847.0 869.0 849.0 865.0 839.0 870.0 838.0 small-vehicle 1
880.0 845.0 874.0 847.0 871.0 837.0 876.0 834.0 small-vehicle 1
885.0 844.0 881.0 847.0 877.0 836.0 882.0 835.0 small-vehicle 1
891.0 843.0 886.0 845.0 881.0 834.0 887.0 833.0 small-vehicle 1
895.0 841.0 890.0 842.0 886.0 833.0 891.0 832.0 small-vehicle 1
900.0 840.0 895.0 841.0 890.0 833.0 896.0 830.0 small-vehicle 1
906.0 839.0 901.0 840.0 900.0 830.0 905.0 830.0 small-vehicle 1
913.0 837.0 908.0 837.0 907.0 826.0 911.0 826.0 small-vehicle 1
790.0 879.0 790.0 883.0 783.0 882.0 782.0 878.0 small-vehicle 1
789.0 884.0 789.0 889.0 778.0 887.0 779.0 881.0 small-vehicle 1
319.0 360.0 311.0 358.0 327.0 294.0 335.0 297.0 harbor 0
