imagesource:GoogleEarth
gsd:0.126491537848
685.0 440.0 680.0 422.0 728.0 415.0 731.0 433.0 small-vehicle 0
326.0 741.0 323.0 726.0 362.0 722.0 363.0 736.0 small-vehicle 0
201.0 559.0 200.0 577.0 150.0 578.0 148.0 561.0 small-vehicle 0
186.0 535.0 186.0 551.0 151.0 555.0 150.0 538.0 small-vehicle 0
190.0 514.0 190.0 530.0 156.0 533.0 153.0 518.0 small-vehicle 0
304.0 524.0 303.0 508.0 340.0 505.0 342.0 520.0 small-vehicle 0
263.0 528.0 261.0 514.0 298.0 510.0 300.0 526.0 small-vehicle 0
301.0 502.0 299.0 486.0 335.0 482.0 337.0 496.0 small-vehicle 0
260.0 508.0 258.0 494.0 295.0 490.0 296.0 505.0 small-vehicle 0
158.0 513.0 156.0 498.0 194.0 493.0 196.0 507.0 small-vehicle 0
299.0 481.0 297.0 466.0 333.0 462.0 335.0 476.0 small-vehicle 0
256.0 486.0 255.0 472.0 288.0 468.0 289.0 482.0 small-vehicle 0
195.0 471.0 196.0 488.0 150.0 491.0 149.0 474.0 small-vehicle 0
296.0 458.0 296.0 441.0 336.0 438.0 336.0 455.0 small-vehicle 0
253.0 463.0 252.0 448.0 289.0 446.0 289.0 461.0 small-vehicle 0
293.0 436.0 292.0 422.0 327.0 418.0 327.0 432.0 small-vehicle 0
250.0 445.0 248.0 428.0 287.0 425.0 288.0 441.0 small-vehicle 0
265.0 548.0 263.0 532.0 300.0 527.0 301.0 543.0 small-vehicle 0
306.0 543.0 305.0 528.0 341.0 526.0 343.0 541.0 small-vehicle 0
264.0 570.0 262.0 555.0 302.0 550.0 303.0 564.0 small-vehicle 0
315.0 654.0 312.0 637.0 348.0 633.0 351.0 647.0 small-vehicle 0
326.0 718.0 324.0 704.0 359.0 701.0 361.0 715.0 small-vehicle 0
281.0 722.0 280.0 706.0 317.0 702.0 320.0 717.0 small-vehicle 0
319.0 696.0 318.0 682.0 356.0 678.0 357.0 692.0 small-vehicle 0
276.0 701.0 274.0 686.0 308.0 681.0 311.0 696.0 small-vehicle 0
321.0 675.0 319.0 660.0 356.0 655.0 357.0 670.0 small-vehicle 0
275.0 682.0 273.0 666.0 309.0 661.0 311.0 675.0 small-vehicle 0
273.0 658.0 272.0 642.0 310.0 640.0 311.0 653.0 small-vehicle 0
308.0 562.0 307.0 548.0 344.0 546.0 345.0 560.0 small-vehicle 0
315.0 630.0 314.0 614.0 351.0 612.0 351.0 626.0 small-vehicle 0
271.0 640.0 269.0 623.0 309.0 618.0 311.0 634.0 small-vehicle 0
315.0 611.0 313.0 594.0 352.0 590.0 353.0 605.0 small-vehicle 0
272.0 615.0 270.0 600.0 306.0 593.0 310.0 609.0 small-vehicle 0
314.0 588.0 313.0 573.0 351.0 570.0 352.0 585.0 small-vehicle 0
267.0 592.0 267.0 575.0 306.0 572.0 308.0 587.0 small-vehicle 0
192.0 451.0 192.0 465.0 153.0 469.0 152.0 454.0 small-vehicle 0
292.0 416.0 290.0 401.0 324.0 398.0 325.0 413.0 small-vehicle 0
245.0 420.0 244.0 406.0 281.0 403.0 281.0 416.0 small-vehicle 0
314.0 180.0 316.0 197.0 268.0 202.0 266.0 184.0 small-vehicle 0
271.0 243.0 270.0 230.0 306.0 226.0 307.0 238.0 small-vehicle 0
230.0 247.0 229.0 233.0 263.0 230.0 265.0 243.0 small-vehicle 0
128.0 252.0 126.0 237.0 161.0 232.0 163.0 246.0 small-vehicle 0
272.0 222.0 270.0 205.0 310.0 203.0 311.0 219.0 small-vehicle 0
229.0 227.0 226.0 211.0 265.0 207.0 267.0 221.0 small-vehicle 0
125.0 229.0 125.0 213.0 158.0 210.0 160.0 227.0 small-vehicle 0
228.0 206.0 225.0 190.0 262.0 185.0 264.0 200.0 small-vehicle 0
231.0 269.0 228.0 252.0 271.0 247.0 274.0 263.0 small-vehicle 0
124.0 211.0 122.0 196.0 161.0 193.0 161.0 207.0 small-vehicle 0
219.0 187.0 216.0 171.0 254.0 165.0 256.0 181.0 small-vehicle 0
219.0 163.0 217.0 148.0 255.0 143.0 257.0 158.0 small-vehicle 0
217.0 141.0 214.0 127.0 250.0 121.0 253.0 135.0 small-vehicle 0
215.0 98.0 211.0 82.0 255.0 72.0 258.0 89.0 small-vehicle 0
116.0 191.0 115.0 173.0 161.0 169.0 162.0 186.0 small-vehicle 0
124.0 273.0 125.0 257.0 162.0 256.0 163.0 270.0 small-vehicle 0
280.0 265.0 277.0 250.0 315.0 246.0 317.0 259.0 small-vehicle 0
287.0 396.0 285.0 382.0 322.0 378.0 323.0 393.0 small-vehicle 0
132.0 342.0 131.0 326.0 168.0 322.0 169.0 337.0 small-vehicle 0
245.0 403.0 242.0 387.0 279.0 383.0 280.0 397.0 small-vehicle 0
183.0 430.0 184.0 444.0 148.0 449.0 146.0 434.0 small-vehicle 0
181.0 405.0 182.0 421.0 136.0 427.0 135.0 410.0 small-vehicle 0
146.0 402.0 145.0 388.0 177.0 385.0 178.0 398.0 small-vehicle 0
139.0 385.0 138.0 370.0 174.0 365.0 175.0 380.0 small-vehicle 0
136.0 362.0 135.0 347.0 170.0 342.0 172.0 356.0 small-vehicle 0
283.0 326.0 281.0 311.0 317.0 307.0 319.0 322.0 small-vehicle 0
128.0 296.0 127.0 280.0 162.0 277.0 163.0 291.0 small-vehicle 0
242.0 331.0 241.0 317.0 277.0 313.0 278.0 327.0 small-vehicle 0
281.0 308.0 278.0 293.0 313.0 289.0 314.0 303.0 small-vehicle 0
241.0 314.0 240.0 298.0 273.0 295.0 276.0 311.0 small-vehicle 0
130.0 319.0 129.0 302.0 167.0 300.0 168.0 315.0 small-vehicle 0
279.0 287.0 278.0 272.0 314.0 269.0 315.0 284.0 small-vehicle 0
233.0 293.0 231.0 276.0 269.0 272.0 271.0 287.0 small-vehicle 0
285.0 744.0 283.0 729.0 318.0 726.0 319.0 739.0 small-vehicle 0
291.0 765.0 290.0 749.0 322.0 746.0 324.0 760.0 small-vehicle 0
532.0 393.0 530.0 378.0 569.0 372.0 571.0 387.0 small-vehicle 0
333.0 761.0 331.0 746.0 367.0 742.0 368.0 756.0 small-vehicle 0
561.0 651.0 557.0 635.0 596.0 630.0 598.0 643.0 small-vehicle 0
566.0 671.0 563.0 658.0 599.0 651.0 602.0 665.0 small-vehicle 0
645.0 647.0 646.0 660.0 611.0 664.0 610.0 650.0 small-vehicle 0
748.0 660.0 750.0 673.0 716.0 676.0 715.0 662.0 small-vehicle 0
648.0 667.0 649.0 682.0 613.0 687.0 612.0 671.0 small-vehicle 0
569.0 692.0 567.0 676.0 605.0 672.0 605.0 688.0 small-vehicle 0
758.0 704.0 756.0 718.0 714.0 715.0 716.0 700.0 small-vehicle 0
574.0 715.0 571.0 701.0 607.0 696.0 609.0 711.0 small-vehicle 0
616.0 709.0 613.0 695.0 647.0 691.0 649.0 706.0 small-vehicle 0
728.0 739.0 726.0 725.0 758.0 720.0 762.0 734.0 small-vehicle 0
618.0 730.0 616.0 716.0 651.0 712.0 652.0 726.0 small-vehicle 0
573.0 737.0 571.0 721.0 610.0 716.0 612.0 730.0 small-vehicle 0
367.0 231.0 367.0 216.0 403.0 215.0 403.0 228.0 small-vehicle 0
374.0 252.0 372.0 239.0 407.0 234.0 409.0 248.0 small-vehicle 0
376.0 271.0 375.0 257.0 414.0 252.0 414.0 267.0 small-vehicle 0
606.0 646.0 604.0 630.0 642.0 625.0 644.0 640.0 small-vehicle 0
746.0 635.0 747.0 650.0 708.0 655.0 707.0 639.0 small-vehicle 0
705.0 630.0 702.0 616.0 736.0 610.0 739.0 625.0 small-vehicle 0
547.0 543.0 545.0 528.0 589.0 522.0 591.0 537.0 small-vehicle 0
539.0 413.0 537.0 398.0 576.0 392.0 578.0 408.0 small-vehicle 0
545.0 432.0 543.0 418.0 578.0 413.0 580.0 426.0 small-vehicle 0
540.0 453.0 537.0 438.0 575.0 433.0 576.0 448.0 small-vehicle 0
550.0 478.0 548.0 463.0 583.0 457.0 584.0 472.0 small-vehicle 0
550.0 496.0 549.0 482.0 585.0 478.0 586.0 493.0 small-vehicle 0
547.0 519.0 547.0 505.0 584.0 502.0 585.0 515.0 small-vehicle 0
631.0 519.0 631.0 533.0 595.0 539.0 592.0 524.0 small-vehicle 0
602.0 626.0 600.0 611.0 638.0 605.0 640.0 620.0 small-vehicle 0
631.0 542.0 630.0 555.0 595.0 560.0 593.0 546.0 small-vehicle 0
555.0 587.0 552.0 570.0 590.0 565.0 592.0 582.0 small-vehicle 0
636.0 563.0 637.0 576.0 601.0 581.0 600.0 566.0 small-vehicle 0
554.0 608.0 552.0 593.0 588.0 588.0 588.0 603.0 small-vehicle 0
631.0 586.0 632.0 600.0 594.0 603.0 593.0 589.0 small-vehicle 0
593.0 609.0 593.0 623.0 559.0 628.0 556.0 612.0 small-vehicle 0
383.0 318.0 381.0 303.0 419.0 298.0 421.0 313.0 small-vehicle 0
380.0 295.0 379.0 281.0 416.0 276.0 417.0 290.0 small-vehicle 0
461.0 295.0 463.0 310.0 430.0 316.0 426.0 300.0 small-vehicle 0
425.0 685.0 423.0 671.0 459.0 667.0 461.0 682.0 small-vehicle 0
413.0 600.0 411.0 583.0 451.0 580.0 453.0 595.0 small-vehicle 0
417.0 623.0 416.0 606.0 454.0 603.0 454.0 620.0 small-vehicle 0
460.0 616.0 458.0 600.0 493.0 597.0 495.0 612.0 small-vehicle 0
458.0 638.0 457.0 624.0 490.0 620.0 492.0 634.0 small-vehicle 0
466.0 660.0 464.0 646.0 497.0 641.0 500.0 656.0 small-vehicle 0
422.0 665.0 420.0 649.0 456.0 644.0 458.0 659.0 small-vehicle 0
468.0 680.0 468.0 665.0 506.0 667.0 505.0 682.0 small-vehicle 0
412.0 577.0 410.0 561.0 446.0 557.0 449.0 571.0 small-vehicle 0
431.0 706.0 430.0 691.0 465.0 688.0 466.0 703.0 small-vehicle 0
473.0 702.0 471.0 687.0 504.0 684.0 505.0 700.0 small-vehicle 0
471.0 726.0 469.0 710.0 504.0 707.0 504.0 721.0 small-vehicle 0
430.0 728.0 428.0 713.0 465.0 710.0 466.0 725.0 small-vehicle 0
472.0 746.0 471.0 732.0 503.0 730.0 505.0 743.0 small-vehicle 0
432.0 752.0 431.0 737.0 468.0 733.0 470.0 748.0 small-vehicle 0
455.0 575.0 453.0 558.0 490.0 556.0 490.0 571.0 small-vehicle 0
451.0 553.0 450.0 539.0 491.0 535.0 491.0 549.0 small-vehicle 0
436.0 381.0 435.0 366.0 470.0 363.0 470.0 377.0 small-vehicle 0
441.0 443.0 442.0 428.0 476.0 430.0 475.0 444.0 small-vehicle 0
393.0 386.0 392.0 371.0 427.0 366.0 428.0 382.0 small-vehicle 0
398.0 408.0 397.0 391.0 436.0 388.0 436.0 403.0 small-vehicle 0
441.0 402.0 440.0 386.0 476.0 383.0 476.0 398.0 small-vehicle 0
400.0 427.0 399.0 412.0 435.0 408.0 436.0 423.0 small-vehicle 0
441.0 423.0 438.0 408.0 478.0 405.0 480.0 418.0 small-vehicle 0
401.0 448.0 400.0 435.0 434.0 431.0 435.0 445.0 small-vehicle 0
402.0 468.0 401.0 454.0 436.0 450.0 437.0 465.0 small-vehicle 0
412.0 554.0 411.0 539.0 445.0 536.0 446.0 550.0 small-vehicle 0
442.0 464.0 442.0 451.0 477.0 451.0 476.0 463.0 small-vehicle 0
408.0 511.0 406.0 497.0 438.0 493.0 440.0 506.0 small-vehicle 0
405.0 491.0 403.0 476.0 438.0 473.0 440.0 486.0 small-vehicle 0
447.0 508.0 447.0 494.0 484.0 491.0 484.0 505.0 small-vehicle 0
411.0 531.0 410.0 516.0 450.0 513.0 451.0 529.0 small-vehicle 0
454.0 528.0 454.0 513.0 491.0 513.0 491.0 526.0 small-vehicle 0
151.0 148.0 153.0 161.0 119.0 167.0 116.0 154.0 small-vehicle 0
