imagesource:GoogleEarth
gsd:0.141019248912
502.0 1271.0 487.0 1269.0 487.0 1237.0 502.0 1238.0 small-vehicle 1
55.0 38.0 56.0 56.0 19.0 56.0 20.0 39.0 small-vehicle 0
232.0 482.0 248.0 482.0 245.0 519.0 230.0 517.0 small-vehicle 0
209.0 489.0 226.0 489.0 225.0 519.0 209.0 519.0 small-vehicle 0
202.0 522.0 184.0 521.0 188.0 475.0 203.0 477.0 small-vehicle 0
182.0 518.0 162.0 516.0 164.0 483.0 180.0 483.0 small-vehicle 0
434.0 46.0 432.0 66.0 384.0 65.0 386.0 42.0 small-vehicle 0
353.0 45.0 352.0 62.0 317.0 60.0 319.0 43.0 small-vehicle 0
305.0 45.0 306.0 59.0 273.0 59.0 274.0 43.0 small-vehicle 0
271.0 47.0 271.0 62.0 233.0 62.0 233.0 46.0 small-vehicle 0
228.0 44.0 226.0 62.0 190.0 60.0 191.0 44.0 small-vehicle 0
189.0 45.0 188.0 59.0 151.0 59.0 153.0 44.0 small-vehicle 0
142.0 45.0 141.0 61.0 102.0 59.0 104.0 42.0 small-vehicle 0
96.0 42.0 94.0 58.0 61.0 57.0 61.0 42.0 small-vehicle 0
369.0 1126.0 452.0 1127.0 449.0 1300.0 366.0 1298.0 tennis-court 0
276.0 481.0 290.0 482.0 288.0 520.0 274.0 518.0 small-vehicle 0
266.0 1124.0 350.0 1126.0 345.0 1298.0 259.0 1296.0 tennis-court 0
163.0 1121.0 246.0 1123.0 241.0 1297.0 157.0 1294.0 tennis-court 0
58.0 1120.0 141.0 1121.0 138.0 1293.0 52.0 1291.0 tennis-court 0
374.0 866.0 458.0 869.0 454.0 1040.0 371.0 1039.0 tennis-court 0
270.0 864.0 353.0 866.0 351.0 1038.0 266.0 1036.0 tennis-court 0
167.0 861.0 251.0 863.0 246.0 1035.0 162.0 1035.0 tennis-court 0
62.0 860.0 147.0 862.0 143.0 1035.0 57.0 1033.0 tennis-court 0
309.0 528.0 392.0 530.0 386.0 703.0 302.0 700.0 tennis-court 1
205.0 524.0 287.0 527.0 282.0 700.0 199.0 697.0 tennis-court 0
105.0 522.0 184.0 525.0 180.0 698.0 95.0 696.0 tennis-court 0
317.0 188.0 400.0 190.0 394.0 363.0 312.0 361.0 tennis-court 0
213.0 186.0 296.0 188.0 292.0 359.0 209.0 358.0 tennis-court 0
253.0 483.0 269.0 484.0 266.0 520.0 251.0 518.0 small-vehicle 0
334.0 527.0 319.0 527.0 320.0 488.0 334.0 489.0 small-vehicle 0
544.0 1323.0 525.0 1321.0 528.0 1276.0 545.0 1279.0 small-vehicle 0
134.0 704.0 150.0 705.0 148.0 741.0 132.0 739.0 small-vehicle 0
517.0 973.0 502.0 973.0 502.0 932.0 519.0 931.0 small-vehicle 0
514.0 1026.0 498.0 1024.0 500.0 982.0 517.0 984.0 small-vehicle 0
387.0 696.0 404.0 696.0 403.0 732.0 386.0 730.0 small-vehicle 0
342.0 744.0 328.0 741.0 328.0 698.0 342.0 698.0 small-vehicle 0
312.0 744.0 296.0 743.0 297.0 691.0 312.0 692.0 small-vehicle 0
288.0 741.0 274.0 738.0 280.0 692.0 294.0 695.0 small-vehicle 0
267.0 741.0 255.0 738.0 258.0 696.0 270.0 696.0 small-vehicle 0
251.0 740.0 234.0 739.0 237.0 699.0 250.0 699.0 small-vehicle 0
225.0 747.0 213.0 746.0 216.0 711.0 226.0 711.0 small-vehicle 0
208.0 739.0 192.0 738.0 195.0 692.0 210.0 694.0 small-vehicle 0
172.0 701.0 187.0 702.0 184.0 738.0 169.0 737.0 small-vehicle 0
153.0 701.0 167.0 702.0 163.0 737.0 150.0 737.0 small-vehicle 0
378.0 660.0 357.0 658.0 363.0 614.0 381.0 616.0 small-vehicle 0
149.0 608.0 130.0 608.0 133.0 568.0 149.0 569.0 small-vehicle 0
401.0 620.0 384.0 619.0 386.0 560.0 401.0 561.0 small-vehicle 0
378.0 617.0 364.0 615.0 366.0 567.0 381.0 567.0 small-vehicle 0
355.0 609.0 336.0 611.0 336.0 563.0 352.0 563.0 small-vehicle 0
340.0 613.0 353.0 613.0 353.0 648.0 340.0 649.0 small-vehicle 0
293.0 577.0 309.0 577.0 308.0 620.0 292.0 618.0 small-vehicle 0
211.0 658.0 192.0 658.0 195.0 609.0 212.0 610.0 small-vehicle 0
190.0 656.0 176.0 656.0 176.0 614.0 189.0 614.0 small-vehicle 0
168.0 656.0 153.0 655.0 156.0 614.0 170.0 616.0 small-vehicle 0
125.0 656.0 107.0 656.0 110.0 614.0 126.0 614.0 small-vehicle 0
148.0 656.0 129.0 654.0 133.0 612.0 151.0 612.0 small-vehicle 0
190.0 614.0 175.0 614.0 175.0 578.0 189.0 578.0 small-vehicle 0
170.0 615.0 153.0 614.0 154.0 576.0 169.0 576.0 small-vehicle 0
109.0 183.0 194.0 187.0 189.0 357.0 104.0 356.0 tennis-court 0
