imagesource:GoogleEarth
gsd:0.278638016942
708.0 819.0 709.0 809.0 731.0 811.0 730.0 820.0 small-vehicle 0
370.0 159.0 380.0 158.0 380.0 201.0 370.0 200.0 large-vehicle 0
410.0 162.0 420.0 163.0 417.0 205.0 407.0 204.0 large-vehicle 0
435.0 166.0 445.0 166.0 443.0 208.0 434.0 207.0 large-vehicle 0
448.0 168.0 458.0 169.0 456.0 209.0 447.0 210.0 large-vehicle 0
489.0 171.0 499.0 171.0 497.0 212.0 487.0 212.0 large-vehicle 0
502.0 171.0 512.0 172.0 510.0 212.0 500.0 212.0 large-vehicle 0
516.0 173.0 525.0 174.0 522.0 214.0 514.0 214.0 large-vehicle 0
527.0 174.0 537.0 174.0 536.0 216.0 526.0 214.0 large-vehicle 0
539.0 176.0 550.0 176.0 548.0 216.0 538.0 216.0 large-vehicle 0
554.0 175.0 564.0 176.0 562.0 218.0 550.0 217.0 large-vehicle 0
579.0 178.0 589.0 178.0 588.0 220.0 578.0 220.0 large-vehicle 0
592.0 180.0 603.0 180.0 602.0 220.0 592.0 220.0 large-vehicle 0
607.0 181.0 616.0 182.0 614.0 222.0 606.0 222.0 large-vehicle 0
645.0 184.0 655.0 184.0 654.0 226.0 643.0 226.0 large-vehicle 0
266.0 93.0 258.0 100.0 228.0 73.0 236.0 66.0 large-vehicle 0
282.0 102.0 272.0 102.0 274.0 58.0 283.0 58.0 large-vehicle 0
384.0 160.0 395.0 161.0 392.0 203.0 382.0 202.0 large-vehicle 0
344.0 157.0 354.0 157.0 351.0 200.0 341.0 198.0 large-vehicle 0
466.0 257.0 457.0 256.0 460.0 215.0 470.0 215.0 large-vehicle 0
331.0 156.0 342.0 157.0 338.0 198.0 329.0 198.0 large-vehicle 0
492.0 259.0 483.0 258.0 485.0 218.0 495.0 218.0 large-vehicle 0
505.0 262.0 496.0 262.0 498.0 218.0 507.0 218.0 large-vehicle 0
518.0 262.0 508.0 262.0 512.0 218.0 522.0 218.0 large-vehicle 0
532.0 262.0 522.0 262.0 524.0 221.0 534.0 221.0 large-vehicle 0
544.0 264.0 536.0 261.0 541.0 222.0 550.0 223.0 large-vehicle 0
558.0 264.0 548.0 264.0 551.0 223.0 560.0 223.0 large-vehicle 0
570.0 264.0 561.0 264.0 564.0 224.0 574.0 224.0 large-vehicle 0
584.0 266.0 574.0 265.0 579.0 226.0 588.0 226.0 large-vehicle 0
597.0 269.0 586.0 267.0 591.0 226.0 601.0 226.0 large-vehicle 0
610.0 269.0 600.0 267.0 605.0 226.0 615.0 227.0 large-vehicle 0
624.0 270.0 615.0 270.0 618.0 228.0 627.0 228.0 large-vehicle 0
636.0 270.0 626.0 271.0 628.0 230.0 638.0 230.0 large-vehicle 0
649.0 274.0 640.0 272.0 643.0 232.0 653.0 232.0 large-vehicle 0
305.0 153.0 314.0 154.0 311.0 196.0 302.0 196.0 large-vehicle 0
318.0 155.0 328.0 155.0 326.0 198.0 315.0 196.0 large-vehicle 0
294.0 102.0 285.0 102.0 288.0 59.0 296.0 59.0 large-vehicle 0
305.0 106.0 295.0 104.0 301.0 62.0 310.0 62.0 large-vehicle 0
319.0 104.0 309.0 104.0 312.0 61.0 323.0 61.0 large-vehicle 0
346.0 109.0 336.0 109.0 340.0 64.0 350.0 64.0 large-vehicle 0
244.0 160.0 244.0 169.0 203.0 168.0 204.0 158.0 large-vehicle 0
242.0 187.0 242.0 196.0 200.0 193.0 202.0 183.0 large-vehicle 0
242.0 200.0 241.0 211.0 200.0 206.0 202.0 196.0 large-vehicle 0
240.0 214.0 239.0 224.0 197.0 220.0 200.0 210.0 large-vehicle 0
239.0 239.0 238.0 249.0 196.0 246.0 198.0 236.0 large-vehicle 0
238.0 254.0 236.0 264.0 196.0 257.0 198.0 249.0 large-vehicle 0
236.0 268.0 236.0 276.0 195.0 270.0 196.0 262.0 large-vehicle 0
235.0 292.0 233.0 302.0 193.0 298.0 194.0 288.0 large-vehicle 0
235.0 305.0 233.0 314.0 192.0 308.0 193.0 301.0 large-vehicle 0
230.0 370.0 228.0 380.0 187.0 374.0 188.0 365.0 large-vehicle 0
229.0 382.0 228.0 392.0 186.0 388.0 186.0 379.0 large-vehicle 0
228.0 396.0 226.0 404.0 184.0 400.0 185.0 392.0 large-vehicle 0
225.0 408.0 224.0 418.0 184.0 414.0 185.0 404.0 large-vehicle 0
224.0 422.0 224.0 432.0 182.0 428.0 183.0 417.0 large-vehicle 0
220.0 461.0 220.0 470.0 182.0 468.0 182.0 459.0 large-vehicle 0
246.0 148.0 245.0 157.0 204.0 154.0 205.0 144.0 large-vehicle 0
248.0 135.0 246.0 146.0 204.0 140.0 207.0 130.0 large-vehicle 0
248.0 120.0 247.0 131.0 206.0 128.0 206.0 118.0 large-vehicle 0
490.0 119.0 479.0 118.0 484.0 76.0 494.0 76.0 large-vehicle 0
358.0 108.0 350.0 107.0 353.0 64.0 362.0 64.0 large-vehicle 0
372.0 109.0 360.0 108.0 365.0 65.0 375.0 65.0 large-vehicle 0
386.0 110.0 378.0 110.0 378.0 67.0 388.0 66.0 large-vehicle 0
400.0 111.0 390.0 110.0 392.0 67.0 403.0 67.0 large-vehicle 0
438.0 111.0 429.0 110.0 430.0 70.0 439.0 70.0 large-vehicle 0
448.0 115.0 440.0 114.0 444.0 70.0 453.0 70.0 large-vehicle 0
518.0 120.0 508.0 119.0 512.0 76.0 521.0 76.0 large-vehicle 0
611.0 126.0 602.0 127.0 602.0 84.0 612.0 85.0 large-vehicle 0
530.0 120.0 522.0 119.0 524.0 76.0 532.0 77.0 large-vehicle 0
542.0 120.0 533.0 120.0 536.0 76.0 546.0 77.0 large-vehicle 0
556.0 122.0 548.0 121.0 551.0 78.0 560.0 78.0 large-vehicle 0
569.0 123.0 561.0 124.0 562.0 79.0 572.0 78.0 large-vehicle 0
582.0 125.0 573.0 124.0 576.0 80.0 587.0 80.0 large-vehicle 0
594.0 126.0 584.0 124.0 590.0 83.0 598.0 84.0 large-vehicle 0
480.0 258.0 469.0 258.0 472.0 215.0 481.0 216.0 large-vehicle 0
452.0 255.0 442.0 254.0 448.0 214.0 456.0 216.0 large-vehicle 0
708.0 838.0 709.0 828.0 728.0 831.0 726.0 840.0 small-vehicle 0
505.0 315.0 514.0 316.0 510.0 358.0 501.0 357.0 large-vehicle 0
543.0 318.0 554.0 319.0 550.0 360.0 540.0 360.0 large-vehicle 0
583.0 320.0 593.0 321.0 590.0 365.0 580.0 364.0 large-vehicle 0
619.0 326.0 629.0 327.0 626.0 369.0 618.0 369.0 large-vehicle 0
646.0 326.0 657.0 326.0 653.0 372.0 644.0 371.0 large-vehicle 0
308.0 404.0 299.0 404.0 302.0 361.0 312.0 363.0 large-vehicle 0
321.0 404.0 313.0 401.0 316.0 359.0 326.0 361.0 large-vehicle 0
335.0 405.0 325.0 403.0 329.0 360.0 339.0 363.0 large-vehicle 0
347.0 407.0 339.0 406.0 342.0 362.0 352.0 365.0 large-vehicle 0
360.0 408.0 352.0 407.0 355.0 364.0 364.0 366.0 large-vehicle 0
373.0 409.0 365.0 407.0 369.0 365.0 378.0 366.0 large-vehicle 0
386.0 411.0 378.0 408.0 383.0 366.0 393.0 368.0 large-vehicle 0
414.0 413.0 406.0 412.0 407.0 368.0 417.0 368.0 large-vehicle 0
426.0 414.0 416.0 412.0 422.0 370.0 431.0 371.0 large-vehicle 0
440.0 415.0 431.0 414.0 435.0 372.0 444.0 372.0 large-vehicle 0
453.0 416.0 445.0 415.0 447.0 372.0 457.0 373.0 large-vehicle 0
515.0 315.0 528.0 315.0 528.0 359.0 515.0 359.0 large-vehicle 0
492.0 312.0 501.0 314.0 498.0 357.0 487.0 356.0 large-vehicle 0
439.0 254.0 429.0 254.0 435.0 212.0 444.0 212.0 large-vehicle 0
593.0 319.0 605.0 319.0 605.0 365.0 593.0 365.0 large-vehicle 0
306.0 296.0 316.0 296.0 316.0 339.0 306.0 339.0 large-vehicle 0
318.0 299.0 328.0 299.0 328.0 341.0 318.0 341.0 large-vehicle 0
332.0 299.0 342.0 299.0 342.0 341.0 332.0 341.0 large-vehicle 0
345.0 301.0 354.0 301.0 353.0 343.0 343.0 342.0 large-vehicle 0
357.0 303.0 368.0 305.0 366.0 345.0 356.0 345.0 large-vehicle 0
370.0 302.0 382.0 302.0 382.0 346.0 370.0 346.0 large-vehicle 0
383.0 303.0 394.0 303.0 394.0 347.0 383.0 347.0 large-vehicle 0
399.0 305.0 409.0 306.0 406.0 349.0 396.0 348.0 large-vehicle 0
413.0 306.0 421.0 306.0 418.0 349.0 408.0 346.0 large-vehicle 0
423.0 306.0 433.0 306.0 433.0 352.0 423.0 352.0 large-vehicle 0
436.0 308.0 446.0 308.0 446.0 352.0 436.0 352.0 large-vehicle 0
475.0 312.0 487.0 312.0 487.0 355.0 475.0 355.0 large-vehicle 0
528.0 318.0 539.0 318.0 539.0 359.0 528.0 359.0 large-vehicle 0
554.0 319.0 566.0 319.0 566.0 363.0 554.0 363.0 large-vehicle 0
567.0 319.0 578.0 319.0 578.0 364.0 567.0 364.0 large-vehicle 0
492.0 420.0 483.0 419.0 487.0 376.0 496.0 377.0 large-vehicle 0
546.0 425.0 536.0 424.0 538.0 380.0 548.0 381.0 large-vehicle 0
585.0 427.0 575.0 426.0 578.0 384.0 588.0 384.0 large-vehicle 0
597.0 428.0 587.0 426.0 591.0 384.0 602.0 386.0 large-vehicle 0
319.0 595.0 328.0 596.0 325.0 635.0 316.0 634.0 large-vehicle 0
443.0 555.0 444.0 546.0 468.0 546.0 468.0 556.0 large-vehicle 0
554.0 526.0 554.0 516.0 596.0 520.0 595.0 529.0 large-vehicle 0
766.0 595.0 756.0 594.0 758.0 566.0 768.0 566.0 large-vehicle 0
786.0 407.0 775.0 408.0 778.0 369.0 787.0 369.0 large-vehicle 0
781.0 290.0 790.0 290.0 787.0 331.0 778.0 330.0 large-vehicle 0
310.0 244.0 299.0 242.0 302.0 202.0 312.0 202.0 large-vehicle 0
321.0 244.0 311.0 242.0 316.0 202.0 326.0 204.0 large-vehicle 0
334.0 246.0 325.0 244.0 330.0 204.0 338.0 205.0 large-vehicle 0
347.0 246.0 338.0 245.0 341.0 206.0 350.0 206.0 large-vehicle 0
400.0 249.0 404.0 210.0 394.0 208.0 390.0 249.0 large-vehicle 0
361.0 248.0 352.0 248.0 356.0 206.0 364.0 206.0 large-vehicle 0
374.0 248.0 364.0 246.0 370.0 207.0 378.0 208.0 large-vehicle 0
414.0 253.0 404.0 252.0 409.0 212.0 417.0 212.0 large-vehicle 0
425.0 253.0 416.0 252.0 422.0 213.0 430.0 213.0 large-vehicle 0
306.0 604.0 315.0 604.0 312.0 640.0 302.0 640.0 large-vehicle 0
280.0 600.0 289.0 600.0 287.0 639.0 278.0 638.0 large-vehicle 0
349.0 486.0 350.0 476.0 392.0 481.0 392.0 490.0 large-vehicle 0
480.0 418.0 470.0 418.0 474.0 374.0 483.0 375.0 large-vehicle 0
612.0 429.0 602.0 429.0 605.0 386.0 615.0 386.0 large-vehicle 0
626.0 430.0 616.0 429.0 618.0 386.0 628.0 388.0 large-vehicle 0
293.0 473.0 293.0 463.0 337.0 463.0 338.0 472.0 large-vehicle 0
278.0 531.0 268.0 531.0 268.0 492.0 278.0 492.0 large-vehicle 0
291.0 532.0 279.0 532.0 281.0 494.0 292.0 493.0 large-vehicle 0
400.0 411.0 392.0 411.0 397.0 368.0 404.0 369.0 large-vehicle 0
519.0 422.0 509.0 422.0 513.0 378.0 523.0 379.0 large-vehicle 0
403.0 537.0 394.0 536.0 400.0 498.0 409.0 498.0 large-vehicle 0
558.0 424.0 549.0 424.0 552.0 381.0 562.0 382.0 large-vehicle 0
505.0 421.0 496.0 421.0 500.0 378.0 508.0 376.0 large-vehicle 0
308.0 533.0 300.0 532.0 304.0 492.0 314.0 492.0 large-vehicle 0
338.0 532.0 329.0 532.0 330.0 493.0 340.0 493.0 large-vehicle 0
363.0 536.0 354.0 536.0 355.0 493.0 365.0 494.0 large-vehicle 0
388.0 534.0 378.0 534.0 381.0 496.0 390.0 497.0 large-vehicle 0
219.0 472.0 219.0 482.0 177.0 480.0 177.0 470.0 large-vehicle 0
215.0 513.0 214.0 522.0 175.0 521.0 174.0 510.0 large-vehicle 0
214.0 527.0 212.0 536.0 173.0 532.0 174.0 522.0 large-vehicle 0
240.0 1366.0 231.0 1365.0 233.0 1343.0 242.0 1344.0 small-vehicle 0
271.0 1368.0 263.0 1368.0 263.0 1343.0 272.0 1344.0 small-vehicle 0
282.0 1370.0 273.0 1370.0 275.0 1348.0 283.0 1348.0 small-vehicle 0
285.0 1348.0 294.0 1349.0 293.0 1371.0 285.0 1371.0 small-vehicle 0
314.0 1371.0 305.0 1370.0 307.0 1349.0 315.0 1350.0 small-vehicle 0
323.0 1373.0 316.0 1371.0 318.0 1352.0 325.0 1353.0 small-vehicle 0
381.0 1221.0 372.0 1225.0 364.0 1207.0 372.0 1204.0 small-vehicle 0
480.0 939.0 478.0 930.0 499.0 925.0 500.0 935.0 small-vehicle 0
429.0 982.0 420.0 980.0 426.0 958.0 434.0 960.0 small-vehicle 0
430.0 900.0 419.0 899.0 423.0 877.0 431.0 878.0 small-vehicle 0
369.0 918.0 363.0 911.0 379.0 893.0 385.0 902.0 small-vehicle 0
348.0 896.0 343.0 888.0 360.0 876.0 366.0 884.0 small-vehicle 0
486.0 813.0 496.0 814.0 495.0 834.0 486.0 833.0 small-vehicle 0
497.0 815.0 506.0 816.0 504.0 836.0 495.0 834.0 small-vehicle 0
508.0 816.0 515.0 817.0 513.0 835.0 506.0 834.0 small-vehicle 0
518.0 793.0 527.0 793.0 526.0 813.0 518.0 812.0 small-vehicle 0
259.0 1369.0 250.0 1369.0 253.0 1347.0 261.0 1348.0 small-vehicle 0
294.0 826.0 288.0 818.0 306.0 804.0 311.0 812.0 small-vehicle 0
212.0 538.0 212.0 548.0 172.0 546.0 172.0 536.0 large-vehicle 0
323.0 750.0 315.0 749.0 317.0 729.0 325.0 729.0 small-vehicle 0
267.0 1111.0 278.0 1111.0 276.0 1150.0 266.0 1150.0 large-vehicle 0
282.0 1111.0 292.0 1111.0 290.0 1151.0 280.0 1152.0 large-vehicle 0
294.0 1113.0 304.0 1114.0 304.0 1152.0 292.0 1153.0 large-vehicle 0
308.0 1114.0 318.0 1116.0 315.0 1152.0 306.0 1152.0 large-vehicle 0
320.0 1117.0 331.0 1118.0 329.0 1155.0 319.0 1155.0 large-vehicle 0
335.0 1118.0 344.0 1118.0 342.0 1156.0 334.0 1156.0 large-vehicle 0
347.0 1120.0 356.0 1120.0 356.0 1157.0 346.0 1158.0 large-vehicle 0
360.0 1120.0 370.0 1119.0 368.0 1158.0 358.0 1158.0 large-vehicle 0
372.0 1120.0 382.0 1119.0 381.0 1158.0 372.0 1160.0 large-vehicle 0
385.0 1120.0 396.0 1120.0 394.0 1159.0 384.0 1159.0 large-vehicle 0
400.0 1124.0 409.0 1124.0 407.0 1162.0 398.0 1160.0 large-vehicle 0
412.0 1124.0 422.0 1124.0 421.0 1164.0 411.0 1164.0 large-vehicle 0
456.0 1012.0 453.0 1021.0 430.0 1015.0 432.0 1005.0 small-vehicle 0
283.0 745.0 274.0 743.0 276.0 724.0 285.0 726.0 small-vehicle 0
303.0 748.0 295.0 748.0 296.0 727.0 304.0 728.0 small-vehicle 0
538.0 796.0 546.0 796.0 545.0 814.0 537.0 814.0 small-vehicle 0
566.0 815.0 557.0 814.0 560.0 796.0 567.0 797.0 small-vehicle 0
585.0 819.0 576.0 818.0 578.0 799.0 586.0 800.0 small-vehicle 0
480.0 792.0 488.0 792.0 486.0 812.0 478.0 811.0 small-vehicle 0
574.0 700.0 582.0 700.0 582.0 717.0 574.0 716.0 small-vehicle 0
564.0 697.0 573.0 698.0 571.0 716.0 561.0 715.0 small-vehicle 0
587.0 662.0 587.0 651.0 604.0 654.0 602.0 664.0 small-vehicle 0
511.0 670.0 513.0 660.0 535.0 663.0 533.0 672.0 small-vehicle 0
465.0 660.0 455.0 660.0 455.0 638.0 464.0 638.0 small-vehicle 0
453.0 658.0 445.0 657.0 446.0 636.0 454.0 637.0 small-vehicle 0
444.0 660.0 434.0 660.0 435.0 633.0 444.0 633.0 small-vehicle 0
432.0 628.0 437.0 618.0 452.0 626.0 449.0 634.0 small-vehicle 0
432.0 662.0 422.0 662.0 423.0 640.0 432.0 640.0 small-vehicle 0
421.0 659.0 413.0 658.0 414.0 632.0 423.0 632.0 small-vehicle 0
413.0 657.0 402.0 656.0 403.0 632.0 413.0 631.0 small-vehicle 0
400.0 657.0 393.0 656.0 392.0 637.0 400.0 637.0 small-vehicle 0
389.0 655.0 380.0 654.0 382.0 632.0 390.0 632.0 small-vehicle 0
378.0 657.0 370.0 658.0 368.0 630.0 377.0 629.0 small-vehicle 0
663.0 823.0 663.0 812.0 680.0 812.0 679.0 822.0 small-vehicle 0
466.0 691.0 475.0 691.0 474.0 709.0 465.0 708.0 small-vehicle 0
501.0 687.0 512.0 687.0 510.0 710.0 500.0 709.0 small-vehicle 0
352.0 751.0 343.0 751.0 345.0 730.0 353.0 731.0 small-vehicle 0
427.0 803.0 420.0 803.0 420.0 782.0 428.0 783.0 small-vehicle 0
470.0 789.0 477.0 790.0 475.0 811.0 468.0 810.0 small-vehicle 0
459.0 789.0 467.0 789.0 466.0 808.0 458.0 808.0 small-vehicle 0
449.0 790.0 460.0 790.0 458.0 810.0 448.0 809.0 small-vehicle 0
429.0 806.0 438.0 807.0 434.0 829.0 426.0 828.0 small-vehicle 0
437.0 782.0 448.0 782.0 447.0 804.0 437.0 805.0 small-vehicle 0
415.0 825.0 408.0 825.0 409.0 803.0 417.0 803.0 small-vehicle 0
408.0 806.0 398.0 805.0 400.0 782.0 410.0 782.0 small-vehicle 0
364.0 751.0 355.0 751.0 355.0 731.0 364.0 731.0 small-vehicle 0
389.0 799.0 381.0 799.0 382.0 779.0 390.0 779.0 small-vehicle 0
450.0 761.0 441.0 762.0 441.0 743.0 449.0 743.0 small-vehicle 0
480.0 763.0 470.0 762.0 473.0 741.0 482.0 742.0 small-vehicle 0
491.0 763.0 481.0 764.0 481.0 743.0 491.0 743.0 small-vehicle 0
611.0 743.0 611.0 753.0 592.0 752.0 592.0 743.0 small-vehicle 0
598.0 713.0 597.0 702.0 615.0 701.0 616.0 711.0 small-vehicle 0
254.0 1109.0 265.0 1110.0 263.0 1150.0 253.0 1149.0 large-vehicle 0
242.0 1108.0 252.0 1110.0 249.0 1148.0 239.0 1148.0 large-vehicle 0
229.0 1107.0 240.0 1108.0 237.0 1148.0 227.0 1147.0 large-vehicle 0
185.0 942.0 174.0 942.0 178.0 902.0 188.0 902.0 large-vehicle 0
117.0 922.0 116.0 933.0 79.0 930.0 80.0 920.0 large-vehicle 0
116.0 948.0 115.0 959.0 77.0 957.0 78.0 946.0 large-vehicle 0
114.0 962.0 114.0 971.0 76.0 970.0 76.0 959.0 large-vehicle 0
113.0 976.0 112.0 988.0 76.0 984.0 76.0 973.0 large-vehicle 0
112.0 989.0 110.0 999.0 74.0 998.0 74.0 987.0 large-vehicle 0
109.0 1016.0 107.0 1026.0 71.0 1022.0 72.0 1012.0 large-vehicle 0
108.0 1030.0 106.0 1040.0 68.0 1035.0 70.0 1024.0 large-vehicle 0
106.0 1069.0 104.0 1078.0 66.0 1073.0 68.0 1064.0 large-vehicle 0
106.0 1054.0 104.0 1064.0 68.0 1062.0 70.0 1053.0 large-vehicle 0
194.0 857.0 204.0 858.0 200.0 898.0 190.0 896.0 large-vehicle 0
209.0 859.0 218.0 859.0 215.0 900.0 207.0 900.0 large-vehicle 0
220.0 860.0 231.0 860.0 228.0 900.0 218.0 900.0 large-vehicle 0
232.0 861.0 243.0 861.0 241.0 900.0 230.0 901.0 large-vehicle 0
247.0 862.0 258.0 862.0 256.0 900.0 245.0 901.0 large-vehicle 0
260.0 864.0 270.0 865.0 268.0 903.0 258.0 902.0 large-vehicle 0
123.0 894.0 120.0 902.0 85.0 886.0 89.0 876.0 large-vehicle 0
130.0 880.0 126.0 890.0 92.0 872.0 97.0 863.0 large-vehicle 0
145.0 858.0 139.0 868.0 105.0 848.0 110.0 840.0 large-vehicle 0
200.0 674.0 199.0 682.0 161.0 681.0 162.0 670.0 large-vehicle 0
212.0 554.0 210.0 562.0 171.0 556.0 172.0 548.0 large-vehicle 0
210.0 567.0 210.0 576.0 170.0 572.0 172.0 563.0 large-vehicle 0
209.0 578.0 208.0 588.0 168.0 584.0 170.0 576.0 large-vehicle 0
208.0 591.0 207.0 600.0 168.0 598.0 168.0 588.0 large-vehicle 0
208.0 605.0 206.0 616.0 166.0 612.0 168.0 602.0 large-vehicle 0
206.0 618.0 204.0 628.0 165.0 624.0 166.0 614.0 large-vehicle 0
201.0 686.0 199.0 695.0 161.0 692.0 162.0 683.0 large-vehicle 0
150.0 847.0 145.0 856.0 111.0 838.0 116.0 829.0 large-vehicle 0
198.0 712.0 197.0 721.0 158.0 718.0 159.0 709.0 large-vehicle 0
196.0 741.0 193.0 751.0 155.0 744.0 158.0 734.0 large-vehicle 0
188.0 780.0 184.0 788.0 148.0 768.0 154.0 758.0 large-vehicle 0
183.0 790.0 176.0 798.0 144.0 780.0 149.0 772.0 large-vehicle 0
176.0 802.0 172.0 810.0 136.0 792.0 142.0 782.0 large-vehicle 0
156.0 834.0 152.0 844.0 118.0 826.0 122.0 817.0 large-vehicle 0
272.0 867.0 282.0 867.0 282.0 905.0 271.0 903.0 large-vehicle 0
198.0 938.0 190.0 937.0 191.0 906.0 199.0 905.0 large-vehicle 0
216.0 1106.0 226.0 1106.0 224.0 1138.0 214.0 1138.0 large-vehicle 0
212.0 940.0 202.0 938.0 205.0 905.0 214.0 905.0 large-vehicle 0
256.0 1072.0 246.0 1070.0 252.0 1030.0 260.0 1030.0 large-vehicle 0
284.0 1072.0 273.0 1070.0 276.0 1033.0 285.0 1032.0 large-vehicle 0
296.0 1073.0 286.0 1071.0 290.0 1033.0 298.0 1033.0 large-vehicle 0
310.0 1074.0 300.0 1071.0 303.0 1033.0 311.0 1033.0 large-vehicle 0
356.0 1074.0 346.0 1073.0 348.0 1034.0 358.0 1034.0 large-vehicle 0
369.0 1072.0 359.0 1072.0 362.0 1033.0 371.0 1033.0 large-vehicle 0
382.0 1074.0 373.0 1072.0 375.0 1033.0 385.0 1033.0 large-vehicle 0
112.0 1098.0 121.0 1098.0 118.0 1137.0 107.0 1136.0 large-vehicle 0
124.0 1100.0 134.0 1101.0 131.0 1138.0 121.0 1138.0 large-vehicle 0
138.0 1100.0 148.0 1101.0 146.0 1139.0 134.0 1137.0 large-vehicle 0
150.0 1102.0 162.0 1103.0 158.0 1141.0 147.0 1140.0 large-vehicle 0
165.0 1103.0 174.0 1105.0 170.0 1142.0 161.0 1142.0 large-vehicle 0
176.0 1104.0 186.0 1106.0 186.0 1144.0 174.0 1142.0 large-vehicle 0
190.0 1106.0 199.0 1104.0 198.0 1143.0 188.0 1144.0 large-vehicle 0
202.0 1106.0 212.0 1106.0 211.0 1144.0 201.0 1145.0 large-vehicle 0
242.0 1069.0 234.0 1068.0 237.0 1029.0 247.0 1029.0 large-vehicle 0
216.0 1066.0 207.0 1064.0 212.0 1026.0 221.0 1027.0 large-vehicle 0
206.0 1065.0 195.0 1064.0 198.0 1026.0 208.0 1026.0 large-vehicle 0
239.0 988.0 249.0 988.0 246.0 1023.0 237.0 1021.0 large-vehicle 0
224.0 942.0 215.0 939.0 218.0 907.0 227.0 907.0 large-vehicle 0
160.0 976.0 171.0 976.0 168.0 1018.0 158.0 1017.0 large-vehicle 0
175.0 977.0 184.0 978.0 181.0 1018.0 172.0 1016.0 large-vehicle 0
186.0 978.0 196.0 979.0 194.0 1019.0 184.0 1019.0 large-vehicle 0
200.0 980.0 211.0 981.0 206.0 1021.0 197.0 1020.0 large-vehicle 0
226.0 988.0 236.0 988.0 234.0 1022.0 224.0 1020.0 large-vehicle 0
253.0 989.0 262.0 989.0 260.0 1024.0 250.0 1022.0 large-vehicle 0
190.0 1065.0 182.0 1063.0 185.0 1023.0 195.0 1024.0 large-vehicle 0
266.0 991.0 275.0 992.0 273.0 1025.0 264.0 1024.0 large-vehicle 0
279.0 985.0 288.0 985.0 286.0 1028.0 276.0 1026.0 large-vehicle 0
292.0 988.0 302.0 987.0 299.0 1028.0 289.0 1028.0 large-vehicle 0
307.0 988.0 316.0 988.0 312.0 1031.0 302.0 1029.0 large-vehicle 0
164.0 1063.0 153.0 1062.0 158.0 1021.0 167.0 1021.0 large-vehicle 0
177.0 1063.0 169.0 1062.0 171.0 1022.0 180.0 1022.0 large-vehicle 0
293.0 296.0 303.0 296.0 303.0 339.0 293.0 339.0 large-vehicle 0
