imagesource:GoogleEarth
gsd:0.275734035397
157.0 691.0 160.0 712.0 119.0 721.0 115.0 699.0 tennis-court 0
151.0 663.0 155.0 686.0 115.0 694.0 110.0 673.0 tennis-court 0
149.0 197.0 191.0 189.0 208.0 276.0 167.0 284.0 tennis-court 0
273.0 246.0 315.0 238.0 333.0 324.0 290.0 333.0 tennis-court 0
325.0 236.0 368.0 228.0 384.0 314.0 342.0 323.0 tennis-court 0
449.0 280.0 491.0 272.0 509.0 357.0 466.0 367.0 tennis-court 0
500.0 269.0 544.0 262.0 560.0 348.0 517.0 357.0 tennis-court 0
281.0 450.0 324.0 441.0 340.0 527.0 298.0 536.0 tennis-court 0
334.0 440.0 376.0 431.0 392.0 518.0 350.0 527.0 tennis-court 0
156.0 400.0 198.0 392.0 216.0 479.0 174.0 488.0 tennis-court 0
104.0 410.0 147.0 402.0 164.0 488.0 121.0 498.0 tennis-court 0
457.0 482.0 498.0 474.0 516.0 561.0 474.0 570.0 tennis-court 0
507.0 473.0 551.0 464.0 568.0 551.0 527.0 559.0 tennis-court 0
519.0 652.0 562.0 644.0 579.0 729.0 537.0 738.0 tennis-court 0
467.0 661.0 509.0 653.0 526.0 740.0 484.0 749.0 tennis-court 0
391.0 632.0 434.0 624.0 452.0 710.0 409.0 719.0 tennis-court 0
339.0 642.0 382.0 633.0 399.0 720.0 356.0 729.0 tennis-court 0
287.0 653.0 329.0 645.0 347.0 731.0 304.0 740.0 tennis-court 0
235.0 662.0 277.0 654.0 294.0 742.0 252.0 750.0 tennis-court 0
139.0 599.0 143.0 620.0 101.0 629.0 97.0 608.0 tennis-court 0
144.0 625.0 149.0 648.0 107.0 656.0 103.0 634.0 tennis-court 0
96.0 208.0 139.0 199.0 156.0 285.0 114.0 295.0 tennis-court 0
