imagesource:GoogleEarth
gsd:0.464007836391
1034.0 371.0 1032.0 368.0 1039.0 363.0 1042.0 368.0 small-vehicle 1
745.0 573.0 749.0 570.0 757.0 579.0 752.0 583.0 large-vehicle 1
725.0 489.0 724.0 483.0 737.0 484.0 737.0 489.0 large-vehicle 1
725.0 501.0 724.0 496.0 736.0 496.0 736.0 500.0 large-vehicle 1
726.0 506.0 725.0 500.0 736.0 500.0 736.0 506.0 large-vehicle 1
727.0 511.0 727.0 506.0 736.0 506.0 736.0 511.0 large-vehicle 1
707.0 491.0 707.0 497.0 697.0 496.0 696.0 491.0 large-vehicle 1
698.0 490.0 697.0 485.0 708.0 486.0 708.0 491.0 large-vehicle 1
695.0 464.0 696.0 458.0 705.0 458.0 706.0 464.0 large-vehicle 1
706.0 464.0 706.0 469.0 697.0 469.0 696.0 465.0 large-vehicle 1
685.0 476.0 685.0 471.0 694.0 470.0 695.0 475.0 large-vehicle 1
686.0 481.0 686.0 476.0 695.0 476.0 696.0 481.0 large-vehicle 1
687.0 486.0 687.0 481.0 696.0 481.0 696.0 486.0 large-vehicle 1
686.0 491.0 686.0 487.0 695.0 486.0 696.0 492.0 large-vehicle 1
697.0 510.0 694.0 517.0 678.0 509.0 681.0 502.0 large-vehicle 1
801.0 605.0 798.0 610.0 784.0 602.0 787.0 597.0 large-vehicle 1
720.0 574.0 715.0 574.0 713.0 564.0 718.0 563.0 large-vehicle 1
716.0 575.0 711.0 576.0 708.0 568.0 712.0 566.0 large-vehicle 1
699.0 575.0 702.0 573.0 708.0 580.0 704.0 583.0 large-vehicle 1
730.0 566.0 724.0 569.0 719.0 560.0 723.0 556.0 large-vehicle 1
737.0 550.0 741.0 547.0 748.0 556.0 743.0 560.0 large-vehicle 1
724.0 478.0 724.0 474.0 736.0 474.0 737.0 479.0 large-vehicle 1
723.0 473.0 723.0 467.0 737.0 467.0 736.0 473.0 large-vehicle 1
724.0 467.0 724.0 463.0 736.0 462.0 736.0 467.0 large-vehicle 1
961.0 607.0 958.0 609.0 954.0 601.0 957.0 599.0 small-vehicle 1
866.0 609.0 869.0 612.0 861.0 618.0 859.0 614.0 small-vehicle 1
870.0 612.0 874.0 617.0 866.0 624.0 862.0 619.0 small-vehicle 1
868.0 627.0 865.0 623.0 873.0 617.0 875.0 621.0 small-vehicle 1
870.0 631.0 867.0 627.0 874.0 622.0 877.0 627.0 small-vehicle 1
879.0 626.0 881.0 629.0 874.0 635.0 871.0 631.0 small-vehicle 1
944.0 620.0 939.0 622.0 935.0 612.0 939.0 610.0 small-vehicle 1
948.0 616.0 945.0 619.0 940.0 609.0 944.0 607.0 small-vehicle 1
949.0 604.0 953.0 602.0 958.0 610.0 953.0 612.0 small-vehicle 1
912.0 639.0 909.0 640.0 905.0 633.0 909.0 631.0 small-vehicle 1
724.0 456.0 723.0 452.0 734.0 452.0 735.0 455.0 large-vehicle 1
908.0 642.0 903.0 643.0 899.0 635.0 903.0 632.0 small-vehicle 1
903.0 644.0 898.0 645.0 894.0 637.0 899.0 635.0 small-vehicle 1
898.0 646.0 893.0 647.0 889.0 639.0 894.0 638.0 small-vehicle 1
908.0 787.0 912.0 783.0 920.0 793.0 917.0 797.0 small-vehicle 1
895.0 780.0 899.0 774.0 911.0 783.0 908.0 787.0 small-vehicle 1
879.0 777.0 880.0 772.0 894.0 774.0 893.0 780.0 small-vehicle 1
722.0 446.0 722.0 440.0 735.0 440.0 735.0 445.0 large-vehicle 1
722.0 452.0 721.0 446.0 734.0 446.0 735.0 451.0 large-vehicle 1
748.0 567.0 744.0 562.0 754.0 555.0 757.0 560.0 large-vehicle 1
742.0 576.0 746.0 575.0 751.0 583.0 747.0 586.0 large-vehicle 1
892.0 618.0 889.0 613.0 897.0 608.0 900.0 613.0 small-vehicle 1
737.0 579.0 741.0 576.0 746.0 585.0 742.0 588.0 large-vehicle 1
759.0 854.0 755.0 854.0 754.0 843.0 759.0 843.0 small-vehicle 1
761.0 864.0 756.0 864.0 755.0 854.0 760.0 854.0 small-vehicle 1
756.0 865.0 751.0 865.0 751.0 855.0 755.0 855.0 small-vehicle 1
754.0 855.0 750.0 854.0 749.0 845.0 753.0 845.0 small-vehicle 1
737.0 844.0 743.0 843.0 744.0 854.0 738.0 855.0 small-vehicle 1
745.0 864.0 739.0 864.0 739.0 854.0 744.0 854.0 small-vehicle 1
738.0 864.0 733.0 865.0 733.0 853.0 738.0 854.0 small-vehicle 1
738.0 854.0 732.0 854.0 730.0 843.0 737.0 843.0 small-vehicle 1
730.0 855.0 725.0 856.0 724.0 846.0 729.0 846.0 small-vehicle 1
714.0 847.0 718.0 847.0 719.0 857.0 714.0 858.0 small-vehicle 1
758.0 827.0 752.0 827.0 751.0 813.0 757.0 813.0 small-vehicle 1
785.0 824.0 780.0 824.0 779.0 813.0 785.0 813.0 small-vehicle 1
779.0 825.0 774.0 825.0 774.0 814.0 779.0 814.0 small-vehicle 1
778.0 810.0 778.0 803.0 794.0 803.0 794.0 809.0 small-vehicle 1
781.0 790.0 780.0 785.0 792.0 784.0 792.0 789.0 small-vehicle 1
777.0 787.0 777.0 792.0 768.0 792.0 768.0 787.0 small-vehicle 1
748.0 792.0 748.0 788.0 756.0 787.0 757.0 791.0 small-vehicle 1
680.0 813.0 678.0 807.0 688.0 803.0 690.0 809.0 small-vehicle 1
745.0 809.0 745.0 815.0 735.0 815.0 735.0 809.0 small-vehicle 1
777.0 840.0 784.0 840.0 783.0 852.0 778.0 852.0 small-vehicle 1
813.0 848.0 813.0 855.0 804.0 854.0 804.0 848.0 small-vehicle 1
795.0 792.0 795.0 783.0 818.0 784.0 818.0 792.0 large-vehicle 1
626.0 629.0 621.0 632.0 616.0 622.0 620.0 619.0 large-vehicle 1
728.0 585.0 733.0 581.0 739.0 590.0 735.0 593.0 large-vehicle 1
717.0 603.0 712.0 599.0 722.0 586.0 727.0 590.0 large-vehicle 1
677.0 599.0 672.0 602.0 668.0 593.0 672.0 591.0 large-vehicle 1
685.0 582.0 690.0 579.0 695.0 588.0 691.0 591.0 large-vehicle 1
664.0 608.0 659.0 610.0 655.0 601.0 659.0 599.0 large-vehicle 1
655.0 613.0 652.0 615.0 647.0 608.0 652.0 605.0 large-vehicle 1
646.0 617.0 641.0 619.0 637.0 612.0 642.0 609.0 large-vehicle 1
633.0 616.0 637.0 613.0 641.0 620.0 637.0 623.0 large-vehicle 1
672.0 621.0 676.0 618.0 681.0 626.0 677.0 628.0 large-vehicle 1
544.0 670.0 549.0 668.0 553.0 676.0 549.0 678.0 large-vehicle 1
678.0 630.0 673.0 632.0 668.0 623.0 672.0 621.0 large-vehicle 1
708.0 609.0 704.0 611.0 699.0 604.0 702.0 600.0 large-vehicle 1
696.0 620.0 692.0 622.0 686.0 613.0 689.0 610.0 large-vehicle 1
585.0 657.0 580.0 659.0 577.0 648.0 581.0 647.0 large-vehicle 1
594.0 652.0 589.0 654.0 584.0 644.0 588.0 642.0 large-vehicle 1
580.0 659.0 576.0 660.0 573.0 652.0 576.0 649.0 large-vehicle 1
575.0 663.0 570.0 664.0 569.0 654.0 573.0 653.0 large-vehicle 1
571.0 665.0 568.0 668.0 562.0 660.0 566.0 657.0 large-vehicle 1
858.0 613.0 856.0 609.0 864.0 602.0 868.0 607.0 small-vehicle 1
902.0 612.0 899.0 607.0 907.0 602.0 910.0 607.0 small-vehicle 1
995.0 511.0 991.0 506.0 1001.0 501.0 1003.0 506.0 small-vehicle 1
886.0 541.0 884.0 537.0 892.0 533.0 894.0 538.0 small-vehicle 1
1056.0 570.0 1059.0 574.0 1051.0 579.0 1048.0 576.0 small-vehicle 1
1063.0 582.0 1067.0 587.0 1059.0 593.0 1056.0 589.0 small-vehicle 1
1069.0 591.0 1073.0 595.0 1064.0 602.0 1061.0 597.0 small-vehicle 1
1063.0 601.0 1065.0 606.0 1057.0 612.0 1054.0 607.0 small-vehicle 1
1081.0 610.0 1083.0 614.0 1075.0 620.0 1072.0 615.0 small-vehicle 1
1078.0 605.0 1081.0 610.0 1073.0 615.0 1069.0 611.0 small-vehicle 1
1091.0 627.0 1094.0 632.0 1086.0 637.0 1084.0 633.0 small-vehicle 1
1089.0 622.0 1092.0 627.0 1084.0 633.0 1081.0 628.0 small-vehicle 1
1081.0 627.0 1083.0 633.0 1074.0 638.0 1071.0 633.0 small-vehicle 1
1090.0 645.0 1093.0 650.0 1085.0 656.0 1082.0 651.0 small-vehicle 1
1048.0 922.0 1050.0 927.0 1044.0 932.0 1040.0 927.0 small-vehicle 1
988.0 551.0 991.0 556.0 982.0 562.0 979.0 558.0 small-vehicle 1
934.0 531.0 932.0 527.0 940.0 521.0 943.0 525.0 small-vehicle 1
922.0 533.0 919.0 529.0 927.0 524.0 929.0 528.0 small-vehicle 1
930.0 528.0 932.0 533.0 925.0 537.0 922.0 533.0 small-vehicle 1
932.0 533.0 935.0 537.0 927.0 543.0 924.0 538.0 small-vehicle 1
933.0 551.0 929.0 547.0 938.0 540.0 942.0 544.0 small-vehicle 1
950.0 558.0 952.0 563.0 943.0 569.0 940.0 564.0 small-vehicle 1
907.0 536.0 910.0 541.0 901.0 545.0 899.0 541.0 small-vehicle 1
1039.0 581.0 1036.0 576.0 1045.0 571.0 1047.0 575.0 small-vehicle 1
1044.0 589.0 1042.0 585.0 1050.0 579.0 1053.0 584.0 small-vehicle 1
1042.0 585.0 1040.0 581.0 1047.0 575.0 1051.0 579.0 small-vehicle 1
983.0 538.0 978.0 533.0 988.0 527.0 992.0 532.0 small-vehicle 1
985.0 495.0 981.0 491.0 989.0 485.0 993.0 489.0 small-vehicle 1
948.0 505.0 945.0 499.0 953.0 494.0 957.0 498.0 small-vehicle 1
957.0 498.0 959.0 503.0 950.0 508.0 948.0 505.0 small-vehicle 1
959.0 503.0 962.0 507.0 953.0 514.0 949.0 510.0 small-vehicle 1
965.0 512.0 967.0 516.0 958.0 522.0 956.0 518.0 small-vehicle 1
967.0 517.0 970.0 521.0 962.0 527.0 959.0 523.0 small-vehicle 1
979.0 514.0 982.0 519.0 973.0 524.0 970.0 520.0 small-vehicle 1
967.0 535.0 964.0 530.0 973.0 524.0 976.0 529.0 small-vehicle 1
972.0 544.0 969.0 539.0 978.0 533.0 981.0 537.0 small-vehicle 1
1038.0 562.0 1042.0 567.0 1032.0 571.0 1030.0 566.0 small-vehicle 1
976.0 549.0 973.0 543.0 981.0 538.0 984.0 542.0 small-vehicle 1
988.0 546.0 984.0 542.0 992.0 537.0 996.0 541.0 small-vehicle 1
990.0 551.0 987.0 546.0 996.0 541.0 998.0 545.0 small-vehicle 1
1086.0 589.0 1082.0 584.0 1091.0 579.0 1094.0 584.0 small-vehicle 1
1077.0 556.0 1080.0 561.0 1072.0 566.0 1068.0 561.0 small-vehicle 1
1071.0 548.0 1074.0 551.0 1066.0 558.0 1063.0 554.0 small-vehicle 1
1068.0 544.0 1070.0 547.0 1063.0 554.0 1060.0 550.0 small-vehicle 1
1049.0 558.0 1051.0 563.0 1043.0 566.0 1041.0 562.0 small-vehicle 1
903.0 528.0 905.0 532.0 895.0 537.0 893.0 532.0 small-vehicle 1
889.0 547.0 886.0 542.0 894.0 537.0 897.0 541.0 small-vehicle 1
896.0 607.0 895.0 601.0 903.0 600.0 905.0 605.0 small-vehicle 1
891.0 551.0 889.0 547.0 896.0 542.0 899.0 547.0 small-vehicle 1
870.0 564.0 873.0 569.0 865.0 573.0 863.0 569.0 small-vehicle 1
869.0 560.0 870.0 565.0 863.0 569.0 861.0 565.0 small-vehicle 1
865.0 556.0 868.0 561.0 860.0 565.0 857.0 561.0 small-vehicle 1
879.0 578.0 881.0 583.0 874.0 586.0 872.0 583.0 small-vehicle 1
883.0 582.0 885.0 587.0 876.0 592.0 874.0 587.0 small-vehicle 1
884.0 587.0 886.0 591.0 879.0 595.0 876.0 591.0 small-vehicle 1
880.0 599.0 879.0 595.0 888.0 591.0 890.0 595.0 small-vehicle 1
884.0 604.0 882.0 599.0 890.0 596.0 892.0 600.0 small-vehicle 1
887.0 608.0 884.0 604.0 892.0 600.0 894.0 603.0 small-vehicle 1
889.0 613.0 887.0 609.0 894.0 604.0 896.0 608.0 small-vehicle 1
869.0 560.0 867.0 556.0 874.0 550.0 878.0 554.0 small-vehicle 1
872.0 563.0 868.0 560.0 875.0 556.0 879.0 559.0 small-vehicle 1
875.0 567.0 871.0 564.0 877.0 560.0 881.0 564.0 small-vehicle 1
882.0 581.0 880.0 576.0 887.0 573.0 890.0 577.0 small-vehicle 1
886.0 585.0 884.0 580.0 891.0 577.0 894.0 581.0 small-vehicle 1
887.0 588.0 887.0 585.0 894.0 582.0 895.0 586.0 small-vehicle 1
890.0 592.0 889.0 588.0 896.0 585.0 898.0 589.0 small-vehicle 1
898.0 589.0 900.0 594.0 892.0 597.0 890.0 593.0 small-vehicle 1
895.0 602.0 894.0 597.0 902.0 595.0 904.0 600.0 small-vehicle 1
873.0 569.0 875.0 574.0 867.0 578.0 865.0 573.0 small-vehicle 1
877.0 573.0 879.0 578.0 871.0 582.0 869.0 578.0 small-vehicle 1
884.0 567.0 887.0 573.0 879.0 577.0 877.0 572.0 small-vehicle 1
911.0 564.0 912.0 569.0 906.0 572.0 903.0 569.0 small-vehicle 1
894.0 557.0 891.0 552.0 901.0 546.0 903.0 550.0 small-vehicle 1
898.0 559.0 895.0 555.0 901.0 550.0 905.0 554.0 small-vehicle 1
901.0 563.0 898.0 559.0 905.0 554.0 907.0 559.0 small-vehicle 1
906.0 554.0 903.0 550.0 911.0 546.0 914.0 550.0 small-vehicle 1
909.0 559.0 907.0 555.0 914.0 550.0 917.0 554.0 small-vehicle 1
917.0 554.0 919.0 558.0 912.0 563.0 910.0 559.0 small-vehicle 1
927.0 571.0 929.0 576.0 922.0 580.0 920.0 576.0 small-vehicle 1
917.0 571.0 914.0 567.0 921.0 563.0 923.0 567.0 small-vehicle 1
907.0 577.0 905.0 572.0 913.0 568.0 915.0 573.0 small-vehicle 1
846.0 571.0 848.0 576.0 840.0 580.0 838.0 576.0 small-vehicle 1
915.0 573.0 917.0 576.0 911.0 581.0 908.0 577.0 small-vehicle 1
918.0 577.0 921.0 580.0 914.0 586.0 912.0 582.0 small-vehicle 1
925.0 584.0 923.0 580.0 929.0 576.0 931.0 580.0 small-vehicle 1
929.0 593.0 928.0 590.0 934.0 585.0 937.0 589.0 small-vehicle 1
918.0 595.0 915.0 590.0 923.0 585.0 926.0 590.0 small-vehicle 1
927.0 591.0 928.0 595.0 921.0 599.0 919.0 595.0 small-vehicle 1
849.0 597.0 846.0 592.0 856.0 587.0 858.0 591.0 small-vehicle 1
836.0 575.0 834.0 570.0 841.0 566.0 845.0 570.0 small-vehicle 1
746.0 816.0 752.0 814.0 752.0 827.0 746.0 828.0 small-vehicle 1
734.0 815.0 740.0 815.0 741.0 826.0 735.0 825.0 small-vehicle 1
719.0 822.0 725.0 821.0 724.0 833.0 719.0 833.0 small-vehicle 1
17.0 904.0 18.0 908.0 9.0 912.0 7.0 908.0 small-vehicle 1
314.0 803.0 319.0 800.0 324.0 808.0 319.0 811.0 small-vehicle 1
333.0 826.0 336.0 824.0 341.0 830.0 337.0 834.0 small-vehicle 1
338.0 834.0 342.0 831.0 347.0 839.0 343.0 842.0 small-vehicle 1
364.0 826.0 361.0 827.0 356.0 821.0 360.0 819.0 small-vehicle 1
355.0 821.0 350.0 823.0 345.0 814.0 350.0 812.0 small-vehicle 1
354.0 848.0 359.0 846.0 364.0 853.0 359.0 857.0 small-vehicle 1
369.0 851.0 364.0 854.0 359.0 846.0 363.0 843.0 small-vehicle 1
350.0 852.0 354.0 849.0 359.0 857.0 356.0 860.0 small-vehicle 1
347.0 855.0 350.0 852.0 355.0 860.0 351.0 863.0 small-vehicle 1
342.0 858.0 345.0 855.0 350.0 863.0 347.0 864.0 small-vehicle 1
336.0 945.0 332.0 940.0 342.0 934.0 345.0 938.0 small-vehicle 1
314.0 959.0 311.0 955.0 319.0 950.0 321.0 955.0 small-vehicle 1
304.0 948.0 302.0 943.0 309.0 939.0 311.0 943.0 small-vehicle 1
300.0 944.0 298.0 939.0 305.0 935.0 308.0 939.0 small-vehicle 1
273.0 846.0 272.0 841.0 281.0 839.0 282.0 844.0 small-vehicle 1
272.0 842.0 269.0 837.0 278.0 833.0 281.0 837.0 small-vehicle 1
251.0 840.0 254.0 844.0 247.0 849.0 244.0 844.0 small-vehicle 1
256.0 844.0 258.0 849.0 250.0 853.0 248.0 849.0 small-vehicle 1
252.0 857.0 249.0 853.0 258.0 849.0 259.0 854.0 small-vehicle 1
303.0 823.0 308.0 820.0 313.0 828.0 309.0 831.0 small-vehicle 1
337.0 803.0 333.0 805.0 328.0 797.0 333.0 795.0 small-vehicle 1
333.0 793.0 337.0 790.0 342.0 799.0 338.0 802.0 small-vehicle 1
390.0 768.0 386.0 770.0 382.0 763.0 385.0 760.0 small-vehicle 1
438.0 738.0 434.0 741.0 429.0 733.0 433.0 730.0 small-vehicle 1
434.0 742.0 430.0 744.0 425.0 738.0 428.0 734.0 small-vehicle 1
430.0 745.0 426.0 748.0 422.0 738.0 425.0 737.0 small-vehicle 1
426.0 747.0 423.0 750.0 418.0 741.0 422.0 740.0 small-vehicle 1
422.0 752.0 418.0 754.0 412.0 745.0 417.0 742.0 small-vehicle 1
417.0 752.0 413.0 754.0 409.0 748.0 413.0 745.0 small-vehicle 1
413.0 755.0 409.0 758.0 404.0 750.0 409.0 747.0 small-vehicle 1
404.0 761.0 399.0 764.0 395.0 756.0 399.0 754.0 small-vehicle 1
387.0 772.0 382.0 775.0 377.0 767.0 381.0 764.0 small-vehicle 1
347.0 796.0 343.0 798.0 337.0 789.0 341.0 788.0 small-vehicle 1
377.0 777.0 374.0 780.0 368.0 772.0 372.0 769.0 small-vehicle 1
386.0 683.0 384.0 689.0 376.0 686.0 377.0 679.0 small-vehicle 1
380.0 689.0 379.0 693.0 369.0 691.0 371.0 685.0 small-vehicle 1
376.0 695.0 374.0 699.0 364.0 696.0 366.0 690.0 small-vehicle 1
369.0 699.0 367.0 704.0 356.0 700.0 358.0 696.0 small-vehicle 1
354.0 708.0 351.0 713.0 340.0 709.0 342.0 705.0 small-vehicle 1
350.0 781.0 354.0 779.0 359.0 787.0 355.0 791.0 small-vehicle 1
350.0 793.0 346.0 794.0 341.0 786.0 345.0 784.0 small-vehicle 1
28.0 898.0 30.0 903.0 20.0 907.0 18.0 901.0 small-vehicle 1
40.0 809.0 42.0 814.0 33.0 820.0 30.0 814.0 small-vehicle 1
714.0 824.0 719.0 823.0 720.0 833.0 715.0 834.0 small-vehicle 1
101.0 788.0 106.0 786.0 109.0 794.0 104.0 796.0 small-vehicle 1
737.0 356.0 743.0 356.0 744.0 387.0 738.0 387.0 large-vehicle 1
720.0 366.0 726.0 366.0 728.0 402.0 721.0 402.0 large-vehicle 0
660.0 441.0 654.0 441.0 653.0 411.0 660.0 410.0 large-vehicle 1
702.0 325.0 697.0 328.0 680.0 302.0 685.0 299.0 large-vehicle 0
682.0 338.0 676.0 341.0 660.0 315.0 665.0 311.0 large-vehicle 0
661.0 350.0 656.0 354.0 639.0 328.0 645.0 325.0 large-vehicle 0
648.0 358.0 643.0 361.0 625.0 336.0 630.0 332.0 large-vehicle 0
603.0 379.0 597.0 384.0 584.0 362.0 589.0 358.0 large-vehicle 1
585.0 397.0 580.0 400.0 564.0 375.0 569.0 372.0 large-vehicle 0
551.0 418.0 546.0 421.0 529.0 394.0 535.0 391.0 large-vehicle 0
531.0 431.0 526.0 434.0 509.0 408.0 514.0 405.0 large-vehicle 0
451.0 481.0 446.0 484.0 429.0 458.0 434.0 455.0 large-vehicle 0
359.0 650.0 357.0 656.0 323.0 650.0 325.0 644.0 large-vehicle 0
320.0 672.0 318.0 679.0 282.0 670.0 283.0 663.0 large-vehicle 0
276.0 677.0 277.0 671.0 311.0 678.0 310.0 684.0 large-vehicle 0
305.0 688.0 306.0 696.0 282.0 696.0 281.0 688.0 large-vehicle 0
196.0 652.0 194.0 658.0 155.0 647.0 156.0 641.0 large-vehicle 1
183.0 657.0 181.0 663.0 151.0 654.0 153.0 648.0 large-vehicle 1
177.0 664.0 176.0 670.0 141.0 659.0 142.0 653.0 large-vehicle 0
743.0 299.0 738.0 303.0 721.0 277.0 726.0 273.0 large-vehicle 0
751.0 295.0 746.0 298.0 728.0 272.0 733.0 268.0 large-vehicle 0
844.0 237.0 838.0 240.0 821.0 214.0 827.0 211.0 large-vehicle 0
39.0 670.0 34.0 673.0 30.0 663.0 35.0 660.0 small-vehicle 1
95.0 790.0 100.0 788.0 102.0 795.0 98.0 797.0 small-vehicle 1
15.0 707.0 10.0 709.0 7.0 700.0 12.0 698.0 small-vehicle 1
84.0 730.0 91.0 727.0 98.0 742.0 92.0 746.0 large-vehicle 1
25.0 725.0 18.0 729.0 12.0 713.0 18.0 710.0 large-vehicle 1
32.0 725.0 26.0 728.0 20.0 713.0 25.0 710.0 large-vehicle 1
52.0 718.0 44.0 721.0 38.0 705.0 44.0 702.0 large-vehicle 1
30.0 698.0 25.0 700.0 22.0 690.0 26.0 688.0 small-vehicle 1
34.0 673.0 29.0 675.0 25.0 666.0 29.0 664.0 small-vehicle 1
84.0 663.0 78.0 665.0 72.0 651.0 78.0 648.0 small-vehicle 1
855.0 223.0 850.0 227.0 836.0 206.0 841.0 202.0 large-vehicle 1
358.0 202.0 381.0 202.0 381.0 226.0 358.0 226.0 storage-tank 0
338.0 215.0 362.0 215.0 362.0 239.0 338.0 239.0 storage-tank 0
708.0 803.0 706.0 797.0 741.0 788.0 743.0 796.0 large-vehicle 0
538.0 106.0 544.0 102.0 560.0 127.0 554.0 131.0 large-vehicle 0
1009.0 121.0 1004.0 125.0 993.0 107.0 998.0 104.0 large-vehicle 1
987.0 148.0 981.0 152.0 964.0 126.0 969.0 122.0 large-vehicle 0
957.0 166.0 952.0 169.0 935.0 142.0 941.0 139.0 large-vehicle 0
894.0 297.0 887.0 297.0 885.0 266.0 892.0 266.0 large-vehicle 1
435.0 731.0 438.0 729.0 443.0 736.0 439.0 739.0 small-vehicle 1
448.0 734.0 444.0 736.0 438.0 728.0 443.0 725.0 small-vehicle 1
453.0 731.0 448.0 734.0 444.0 727.0 448.0 724.0 small-vehicle 1
492.0 725.0 488.0 721.0 498.0 715.0 501.0 720.0 small-vehicle 1
628.0 859.0 631.0 864.0 622.0 871.0 618.0 865.0 small-vehicle 1
618.0 866.0 621.0 871.0 612.0 877.0 608.0 872.0 small-vehicle 1
602.0 880.0 606.0 884.0 598.0 891.0 594.0 887.0 small-vehicle 1
595.0 888.0 597.0 892.0 590.0 899.0 586.0 897.0 small-vehicle 1
585.0 897.0 589.0 900.0 582.0 908.0 577.0 905.0 small-vehicle 1
597.0 909.0 603.0 905.0 609.0 914.0 604.0 918.0 small-vehicle 1
589.0 923.0 584.0 927.0 579.0 918.0 583.0 915.0 small-vehicle 1
554.0 945.0 550.0 941.0 556.0 933.0 560.0 936.0 small-vehicle 1
531.0 963.0 524.0 960.0 530.0 949.0 535.0 952.0 small-vehicle 1
528.0 950.0 522.0 947.0 529.0 934.0 535.0 938.0 small-vehicle 1
507.0 908.0 503.0 912.0 497.0 903.0 500.0 900.0 small-vehicle 1
422.0 934.0 420.0 931.0 429.0 925.0 433.0 929.0 small-vehicle 1
420.0 929.0 417.0 924.0 427.0 918.0 429.0 924.0 small-vehicle 1
461.0 784.0 466.0 782.0 470.0 791.0 466.0 793.0 small-vehicle 1
487.0 781.0 483.0 784.0 478.0 774.0 483.0 771.0 small-vehicle 1
493.0 778.0 489.0 781.0 484.0 770.0 488.0 768.0 small-vehicle 1
453.0 803.0 449.0 805.0 444.0 796.0 449.0 793.0 small-vehicle 1
447.0 805.0 442.0 808.0 438.0 798.0 443.0 796.0 small-vehicle 1
439.0 808.0 435.0 812.0 430.0 804.0 434.0 801.0 small-vehicle 1
641.0 851.0 644.0 855.0 633.0 862.0 629.0 858.0 small-vehicle 1
640.0 827.0 642.0 832.0 632.0 838.0 628.0 834.0 small-vehicle 1
626.0 834.0 630.0 840.0 621.0 845.0 617.0 840.0 small-vehicle 1
604.0 675.0 600.0 678.0 595.0 670.0 598.0 667.0 small-vehicle 1
708.0 825.0 714.0 824.0 714.0 835.0 709.0 835.0 small-vehicle 1
704.0 826.0 708.0 825.0 709.0 836.0 704.0 836.0 small-vehicle 1
682.0 833.0 680.0 828.0 692.0 824.0 693.0 830.0 small-vehicle 1
698.0 826.0 703.0 826.0 703.0 839.0 699.0 839.0 small-vehicle 1
693.0 829.0 697.0 829.0 698.0 839.0 693.0 839.0 small-vehicle 1
688.0 832.0 693.0 832.0 693.0 843.0 689.0 844.0 small-vehicle 1
655.0 640.0 652.0 643.0 646.0 635.0 649.0 632.0 small-vehicle 1
643.0 651.0 637.0 653.0 632.0 646.0 637.0 643.0 small-vehicle 1
585.0 674.0 590.0 673.0 592.0 685.0 587.0 686.0 small-vehicle 1
610.0 853.0 606.0 850.0 616.0 842.0 618.0 847.0 small-vehicle 1
581.0 676.0 585.0 676.0 586.0 687.0 583.0 687.0 small-vehicle 1
576.0 680.0 580.0 678.0 585.0 686.0 580.0 688.0 small-vehicle 1
580.0 689.0 577.0 691.0 571.0 684.0 576.0 682.0 small-vehicle 1
576.0 692.0 572.0 694.0 567.0 686.0 571.0 683.0 small-vehicle 1
563.0 689.0 567.0 686.0 571.0 694.0 567.0 698.0 small-vehicle 1
567.0 698.0 563.0 701.0 557.0 692.0 561.0 688.0 small-vehicle 1
670.0 846.0 674.0 841.0 682.0 848.0 678.0 852.0 small-vehicle 1
659.0 838.0 662.0 844.0 646.0 854.0 642.0 849.0 large-vehicle 1
473.0 855.0 476.0 859.0 470.0 863.0 467.0 860.0 small-vehicle 1
417.0 811.0 420.0 809.0 426.0 817.0 422.0 820.0 small-vehicle 1
412.0 814.0 416.0 811.0 421.0 820.0 417.0 822.0 small-vehicle 1
485.0 754.0 480.0 757.0 475.0 749.0 479.0 746.0 small-vehicle 1
439.0 758.0 443.0 754.0 448.0 764.0 444.0 767.0 small-vehicle 1
431.0 775.0 434.0 772.0 440.0 781.0 437.0 783.0 small-vehicle 1
444.0 778.0 440.0 780.0 435.0 772.0 440.0 769.0 small-vehicle 1
449.0 775.0 445.0 778.0 440.0 769.0 444.0 766.0 small-vehicle 1
456.0 769.0 451.0 771.0 448.0 762.0 453.0 760.0 small-vehicle 1
452.0 761.0 457.0 759.0 463.0 768.0 458.0 771.0 small-vehicle 1
462.0 756.0 465.0 753.0 470.0 761.0 466.0 763.0 small-vehicle 1
481.0 745.0 486.0 742.0 490.0 751.0 486.0 755.0 small-vehicle 1
457.0 759.0 453.0 761.0 448.0 752.0 451.0 750.0 small-vehicle 1
426.0 766.0 430.0 763.0 435.0 770.0 431.0 775.0 small-vehicle 1
452.0 750.0 457.0 747.0 462.0 755.0 457.0 758.0 small-vehicle 1
469.0 749.0 466.0 752.0 460.0 744.0 465.0 741.0 small-vehicle 1
474.0 746.0 469.0 748.0 466.0 741.0 470.0 738.0 small-vehicle 1
470.0 739.0 474.0 736.0 478.0 744.0 475.0 747.0 small-vehicle 1
484.0 741.0 479.0 744.0 475.0 735.0 479.0 732.0 small-vehicle 1
508.0 747.0 506.0 743.0 513.0 738.0 515.0 743.0 small-vehicle 1
500.0 740.0 496.0 736.0 506.0 730.0 509.0 734.0 small-vehicle 1
497.0 728.0 494.0 724.0 501.0 720.0 503.0 724.0 small-vehicle 1
431.0 764.0 434.0 761.0 439.0 769.0 435.0 772.0 small-vehicle 1
421.0 768.0 426.0 766.0 430.0 775.0 426.0 778.0 small-vehicle 1
417.0 823.0 413.0 826.0 409.0 818.0 412.0 816.0 small-vehicle 1
394.0 796.0 390.0 798.0 385.0 789.0 388.0 786.0 small-vehicle 1
404.0 821.0 408.0 818.0 412.0 826.0 409.0 829.0 small-vehicle 1
408.0 827.0 404.0 831.0 400.0 823.0 403.0 821.0 small-vehicle 1
404.0 831.0 399.0 833.0 394.0 826.0 398.0 823.0 small-vehicle 1
391.0 838.0 387.0 841.0 381.0 834.0 385.0 830.0 small-vehicle 1
375.0 846.0 372.0 848.0 368.0 842.0 372.0 839.0 small-vehicle 1
364.0 815.0 367.0 811.0 373.0 821.0 369.0 824.0 small-vehicle 1
381.0 803.0 376.0 806.0 372.0 798.0 376.0 795.0 small-vehicle 1
390.0 799.0 386.0 801.0 381.0 792.0 385.0 789.0 small-vehicle 1
398.0 791.0 393.0 795.0 388.0 786.0 393.0 782.0 small-vehicle 1
426.0 778.0 422.0 780.0 417.0 771.0 422.0 769.0 small-vehicle 1
409.0 800.0 405.0 803.0 399.0 791.0 404.0 790.0 small-vehicle 1
408.0 788.0 403.0 790.0 399.0 781.0 404.0 779.0 small-vehicle 1
413.0 797.0 408.0 799.0 405.0 790.0 408.0 788.0 small-vehicle 1
412.0 786.0 408.0 788.0 404.0 779.0 407.0 776.0 small-vehicle 1
409.0 789.0 413.0 786.0 418.0 794.0 413.0 796.0 small-vehicle 1
415.0 781.0 411.0 784.0 407.0 776.0 411.0 773.0 small-vehicle 1
418.0 783.0 422.0 781.0 427.0 788.0 422.0 792.0 small-vehicle 1
422.0 781.0 426.0 778.0 430.0 785.0 427.0 788.0 small-vehicle 1
994.0 495.0 992.0 490.0 1002.0 483.0 1005.0 488.0 small-vehicle 1
1011.0 519.0 1014.0 525.0 1006.0 529.0 1004.0 523.0 small-vehicle 1
1063.0 354.0 1066.0 358.0 1059.0 363.0 1056.0 359.0 small-vehicle 1
923.0 349.0 927.0 346.0 931.0 352.0 927.0 356.0 small-vehicle 1
976.0 327.0 981.0 324.0 985.0 332.0 981.0 335.0 small-vehicle 1
980.0 335.0 975.0 336.0 971.0 328.0 975.0 326.0 small-vehicle 1
968.0 331.0 971.0 329.0 975.0 337.0 972.0 340.0 small-vehicle 1
965.0 320.0 970.0 317.0 974.0 325.0 970.0 328.0 small-vehicle 1
961.0 323.0 965.0 320.0 970.0 328.0 967.0 331.0 small-vehicle 1
963.0 333.0 967.0 331.0 971.0 340.0 967.0 341.0 small-vehicle 1
959.0 336.0 963.0 335.0 967.0 342.0 963.0 345.0 small-vehicle 1
957.0 325.0 962.0 323.0 966.0 331.0 962.0 333.0 small-vehicle 1
953.0 328.0 957.0 325.0 962.0 334.0 958.0 337.0 small-vehicle 1
954.0 338.0 958.0 337.0 962.0 346.0 959.0 348.0 small-vehicle 1
950.0 341.0 954.0 339.0 958.0 348.0 954.0 351.0 small-vehicle 1
954.0 338.0 950.0 340.0 945.0 330.0 950.0 328.0 small-vehicle 1
948.0 341.0 944.0 344.0 940.0 335.0 944.0 333.0 small-vehicle 1
946.0 345.0 949.0 343.0 952.0 351.0 949.0 352.0 small-vehicle 1
940.0 347.0 945.0 344.0 950.0 352.0 945.0 355.0 small-vehicle 1
936.0 352.0 940.0 348.0 945.0 356.0 941.0 358.0 small-vehicle 1
931.0 343.0 934.0 340.0 940.0 349.0 935.0 351.0 small-vehicle 1
926.0 346.0 931.0 343.0 935.0 351.0 931.0 353.0 small-vehicle 1
931.0 353.0 936.0 351.0 941.0 359.0 937.0 362.0 small-vehicle 1
979.0 324.0 975.0 326.0 970.0 316.0 974.0 315.0 small-vehicle 1
974.0 315.0 978.0 312.0 983.0 321.0 980.0 324.0 small-vehicle 1
979.0 313.0 983.0 310.0 988.0 319.0 984.0 322.0 small-vehicle 1
1018.0 312.0 1014.0 314.0 1011.0 305.0 1016.0 305.0 small-vehicle 1
1037.0 315.0 1042.0 312.0 1046.0 321.0 1042.0 324.0 small-vehicle 1
1096.0 339.0 1098.0 345.0 1092.0 349.0 1088.0 346.0 small-vehicle 1
1093.0 335.0 1096.0 339.0 1089.0 346.0 1086.0 341.0 small-vehicle 1
1091.0 331.0 1093.0 336.0 1085.0 341.0 1081.0 338.0 small-vehicle 1
1085.0 298.0 1088.0 296.0 1093.0 304.0 1090.0 307.0 small-vehicle 1
1080.0 301.0 1084.0 298.0 1088.0 306.0 1085.0 309.0 small-vehicle 1
1085.0 310.0 1081.0 312.0 1075.0 305.0 1080.0 302.0 small-vehicle 1
1070.0 307.0 1073.0 304.0 1078.0 310.0 1075.0 313.0 small-vehicle 1
1014.0 315.0 1009.0 318.0 1004.0 310.0 1009.0 307.0 small-vehicle 1
983.0 309.0 988.0 307.0 992.0 316.0 988.0 319.0 small-vehicle 1
1003.0 322.0 999.0 325.0 993.0 315.0 998.0 312.0 small-vehicle 1
998.0 324.0 994.0 326.0 988.0 317.0 993.0 316.0 small-vehicle 1
990.0 329.0 985.0 333.0 980.0 323.0 985.0 321.0 small-vehicle 1
1006.0 294.0 1010.0 293.0 1014.0 303.0 1009.0 304.0 small-vehicle 1
1002.0 299.0 1005.0 296.0 1010.0 304.0 1007.0 307.0 small-vehicle 1
1006.0 309.0 1002.0 309.0 999.0 301.0 1003.0 300.0 small-vehicle 1
993.0 304.0 997.0 301.0 1001.0 309.0 998.0 312.0 small-vehicle 1
996.0 311.0 992.0 315.0 989.0 307.0 992.0 305.0 small-vehicle 1
936.0 362.0 931.0 363.0 927.0 356.0 931.0 353.0 small-vehicle 1
926.0 356.0 923.0 358.0 917.0 350.0 922.0 348.0 small-vehicle 1
1032.0 330.0 1027.0 332.0 1023.0 324.0 1028.0 322.0 small-vehicle 1
923.0 359.0 926.0 356.0 931.0 364.0 928.0 366.0 small-vehicle 1
988.0 279.0 992.0 275.0 997.0 284.0 992.0 287.0 small-vehicle 1
993.0 286.0 988.0 289.0 984.0 280.0 988.0 278.0 small-vehicle 1
987.0 288.0 984.0 291.0 980.0 282.0 983.0 279.0 small-vehicle 1
975.0 284.0 979.0 281.0 984.0 291.0 979.0 293.0 small-vehicle 1
970.0 288.0 975.0 285.0 978.0 292.0 974.0 296.0 small-vehicle 1
967.0 292.0 970.0 290.0 974.0 297.0 971.0 299.0 small-vehicle 1
971.0 299.0 968.0 301.0 961.0 294.0 966.0 292.0 small-vehicle 1
967.0 302.0 963.0 305.0 957.0 297.0 962.0 294.0 small-vehicle 1
950.0 300.0 954.0 297.0 960.0 305.0 955.0 309.0 small-vehicle 1
953.0 310.0 948.0 311.0 945.0 302.0 950.0 301.0 small-vehicle 1
948.0 311.0 943.0 313.0 940.0 305.0 945.0 304.0 small-vehicle 1
945.0 314.0 941.0 317.0 935.0 310.0 939.0 308.0 small-vehicle 1
940.0 317.0 936.0 320.0 931.0 312.0 935.0 310.0 small-vehicle 1
926.0 314.0 931.0 312.0 936.0 321.0 932.0 323.0 small-vehicle 1
932.0 324.0 928.0 326.0 922.0 319.0 926.0 316.0 small-vehicle 1
927.0 327.0 923.0 329.0 918.0 323.0 922.0 320.0 small-vehicle 1
923.0 330.0 918.0 333.0 914.0 325.0 918.0 322.0 small-vehicle 1
918.0 333.0 913.0 335.0 908.0 326.0 913.0 324.0 small-vehicle 1
903.0 329.0 908.0 326.0 914.0 336.0 909.0 338.0 small-vehicle 1
994.0 273.0 998.0 270.0 1003.0 279.0 999.0 282.0 small-vehicle 1
1010.0 277.0 1006.0 280.0 1000.0 270.0 1004.0 268.0 small-vehicle 1
1005.0 265.0 1009.0 263.0 1014.0 272.0 1010.0 275.0 small-vehicle 1
896.0 364.0 900.0 361.0 905.0 370.0 900.0 373.0 small-vehicle 1
927.0 367.0 923.0 370.0 919.0 362.0 922.0 359.0 small-vehicle 1
913.0 352.0 917.0 349.0 922.0 358.0 918.0 361.0 small-vehicle 1
914.0 365.0 919.0 364.0 923.0 371.0 918.0 373.0 small-vehicle 1
910.0 368.0 914.0 365.0 918.0 374.0 914.0 377.0 small-vehicle 1
912.0 366.0 907.0 366.0 905.0 357.0 909.0 357.0 small-vehicle 1
908.0 367.0 904.0 369.0 899.0 361.0 903.0 359.0 small-vehicle 1
906.0 370.0 909.0 367.0 914.0 377.0 910.0 379.0 small-vehicle 1
901.0 372.0 905.0 370.0 910.0 379.0 905.0 382.0 small-vehicle 1
897.0 376.0 901.0 374.0 905.0 382.0 901.0 384.0 small-vehicle 1
881.0 385.0 876.0 387.0 872.0 377.0 877.0 375.0 small-vehicle 1
892.0 379.0 896.0 376.0 901.0 385.0 897.0 388.0 small-vehicle 1
891.0 367.0 895.0 364.0 900.0 373.0 895.0 376.0 small-vehicle 1
886.0 370.0 891.0 367.0 896.0 376.0 891.0 379.0 small-vehicle 1
891.0 379.0 886.0 381.0 881.0 371.0 886.0 369.0 small-vehicle 1
896.0 388.0 892.0 390.0 887.0 381.0 891.0 379.0 small-vehicle 1
891.0 389.0 887.0 391.0 882.0 383.0 887.0 381.0 small-vehicle 1
887.0 393.0 883.0 396.0 878.0 387.0 882.0 384.0 small-vehicle 1
886.0 382.0 881.0 383.0 877.0 375.0 881.0 372.0 small-vehicle 1
1039.0 326.0 1035.0 328.0 1029.0 319.0 1033.0 316.0 small-vehicle 1
1026.0 336.0 1022.0 339.0 1017.0 329.0 1021.0 326.0 small-vehicle 1
1018.0 528.0 1020.0 532.0 1012.0 536.0 1009.0 532.0 small-vehicle 1
944.0 415.0 949.0 412.0 954.0 422.0 949.0 424.0 small-vehicle 1
1026.0 434.0 1022.0 430.0 1032.0 424.0 1035.0 428.0 small-vehicle 1
1033.0 444.0 1030.0 440.0 1039.0 434.0 1041.0 438.0 small-vehicle 1
942.0 469.0 937.0 472.0 932.0 463.0 937.0 461.0 small-vehicle 1
946.0 467.0 941.0 469.0 937.0 461.0 940.0 459.0 small-vehicle 1
940.0 459.0 945.0 455.0 951.0 465.0 947.0 468.0 small-vehicle 1
965.0 457.0 960.0 459.0 955.0 451.0 959.0 448.0 small-vehicle 1
969.0 453.0 964.0 456.0 960.0 448.0 964.0 445.0 small-vehicle 1
973.0 450.0 968.0 454.0 964.0 445.0 968.0 442.0 small-vehicle 1
982.0 446.0 976.0 449.0 972.0 439.0 977.0 437.0 small-vehicle 1
986.0 442.0 982.0 446.0 977.0 438.0 981.0 435.0 small-vehicle 1
991.0 441.0 986.0 443.0 982.0 434.0 987.0 431.0 small-vehicle 1
986.0 411.0 982.0 414.0 976.0 406.0 981.0 404.0 small-vehicle 1
981.0 404.0 977.0 407.0 971.0 399.0 975.0 395.0 small-vehicle 1
986.0 400.0 981.0 403.0 976.0 395.0 980.0 392.0 small-vehicle 1
991.0 410.0 987.0 412.0 982.0 403.0 986.0 401.0 small-vehicle 1
972.0 410.0 976.0 407.0 982.0 416.0 978.0 419.0 small-vehicle 1
962.0 415.0 958.0 417.0 954.0 409.0 958.0 406.0 small-vehicle 1
971.0 409.0 967.0 412.0 963.0 405.0 967.0 402.0 small-vehicle 1
959.0 418.0 963.0 415.0 968.0 424.0 965.0 427.0 small-vehicle 1
1023.0 428.0 1020.0 424.0 1029.0 419.0 1032.0 423.0 small-vehicle 1
1018.0 420.0 1015.0 415.0 1023.0 410.0 1026.0 415.0 small-vehicle 1
1013.0 411.0 1009.0 407.0 1017.0 401.0 1021.0 406.0 small-vehicle 1
1042.0 386.0 1039.0 382.0 1047.0 376.0 1051.0 380.0 small-vehicle 1
1063.0 350.0 1060.0 345.0 1068.0 340.0 1072.0 345.0 small-vehicle 1
1068.0 358.0 1065.0 354.0 1072.0 349.0 1075.0 353.0 small-vehicle 1
1070.0 362.0 1067.0 358.0 1074.0 354.0 1078.0 358.0 small-vehicle 1
1075.0 370.0 1073.0 366.0 1080.0 362.0 1083.0 366.0 small-vehicle 1
1078.0 375.0 1076.0 371.0 1082.0 366.0 1086.0 370.0 small-vehicle 1
1081.0 379.0 1078.0 374.0 1086.0 371.0 1089.0 376.0 small-vehicle 1
1071.0 368.0 1073.0 373.0 1067.0 376.0 1064.0 372.0 small-vehicle 1
1039.0 381.0 1037.0 377.0 1044.0 372.0 1047.0 376.0 small-vehicle 1
1047.0 396.0 1043.0 391.0 1053.0 386.0 1056.0 390.0 small-vehicle 1
1091.0 398.0 1089.0 394.0 1097.0 388.0 1100.0 393.0 small-vehicle 1
1049.0 400.0 1047.0 396.0 1054.0 390.0 1058.0 395.0 small-vehicle 1
1053.0 405.0 1050.0 400.0 1058.0 395.0 1062.0 399.0 small-vehicle 1
1051.0 423.0 1048.0 419.0 1056.0 414.0 1059.0 418.0 small-vehicle 1
1046.0 414.0 1043.0 410.0 1050.0 406.0 1054.0 410.0 small-vehicle 1
1072.0 386.0 1069.0 381.0 1077.0 377.0 1080.0 381.0 small-vehicle 1
1075.0 390.0 1072.0 386.0 1081.0 380.0 1083.0 385.0 small-vehicle 1
1082.0 399.0 1078.0 394.0 1085.0 388.0 1089.0 393.0 small-vehicle 1
1089.0 393.0 1086.0 388.0 1094.0 384.0 1098.0 388.0 small-vehicle 1
949.0 411.0 954.0 409.0 958.0 419.0 954.0 421.0 small-vehicle 1
947.0 427.0 951.0 424.0 955.0 433.0 951.0 434.0 small-vehicle 1
1022.0 339.0 1017.0 342.0 1011.0 331.0 1016.0 329.0 small-vehicle 1
938.0 444.0 934.0 446.0 929.0 438.0 933.0 435.0 small-vehicle 1
923.0 388.0 927.0 386.0 931.0 395.0 927.0 395.0 small-vehicle 1
926.0 386.0 930.0 383.0 935.0 390.0 931.0 393.0 small-vehicle 1
930.0 381.0 935.0 378.0 939.0 387.0 935.0 390.0 small-vehicle 1
936.0 380.0 940.0 378.0 944.0 385.0 940.0 388.0 small-vehicle 1
949.0 384.0 945.0 385.0 941.0 378.0 945.0 375.0 small-vehicle 1
953.0 380.0 949.0 381.0 945.0 373.0 949.0 371.0 small-vehicle 1
949.0 372.0 953.0 370.0 957.0 377.0 954.0 380.0 small-vehicle 1
961.0 373.0 957.0 376.0 953.0 369.0 957.0 366.0 small-vehicle 1
963.0 386.0 958.0 388.0 954.0 380.0 958.0 377.0 small-vehicle 1
967.0 383.0 963.0 386.0 959.0 377.0 962.0 375.0 small-vehicle 1
963.0 375.0 966.0 373.0 971.0 381.0 967.0 383.0 small-vehicle 1
966.0 371.0 961.0 373.0 957.0 365.0 962.0 363.0 small-vehicle 1
971.0 369.0 967.0 372.0 963.0 364.0 967.0 361.0 small-vehicle 1
967.0 360.0 972.0 358.0 976.0 367.0 972.0 369.0 small-vehicle 1
980.0 363.0 976.0 365.0 971.0 357.0 975.0 355.0 small-vehicle 1
993.0 357.0 989.0 358.0 986.0 351.0 990.0 348.0 small-vehicle 1
998.0 352.0 993.0 354.0 989.0 347.0 993.0 344.0 small-vehicle 1
1003.0 351.0 998.0 352.0 993.0 343.0 998.0 341.0 small-vehicle 1
1009.0 348.0 1005.0 351.0 999.0 341.0 1004.0 338.0 small-vehicle 1
918.0 390.0 923.0 388.0 928.0 396.0 922.0 398.0 small-vehicle 1
913.0 392.0 917.0 390.0 921.0 397.0 917.0 399.0 small-vehicle 1
908.0 394.0 912.0 393.0 918.0 401.0 913.0 404.0 small-vehicle 1
941.0 388.0 945.0 386.0 948.0 395.0 944.0 396.0 small-vehicle 1
938.0 431.0 941.0 429.0 946.0 438.0 942.0 440.0 small-vehicle 1
941.0 428.0 944.0 426.0 949.0 433.0 945.0 435.0 small-vehicle 1
936.0 420.0 940.0 418.0 945.0 426.0 941.0 428.0 small-vehicle 1
933.0 422.0 937.0 421.0 939.0 430.0 935.0 431.0 small-vehicle 1
923.0 428.0 928.0 427.0 932.0 435.0 927.0 437.0 small-vehicle 1
924.0 440.0 928.0 437.0 932.0 445.0 928.0 448.0 small-vehicle 1
917.0 446.0 920.0 442.0 926.0 449.0 922.0 452.0 small-vehicle 1
954.0 392.0 949.0 394.0 946.0 386.0 950.0 383.0 small-vehicle 1
932.0 394.0 936.0 392.0 940.0 400.0 935.0 401.0 small-vehicle 1
912.0 405.0 908.0 406.0 904.0 397.0 908.0 395.0 small-vehicle 1
931.0 405.0 927.0 407.0 923.0 400.0 928.0 397.0 small-vehicle 1
919.0 401.0 924.0 400.0 928.0 407.0 923.0 410.0 small-vehicle 1
914.0 405.0 919.0 402.0 924.0 410.0 920.0 413.0 small-vehicle 1
919.0 413.0 915.0 416.0 910.0 407.0 914.0 405.0 small-vehicle 1
905.0 409.0 909.0 407.0 915.0 416.0 910.0 418.0 small-vehicle 1
889.0 407.0 894.0 404.0 899.0 413.0 895.0 415.0 small-vehicle 1
895.0 403.0 899.0 401.0 903.0 409.0 900.0 411.0 small-vehicle 1
900.0 401.0 904.0 398.0 909.0 407.0 904.0 409.0 small-vehicle 1
908.0 338.0 904.0 340.0 900.0 332.0 904.0 330.0 small-vehicle 1
895.0 334.0 900.0 332.0 904.0 341.0 900.0 343.0 small-vehicle 1
890.0 336.0 895.0 334.0 900.0 344.0 895.0 346.0 small-vehicle 1
864.0 479.0 867.0 477.0 872.0 485.0 868.0 487.0 small-vehicle 1
808.0 499.0 813.0 496.0 818.0 505.0 814.0 508.0 small-vehicle 1
799.0 505.0 804.0 502.0 810.0 511.0 806.0 514.0 small-vehicle 1
795.0 507.0 799.0 505.0 806.0 514.0 802.0 516.0 small-vehicle 1
792.0 511.0 796.0 508.0 801.0 516.0 796.0 519.0 small-vehicle 1
787.0 513.0 791.0 510.0 797.0 519.0 793.0 521.0 small-vehicle 1
782.0 516.0 786.0 513.0 792.0 521.0 788.0 524.0 small-vehicle 1
785.0 526.0 781.0 528.0 776.0 520.0 780.0 517.0 small-vehicle 1
797.0 530.0 793.0 533.0 788.0 524.0 792.0 522.0 small-vehicle 1
801.0 528.0 797.0 530.0 793.0 522.0 797.0 520.0 small-vehicle 1
806.0 525.0 802.0 527.0 797.0 520.0 801.0 517.0 small-vehicle 1
801.0 517.0 805.0 514.0 811.0 522.0 806.0 525.0 small-vehicle 1
806.0 514.0 810.0 511.0 815.0 518.0 811.0 522.0 small-vehicle 1
810.0 511.0 814.0 508.0 819.0 517.0 815.0 519.0 small-vehicle 1
815.0 508.0 819.0 506.0 823.0 515.0 819.0 517.0 small-vehicle 1
818.0 506.0 823.0 502.0 827.0 511.0 822.0 513.0 small-vehicle 1
824.0 502.0 828.0 500.0 832.0 508.0 828.0 510.0 small-vehicle 1
843.0 493.0 847.0 492.0 849.0 498.0 845.0 500.0 small-vehicle 1
846.0 489.0 849.0 487.0 853.0 494.0 849.0 496.0 small-vehicle 1
862.0 489.0 859.0 492.0 854.0 484.0 857.0 482.0 small-vehicle 1
818.0 494.0 822.0 492.0 827.0 499.0 823.0 502.0 small-vehicle 1
827.0 490.0 831.0 487.0 836.0 496.0 832.0 498.0 small-vehicle 1
845.0 476.0 849.0 475.0 851.0 483.0 847.0 485.0 small-vehicle 1
796.0 489.0 792.0 492.0 788.0 484.0 791.0 482.0 small-vehicle 1
832.0 458.0 835.0 455.0 839.0 463.0 835.0 465.0 small-vehicle 1
828.0 458.0 832.0 458.0 834.0 467.0 829.0 467.0 small-vehicle 1
814.0 467.0 817.0 465.0 822.0 473.0 818.0 475.0 small-vehicle 1
809.0 470.0 813.0 468.0 819.0 477.0 813.0 479.0 small-vehicle 1
805.0 473.0 808.0 470.0 813.0 479.0 809.0 481.0 small-vehicle 1
800.0 475.0 805.0 473.0 809.0 481.0 805.0 484.0 small-vehicle 1
805.0 484.0 800.0 486.0 797.0 478.0 800.0 476.0 small-vehicle 1
801.0 487.0 796.0 489.0 792.0 481.0 796.0 479.0 small-vehicle 1
784.0 488.0 788.0 485.0 793.0 492.0 788.0 495.0 small-vehicle 1
849.0 474.0 852.0 472.0 857.0 480.0 853.0 483.0 small-vehicle 1
778.0 489.0 782.0 486.0 787.0 495.0 783.0 498.0 small-vehicle 1
774.0 491.0 777.0 489.0 783.0 498.0 779.0 501.0 small-vehicle 1
770.0 494.0 774.0 492.0 778.0 502.0 774.0 505.0 small-vehicle 1
766.0 497.0 770.0 495.0 774.0 505.0 770.0 507.0 small-vehicle 1
763.0 518.0 760.0 514.0 769.0 509.0 772.0 513.0 small-vehicle 1
876.0 457.0 880.0 454.0 886.0 462.0 882.0 466.0 small-vehicle 1
866.0 465.0 870.0 461.0 875.0 469.0 871.0 472.0 small-vehicle 1
866.0 476.0 861.0 478.0 857.0 469.0 863.0 467.0 small-vehicle 1
858.0 480.0 863.0 478.0 868.0 486.0 863.0 489.0 small-vehicle 1
875.0 480.0 871.0 482.0 868.0 475.0 872.0 474.0 small-vehicle 1
883.0 355.0 879.0 357.0 874.0 349.0 878.0 346.0 small-vehicle 1
879.0 477.0 875.0 479.0 872.0 472.0 875.0 470.0 small-vehicle 1
1078.0 452.0 1081.0 456.0 1072.0 461.0 1070.0 457.0 small-vehicle 1
1076.0 467.0 1073.0 462.0 1082.0 457.0 1085.0 460.0 small-vehicle 1
1080.0 471.0 1078.0 466.0 1085.0 460.0 1088.0 464.0 small-vehicle 1
1084.0 477.0 1084.0 472.0 1092.0 472.0 1092.0 477.0 small-vehicle 1
1090.0 492.0 1089.0 487.0 1098.0 486.0 1099.0 490.0 small-vehicle 1
1047.0 448.0 1049.0 453.0 1041.0 458.0 1038.0 453.0 small-vehicle 1
1043.0 462.0 1041.0 458.0 1049.0 452.0 1052.0 457.0 small-vehicle 1
1046.0 466.0 1043.0 462.0 1051.0 457.0 1054.0 461.0 small-vehicle 1
1050.0 471.0 1047.0 467.0 1055.0 461.0 1058.0 465.0 small-vehicle 1
1058.0 465.0 1061.0 468.0 1052.0 474.0 1050.0 470.0 small-vehicle 1
1059.0 469.0 1062.0 473.0 1055.0 479.0 1052.0 474.0 small-vehicle 1
1058.0 484.0 1055.0 479.0 1062.0 474.0 1066.0 479.0 small-vehicle 1
1067.0 478.0 1070.0 483.0 1062.0 489.0 1058.0 484.0 small-vehicle 1
1075.0 491.0 1078.0 496.0 1070.0 502.0 1066.0 498.0 small-vehicle 1
1026.0 474.0 1029.0 479.0 1021.0 485.0 1017.0 480.0 small-vehicle 1
1031.0 502.0 1027.0 497.0 1038.0 491.0 1040.0 497.0 small-vehicle 1
1036.0 510.0 1032.0 506.0 1040.0 502.0 1043.0 506.0 small-vehicle 1
1021.0 465.0 1024.0 470.0 1015.0 475.0 1011.0 470.0 small-vehicle 1
969.0 496.0 972.0 501.0 964.0 507.0 960.0 502.0 small-vehicle 1
1074.0 444.0 1076.0 448.0 1069.0 451.0 1067.0 448.0 small-vehicle 1
809.0 538.0 814.0 536.0 819.0 545.0 814.0 548.0 small-vehicle 1
828.0 542.0 824.0 544.0 819.0 534.0 824.0 532.0 small-vehicle 1
881.0 507.0 878.0 510.0 872.0 501.0 876.0 500.0 small-vehicle 1
885.0 475.0 880.0 479.0 875.0 471.0 880.0 468.0 small-vehicle 1
884.0 463.0 888.0 460.0 895.0 470.0 890.0 473.0 small-vehicle 1
893.0 460.0 897.0 457.0 902.0 466.0 899.0 470.0 small-vehicle 1
912.0 489.0 908.0 492.0 902.0 482.0 906.0 480.0 small-vehicle 1
897.0 486.0 901.0 482.0 907.0 491.0 903.0 493.0 small-vehicle 1
889.0 491.0 892.0 489.0 897.0 497.0 894.0 500.0 small-vehicle 1
881.0 496.0 884.0 494.0 889.0 502.0 885.0 505.0 small-vehicle 1
876.0 500.0 879.0 497.0 884.0 505.0 881.0 507.0 small-vehicle 1
876.0 512.0 871.0 513.0 868.0 504.0 873.0 503.0 small-vehicle 1
824.0 532.0 827.0 529.0 831.0 537.0 828.0 539.0 small-vehicle 1
870.0 514.0 866.0 515.0 862.0 504.0 867.0 503.0 small-vehicle 1
863.0 519.0 860.0 521.0 854.0 513.0 858.0 510.0 small-vehicle 1
859.0 521.0 855.0 523.0 850.0 515.0 854.0 512.0 small-vehicle 1
847.0 519.0 851.0 516.0 855.0 524.0 851.0 527.0 small-vehicle 1
842.0 521.0 846.0 518.0 850.0 527.0 846.0 529.0 small-vehicle 1
836.0 524.0 840.0 520.0 845.0 530.0 841.0 532.0 small-vehicle 1
832.0 526.0 836.0 523.0 841.0 533.0 837.0 536.0 small-vehicle 1
828.0 530.0 832.0 527.0 837.0 536.0 832.0 539.0 small-vehicle 1
835.0 454.0 839.0 451.0 844.0 460.0 840.0 463.0 small-vehicle 1
841.0 452.0 845.0 450.0 849.0 458.0 844.0 460.0 small-vehicle 1
849.0 446.0 854.0 444.0 858.0 454.0 853.0 456.0 small-vehicle 1
853.0 442.0 857.0 441.0 862.0 449.0 858.0 451.0 small-vehicle 1
787.0 430.0 791.0 426.0 796.0 434.0 793.0 437.0 small-vehicle 1
803.0 433.0 799.0 435.0 794.0 426.0 798.0 424.0 small-vehicle 1
807.0 429.0 803.0 432.0 798.0 423.0 802.0 421.0 small-vehicle 1
812.0 427.0 807.0 429.0 802.0 420.0 806.0 418.0 small-vehicle 1
807.0 418.0 811.0 416.0 816.0 424.0 812.0 427.0 small-vehicle 1
820.0 422.0 816.0 425.0 812.0 414.0 816.0 413.0 small-vehicle 1
825.0 419.0 821.0 422.0 816.0 413.0 820.0 410.0 small-vehicle 1
829.0 417.0 824.0 420.0 820.0 410.0 825.0 408.0 small-vehicle 1
825.0 407.0 828.0 405.0 834.0 413.0 829.0 416.0 small-vehicle 1
830.0 405.0 834.0 403.0 839.0 411.0 834.0 413.0 small-vehicle 1
834.0 401.0 837.0 400.0 843.0 409.0 839.0 411.0 small-vehicle 1
837.0 400.0 842.0 398.0 847.0 406.0 843.0 409.0 small-vehicle 1
843.0 397.0 847.0 395.0 852.0 404.0 848.0 406.0 small-vehicle 1
855.0 400.0 852.0 402.0 847.0 395.0 850.0 392.0 small-vehicle 1
860.0 397.0 855.0 399.0 851.0 392.0 856.0 389.0 small-vehicle 1
857.0 401.0 860.0 398.0 865.0 406.0 862.0 408.0 small-vehicle 1
861.0 409.0 856.0 411.0 853.0 403.0 856.0 401.0 small-vehicle 1
856.0 413.0 852.0 415.0 848.0 406.0 852.0 404.0 small-vehicle 1
852.0 415.0 848.0 417.0 844.0 408.0 848.0 406.0 small-vehicle 1
759.0 431.0 755.0 434.0 750.0 425.0 754.0 423.0 small-vehicle 1
755.0 422.0 759.0 419.0 764.0 428.0 759.0 430.0 small-vehicle 1
768.0 424.0 764.0 426.0 760.0 419.0 764.0 416.0 small-vehicle 1
816.0 394.0 812.0 397.0 807.0 389.0 811.0 387.0 small-vehicle 1
878.0 357.0 874.0 359.0 868.0 351.0 874.0 349.0 small-vehicle 1
868.0 363.0 863.0 364.0 859.0 357.0 864.0 354.0 small-vehicle 1
864.0 366.0 860.0 368.0 855.0 360.0 859.0 357.0 small-vehicle 1
843.0 379.0 838.0 382.0 834.0 373.0 839.0 370.0 small-vehicle 1
837.0 381.0 833.0 383.0 829.0 375.0 833.0 373.0 small-vehicle 1
833.0 383.0 830.0 386.0 826.0 378.0 829.0 375.0 small-vehicle 1
830.0 388.0 825.0 390.0 821.0 381.0 826.0 379.0 small-vehicle 1
821.0 393.0 818.0 395.0 812.0 387.0 816.0 385.0 small-vehicle 1
803.0 392.0 807.0 390.0 811.0 397.0 807.0 400.0 small-vehicle 1
772.0 421.0 768.0 423.0 764.0 416.0 767.0 414.0 small-vehicle 1
807.0 399.0 802.0 402.0 799.0 394.0 802.0 392.0 small-vehicle 1
803.0 404.0 799.0 406.0 794.0 398.0 798.0 395.0 small-vehicle 1
791.0 401.0 795.0 398.0 798.0 405.0 795.0 408.0 small-vehicle 1
785.0 404.0 791.0 400.0 794.0 408.0 790.0 411.0 small-vehicle 1
781.0 406.0 785.0 404.0 789.0 411.0 785.0 414.0 small-vehicle 1
777.0 409.0 780.0 407.0 785.0 413.0 781.0 416.0 small-vehicle 1
781.0 416.0 776.0 418.0 773.0 411.0 777.0 409.0 small-vehicle 1
768.0 414.0 773.0 411.0 777.0 419.0 773.0 423.0 small-vehicle 1
848.0 418.0 844.0 420.0 839.0 412.0 844.0 409.0 small-vehicle 1
842.0 420.0 839.0 422.0 835.0 413.0 838.0 411.0 small-vehicle 1
829.0 416.0 835.0 414.0 838.0 422.0 834.0 424.0 small-vehicle 1
830.0 445.0 834.0 442.0 839.0 450.0 835.0 454.0 small-vehicle 1
804.0 473.0 799.0 474.0 796.0 467.0 799.0 464.0 small-vehicle 1
808.0 470.0 804.0 473.0 800.0 465.0 803.0 462.0 small-vehicle 1
813.0 468.0 808.0 470.0 803.0 462.0 808.0 459.0 small-vehicle 1
817.0 465.0 812.0 466.0 808.0 458.0 812.0 456.0 small-vehicle 1
813.0 457.0 817.0 454.0 822.0 462.0 817.0 465.0 small-vehicle 1
817.0 454.0 821.0 451.0 827.0 460.0 822.0 462.0 small-vehicle 1
831.0 456.0 825.0 459.0 821.0 450.0 825.0 447.0 small-vehicle 1
834.0 454.0 831.0 457.0 826.0 448.0 830.0 445.0 small-vehicle 1
842.0 448.0 839.0 451.0 834.0 442.0 838.0 440.0 small-vehicle 1
795.0 477.0 790.0 480.0 786.0 472.0 790.0 469.0 small-vehicle 1
848.0 445.0 843.0 448.0 838.0 439.0 843.0 437.0 small-vehicle 1
843.0 436.0 847.0 434.0 852.0 443.0 849.0 446.0 small-vehicle 1
861.0 437.0 857.0 440.0 851.0 430.0 856.0 428.0 small-vehicle 1
865.0 435.0 861.0 437.0 857.0 428.0 860.0 426.0 small-vehicle 1
870.0 432.0 866.0 435.0 861.0 426.0 864.0 423.0 small-vehicle 1
874.0 428.0 869.0 431.0 865.0 423.0 869.0 420.0 small-vehicle 1
879.0 425.0 874.0 428.0 869.0 420.0 873.0 418.0 small-vehicle 1
861.0 438.0 866.0 436.0 870.0 443.0 866.0 446.0 small-vehicle 1
800.0 475.0 795.0 478.0 791.0 469.0 794.0 467.0 small-vehicle 1
791.0 481.0 787.0 483.0 782.0 475.0 786.0 472.0 small-vehicle 1
834.0 425.0 829.0 427.0 826.0 419.0 830.0 418.0 small-vehicle 1
786.0 443.0 790.0 440.0 795.0 449.0 790.0 451.0 small-vehicle 1
831.0 429.0 827.0 432.0 822.0 423.0 826.0 421.0 small-vehicle 1
817.0 425.0 822.0 423.0 826.0 431.0 822.0 434.0 small-vehicle 1
813.0 427.0 817.0 425.0 822.0 434.0 817.0 435.0 small-vehicle 1
809.0 430.0 813.0 428.0 818.0 436.0 813.0 439.0 small-vehicle 1
813.0 439.0 809.0 442.0 804.0 432.0 809.0 431.0 small-vehicle 1
808.0 441.0 804.0 443.0 800.0 436.0 804.0 433.0 small-vehicle 1
795.0 436.0 799.0 434.0 804.0 443.0 800.0 445.0 small-vehicle 1
790.0 440.0 793.0 437.0 799.0 446.0 795.0 449.0 small-vehicle 1
782.0 445.0 786.0 443.0 791.0 452.0 787.0 454.0 small-vehicle 1
786.0 483.0 782.0 486.0 777.0 477.0 781.0 474.0 small-vehicle 1
778.0 448.0 782.0 446.0 786.0 455.0 782.0 456.0 small-vehicle 1
781.0 460.0 777.0 461.0 774.0 451.0 778.0 449.0 small-vehicle 1
777.0 459.0 773.0 461.0 769.0 454.0 772.0 451.0 small-vehicle 1
766.0 456.0 769.0 455.0 773.0 465.0 769.0 466.0 small-vehicle 1
761.0 457.0 765.0 456.0 768.0 465.0 763.0 467.0 small-vehicle 1
772.0 493.0 767.0 495.0 765.0 486.0 769.0 484.0 small-vehicle 1
777.0 488.0 773.0 490.0 768.0 482.0 772.0 480.0 small-vehicle 1
782.0 486.0 777.0 488.0 773.0 479.0 777.0 478.0 small-vehicle 1
172.0 671.0 170.0 678.0 135.0 669.0 136.0 662.0 large-vehicle 0
