imagesource:GoogleEarth
gsd:0.133857904823
1248.0 482.0 1231.0 479.0 1243.0 437.0 1256.0 442.0 small-vehicle 1
499.0 1089.0 477.0 1100.0 437.0 1009.0 454.0 999.0 large-vehicle 0
568.0 1240.0 560.0 1221.0 650.0 1178.0 659.0 1196.0 large-vehicle 0
650.0 1209.0 660.0 1229.0 570.0 1274.0 560.0 1254.0 large-vehicle 0
586.0 1298.0 576.0 1277.0 665.0 1235.0 674.0 1255.0 large-vehicle 0
447.0 1248.0 428.0 1258.0 384.0 1166.0 403.0 1158.0 large-vehicle 0
460.0 1208.0 440.0 1219.0 395.0 1128.0 414.0 1118.0 large-vehicle 0
663.0 1141.0 673.0 1161.0 579.0 1202.0 569.0 1182.0 large-vehicle 0
469.0 1170.0 449.0 1180.0 408.0 1089.0 427.0 1081.0 large-vehicle 0
383.0 1186.0 363.0 1198.0 318.0 1108.0 337.0 1097.0 large-vehicle 0
483.0 1130.0 461.0 1141.0 423.0 1050.0 442.0 1040.0 large-vehicle 0
597.0 1162.0 588.0 1142.0 682.0 1104.0 690.0 1122.0 large-vehicle 0
610.0 1126.0 601.0 1105.0 692.0 1065.0 702.0 1084.0 large-vehicle 0
396.0 1143.0 376.0 1154.0 328.0 1061.0 349.0 1052.0 large-vehicle 0
408.0 1102.0 387.0 1113.0 343.0 1021.0 361.0 1011.0 large-vehicle 0
669.0 1381.0 691.0 1388.0 664.0 1476.0 642.0 1470.0 large-vehicle 0
514.0 1056.0 493.0 1067.0 452.0 975.0 471.0 966.0 large-vehicle 0
421.0 1067.0 401.0 1076.0 360.0 983.0 379.0 976.0 large-vehicle 0
436.0 1025.0 414.0 1036.0 371.0 943.0 390.0 934.0 large-vehicle 0
526.0 1012.0 504.0 1024.0 465.0 931.0 484.0 923.0 large-vehicle 0
541.0 972.0 520.0 983.0 480.0 892.0 499.0 883.0 large-vehicle 0
558.0 939.0 538.0 950.0 494.0 859.0 512.0 849.0 large-vehicle 0
479.0 908.0 458.0 920.0 414.0 829.0 434.0 819.0 large-vehicle 0
511.0 817.0 529.0 809.0 572.0 899.0 551.0 908.0 large-vehicle 0
508.0 835.0 488.0 847.0 444.0 755.0 463.0 745.0 large-vehicle 0
499.0 731.0 518.0 722.0 564.0 811.0 543.0 822.0 large-vehicle 0
533.0 733.0 552.0 724.0 595.0 815.0 574.0 824.0 large-vehicle 0
456.0 717.0 477.0 708.0 523.0 798.0 502.0 808.0 large-vehicle 0
433.0 1288.0 413.0 1298.0 369.0 1207.0 388.0 1198.0 large-vehicle 0
606.0 1358.0 627.0 1365.0 597.0 1454.0 575.0 1446.0 large-vehicle 0
484.0 631.0 503.0 622.0 544.0 705.0 525.0 714.0 large-vehicle 0
143.0 1370.0 121.0 1362.0 151.0 1276.0 173.0 1282.0 large-vehicle 0
268.0 245.0 248.0 237.0 283.0 144.0 302.0 150.0 large-vehicle 0
296.0 254.0 275.0 246.0 308.0 152.0 327.0 158.0 large-vehicle 0
321.0 265.0 300.0 256.0 334.0 161.0 354.0 168.0 large-vehicle 0
341.0 281.0 323.0 274.0 358.0 181.0 377.0 188.0 large-vehicle 0
304.0 391.0 284.0 384.0 318.0 287.0 336.0 293.0 large-vehicle 0
332.0 427.0 312.0 420.0 349.0 326.0 368.0 332.0 large-vehicle 0
241.0 747.0 218.0 748.0 216.0 655.0 238.0 654.0 large-vehicle 0
242.0 856.0 220.0 854.0 222.0 762.0 244.0 763.0 large-vehicle 0
203.0 1278.0 181.0 1271.0 209.0 1185.0 229.0 1191.0 large-vehicle 0
175.0 1274.0 153.0 1268.0 179.0 1180.0 199.0 1186.0 large-vehicle 0
355.0 1263.0 335.0 1271.0 295.0 1188.0 314.0 1179.0 large-vehicle 0
171.0 1370.0 148.0 1362.0 181.0 1276.0 203.0 1283.0 large-vehicle 0
38.0 1577.0 20.0 1566.0 68.0 1479.0 87.0 1489.0 large-vehicle 0
554.0 1350.0 574.0 1358.0 539.0 1445.0 519.0 1437.0 large-vehicle 0
81.0 1580.0 60.0 1572.0 101.0 1479.0 122.0 1488.0 large-vehicle 0
170.0 1461.0 192.0 1469.0 156.0 1564.0 135.0 1556.0 large-vehicle 0
202.0 1455.0 224.0 1463.0 190.0 1559.0 168.0 1551.0 large-vehicle 0
238.0 1442.0 257.0 1449.0 225.0 1545.0 204.0 1538.0 large-vehicle 0
270.0 1433.0 290.0 1440.0 253.0 1535.0 233.0 1527.0 large-vehicle 0
304.0 1428.0 324.0 1435.0 289.0 1531.0 270.0 1525.0 large-vehicle 0
337.0 1417.0 358.0 1424.0 326.0 1521.0 304.0 1514.0 large-vehicle 0
386.0 1385.0 406.0 1393.0 368.0 1488.0 348.0 1480.0 large-vehicle 0
413.0 1381.0 433.0 1390.0 397.0 1484.0 375.0 1477.0 large-vehicle 0
448.0 1374.0 469.0 1380.0 440.0 1469.0 420.0 1464.0 large-vehicle 0
482.0 1358.0 504.0 1364.0 474.0 1452.0 455.0 1446.0 large-vehicle 0
513.0 1358.0 532.0 1365.0 504.0 1452.0 483.0 1445.0 large-vehicle 0
594.0 719.0 613.0 710.0 641.0 768.0 621.0 779.0 large-vehicle 0
587.0 638.0 606.0 630.0 634.0 693.0 614.0 701.0 large-vehicle 0
729.0 522.0 737.0 502.0 774.0 518.0 768.0 535.0 small-vehicle 1
248.0 516.0 248.0 536.0 197.0 540.0 196.0 521.0 small-vehicle 0
730.0 1390.0 752.0 1390.0 751.0 1484.0 729.0 1483.0 large-vehicle 0
755.0 1394.0 779.0 1392.0 781.0 1485.0 760.0 1485.0 large-vehicle 0
786.0 1394.0 808.0 1393.0 808.0 1486.0 787.0 1486.0 large-vehicle 0
853.0 1388.0 875.0 1392.0 858.0 1484.0 837.0 1478.0 large-vehicle 0
961.0 969.0 954.0 949.0 1046.0 914.0 1052.0 932.0 large-vehicle 0
975.0 931.0 968.0 909.0 1061.0 872.0 1069.0 894.0 large-vehicle 0
988.0 892.0 981.0 873.0 1073.0 834.0 1082.0 853.0 large-vehicle 0
1004.0 853.0 996.0 834.0 1091.0 796.0 1099.0 816.0 large-vehicle 0
997.0 795.0 988.0 775.0 1081.0 738.0 1089.0 759.0 large-vehicle 0
1201.0 637.0 1186.0 653.0 1139.0 602.0 1157.0 588.0 large-vehicle 0
402.0 64.0 385.0 58.0 401.0 20.0 414.0 26.0 small-vehicle 0
434.0 65.0 418.0 59.0 429.0 25.0 444.0 30.0 small-vehicle 0
246.0 543.0 245.0 560.0 198.0 560.0 197.0 541.0 small-vehicle 0
919.0 1252.0 927.0 1271.0 831.0 1309.0 823.0 1288.0 large-vehicle 0
246.0 567.0 246.0 586.0 199.0 588.0 198.0 568.0 small-vehicle 0
233.0 650.0 214.0 648.0 218.0 598.0 236.0 599.0 small-vehicle 0
453.0 34.0 472.0 41.0 457.0 80.0 439.0 73.0 small-vehicle 0
477.0 49.0 492.0 55.0 480.0 88.0 465.0 83.0 small-vehicle 0
501.0 58.0 517.0 64.0 505.0 95.0 488.0 89.0 small-vehicle 0
522.0 69.0 541.0 76.0 528.0 108.0 511.0 102.0 small-vehicle 0
551.0 116.0 534.0 111.0 546.0 76.0 560.0 81.0 small-vehicle 0
599.0 1669.0 597.0 1653.0 636.0 1654.0 638.0 1670.0 small-vehicle 1
777.0 1656.0 776.0 1639.0 810.0 1641.0 810.0 1657.0 small-vehicle 1
979.0 1237.0 986.0 1221.0 1016.0 1230.0 1010.0 1249.0 small-vehicle 1
1089.0 1029.0 1084.0 1046.0 1050.0 1035.0 1058.0 1017.0 small-vehicle 1
552.0 1000.0 542.0 984.0 567.0 962.0 580.0 977.0 small-vehicle 1
913.0 1284.0 922.0 1302.0 831.0 1345.0 821.0 1324.0 large-vehicle 0
680.0 1164.0 701.0 1155.0 740.0 1247.0 720.0 1256.0 large-vehicle 0
624.0 652.0 643.0 643.0 672.0 702.0 653.0 712.0 large-vehicle 0
680.0 903.0 671.0 881.0 764.0 842.0 773.0 861.0 large-vehicle 0
400.0 611.0 419.0 614.0 401.0 707.0 385.0 703.0 large-vehicle 0
521.0 576.0 540.0 567.0 570.0 627.0 550.0 637.0 large-vehicle 0
553.0 566.0 572.0 557.0 602.0 618.0 581.0 626.0 large-vehicle 0
583.0 563.0 601.0 554.0 631.0 613.0 612.0 622.0 large-vehicle 0
540.0 484.0 557.0 474.0 595.0 540.0 576.0 551.0 large-vehicle 0
728.0 785.0 720.0 766.0 811.0 728.0 819.0 746.0 large-vehicle 0
858.0 680.0 875.0 671.0 921.0 758.0 901.0 769.0 large-vehicle 0
843.0 712.0 862.0 703.0 908.0 791.0 888.0 801.0 large-vehicle 0
831.0 749.0 849.0 740.0 894.0 832.0 873.0 840.0 large-vehicle 0
720.0 818.0 713.0 796.0 806.0 760.0 814.0 780.0 large-vehicle 0
706.0 859.0 698.0 838.0 791.0 798.0 800.0 817.0 large-vehicle 0
818.0 792.0 838.0 781.0 883.0 871.0 862.0 881.0 large-vehicle 0
791.0 864.0 811.0 856.0 853.0 946.0 834.0 957.0 large-vehicle 0
865.0 1234.0 857.0 1213.0 949.0 1175.0 958.0 1193.0 large-vehicle 0
658.0 976.0 650.0 956.0 744.0 915.0 752.0 934.0 large-vehicle 0
778.0 902.0 797.0 894.0 841.0 984.0 819.0 994.0 large-vehicle 0
761.0 938.0 781.0 929.0 825.0 1018.0 806.0 1027.0 large-vehicle 0
649.0 1013.0 641.0 993.0 735.0 952.0 744.0 973.0 large-vehicle 0
753.0 978.0 774.0 970.0 812.0 1060.0 791.0 1070.0 large-vehicle 0
741.0 1018.0 760.0 1011.0 799.0 1101.0 781.0 1111.0 large-vehicle 0
723.0 1052.0 744.0 1044.0 783.0 1135.0 764.0 1144.0 large-vehicle 0
899.0 1121.0 891.0 1101.0 984.0 1067.0 992.0 1087.0 large-vehicle 0
933.0 1047.0 924.0 1026.0 1014.0 987.0 1023.0 1005.0 large-vehicle 0
896.0 1158.0 888.0 1136.0 978.0 1098.0 987.0 1118.0 large-vehicle 0
878.0 1196.0 870.0 1175.0 963.0 1140.0 970.0 1159.0 large-vehicle 0
705.0 1089.0 727.0 1079.0 770.0 1170.0 750.0 1180.0 large-vehicle 0
243.0 239.0 221.0 239.0 224.0 138.0 246.0 139.0 large-vehicle 0
