imagesource:GoogleEarth
gsd:0.27254767788
400.0 718.0 392.0 715.0 394.0 698.0 403.0 700.0 small-vehicle 1
449.0 244.0 449.0 232.0 529.0 235.0 529.0 246.0 large-vehicle 0
204.0 687.0 214.0 688.0 212.0 707.0 203.0 706.0 small-vehicle 0
184.0 690.0 193.0 690.0 194.0 706.0 184.0 706.0 small-vehicle 0
112.0 586.0 113.0 575.0 190.0 578.0 189.0 589.0 large-vehicle 0
115.0 574.0 116.0 564.0 192.0 565.0 192.0 576.0 large-vehicle 0
124.0 438.0 125.0 426.0 198.0 429.0 198.0 441.0 large-vehicle 0
125.0 402.0 125.0 391.0 198.0 391.0 197.0 403.0 large-vehicle 0
144.0 327.0 144.0 315.0 196.0 315.0 197.0 326.0 large-vehicle 0
440.0 309.0 440.0 297.0 524.0 301.0 523.0 311.0 large-vehicle 0
452.0 228.0 452.0 217.0 530.0 219.0 530.0 231.0 large-vehicle 0
291.0 714.0 281.0 714.0 281.0 690.0 291.0 691.0 small-vehicle 0
363.0 234.0 363.0 222.0 444.0 218.0 445.0 231.0 large-vehicle 0
450.0 199.0 449.0 188.0 532.0 192.0 532.0 202.0 large-vehicle 0
362.0 204.0 362.0 192.0 442.0 192.0 443.0 204.0 large-vehicle 0
192.0 226.0 192.0 216.0 273.0 217.0 274.0 228.0 large-vehicle 0
192.0 210.0 192.0 201.0 279.0 201.0 278.0 211.0 large-vehicle 0
198.0 168.0 198.0 158.0 276.0 158.0 277.0 169.0 large-vehicle 0
198.0 151.0 198.0 142.0 282.0 142.0 281.0 154.0 large-vehicle 0
124.0 225.0 112.0 225.0 115.0 145.0 128.0 146.0 large-vehicle 0
214.0 690.0 226.0 691.0 225.0 712.0 214.0 711.0 small-vehicle 0
293.0 694.0 303.0 696.0 302.0 716.0 292.0 715.0 small-vehicle 0
313.0 714.0 304.0 714.0 306.0 694.0 315.0 693.0 small-vehicle 1
341.0 755.0 351.0 757.0 350.0 777.0 340.0 778.0 small-vehicle 1
325.0 714.0 315.0 713.0 316.0 692.0 327.0 694.0 small-vehicle 1
336.0 715.0 327.0 714.0 327.0 695.0 337.0 695.0 small-vehicle 1
336.0 715.0 348.0 717.0 348.0 694.0 336.0 693.0 small-vehicle 1
511.0 702.0 523.0 703.0 523.0 726.0 511.0 725.0 small-vehicle 1
476.0 779.0 466.0 778.0 465.0 759.0 475.0 760.0 small-vehicle 1
462.0 778.0 453.0 777.0 453.0 757.0 461.0 758.0 small-vehicle 1
395.0 776.0 385.0 775.0 386.0 755.0 396.0 756.0 small-vehicle 1
384.0 775.0 374.0 776.0 373.0 755.0 384.0 756.0 small-vehicle 1
276.0 750.0 285.0 750.0 285.0 773.0 275.0 773.0 small-vehicle 1
307.0 751.0 318.0 752.0 317.0 776.0 306.0 775.0 small-vehicle 0
253.0 751.0 263.0 751.0 263.0 769.0 253.0 770.0 small-vehicle 1
231.0 749.0 241.0 750.0 243.0 769.0 232.0 770.0 small-vehicle 1
172.0 747.0 181.0 748.0 181.0 766.0 171.0 766.0 small-vehicle 1
161.0 747.0 169.0 749.0 168.0 768.0 159.0 768.0 small-vehicle 1
156.0 766.0 147.0 764.0 149.0 746.0 158.0 748.0 small-vehicle 1
80.0 740.0 78.0 748.0 59.0 745.0 60.0 737.0 small-vehicle 1
21.0 647.0 20.0 655.0 4.0 652.0 5.0 644.0 small-vehicle 1
287.0 751.0 299.0 751.0 297.0 773.0 286.0 772.0 small-vehicle 0
108.0 225.0 94.0 225.0 98.0 150.0 112.0 150.0 large-vehicle 0
