imagesource:GoogleEarth
gsd:0.271957102856
180.0 510.0 174.0 522.0 91.0 490.0 97.0 480.0 large-vehicle 1
482.0 870.0 482.0 858.0 562.0 859.0 561.0 872.0 large-vehicle 0
508.0 548.0 509.0 540.0 592.0 538.0 592.0 549.0 large-vehicle 0
492.0 575.0 492.0 564.0 571.0 564.0 570.0 576.0 large-vehicle 0
490.0 682.0 490.0 670.0 571.0 670.0 572.0 683.0 large-vehicle 0
489.0 697.0 489.0 685.0 568.0 684.0 568.0 695.0 large-vehicle 0
490.0 750.0 490.0 738.0 571.0 738.0 570.0 750.0 large-vehicle 0
492.0 761.0 492.0 750.0 572.0 752.0 572.0 763.0 large-vehicle 0
489.0 790.0 490.0 779.0 572.0 779.0 571.0 792.0 large-vehicle 0
492.0 817.0 492.0 806.0 573.0 807.0 572.0 820.0 large-vehicle 0
484.0 855.0 484.0 844.0 565.0 845.0 565.0 858.0 large-vehicle 0
492.0 924.0 491.0 914.0 571.0 913.0 570.0 925.0 large-vehicle 0
326.0 920.0 327.0 910.0 408.0 913.0 408.0 926.0 large-vehicle 0
487.0 938.0 488.0 926.0 569.0 926.0 569.0 939.0 large-vehicle 0
486.0 966.0 488.0 954.0 568.0 956.0 568.0 967.0 large-vehicle 0
480.0 991.0 481.0 980.0 546.0 982.0 546.0 992.0 large-vehicle 0
478.0 1004.0 478.0 994.0 548.0 995.0 548.0 1005.0 large-vehicle 0
479.0 1020.0 479.0 1008.0 560.0 1007.0 560.0 1021.0 large-vehicle 0
685.0 620.0 685.0 632.0 605.0 631.0 605.0 620.0 large-vehicle 0
682.0 688.0 682.0 698.0 602.0 698.0 602.0 687.0 large-vehicle 0
684.0 768.0 684.0 780.0 603.0 780.0 602.0 768.0 large-vehicle 0
686.0 982.0 686.0 994.0 604.0 994.0 604.0 982.0 large-vehicle 0
512.0 534.0 512.0 523.0 595.0 524.0 596.0 536.0 large-vehicle 0
325.0 908.0 325.0 896.0 408.0 898.0 409.0 910.0 large-vehicle 0
157.0 545.0 151.0 556.0 69.0 525.0 74.0 514.0 large-vehicle 1
419.0 654.0 419.0 665.0 336.0 664.0 335.0 651.0 large-vehicle 0
391.0 330.0 372.0 330.0 372.0 250.0 389.0 249.0 large-vehicle 0
158.0 334.0 157.0 322.0 222.0 325.0 223.0 335.0 large-vehicle 0
244.0 605.0 240.0 615.0 162.0 590.0 168.0 577.0 large-vehicle 0
234.0 674.0 230.0 684.0 154.0 654.0 158.0 644.0 large-vehicle 0
414.0 544.0 414.0 555.0 331.0 553.0 331.0 542.0 large-vehicle 0
416.0 558.0 416.0 570.0 332.0 570.0 331.0 558.0 large-vehicle 0
334.0 596.0 334.0 586.0 415.0 586.0 415.0 596.0 large-vehicle 0
330.0 610.0 330.0 600.0 412.0 602.0 412.0 614.0 large-vehicle 0
412.0 628.0 412.0 637.0 330.0 637.0 330.0 625.0 large-vehicle 0
325.0 676.0 325.0 666.0 405.0 667.0 404.0 678.0 large-vehicle 0
332.0 880.0 331.0 869.0 411.0 870.0 410.0 882.0 large-vehicle 0
324.0 692.0 324.0 680.0 408.0 681.0 408.0 692.0 large-vehicle 0
328.0 704.0 328.0 694.0 409.0 694.0 408.0 705.0 large-vehicle 0
409.0 708.0 410.0 720.0 328.0 717.0 328.0 706.0 large-vehicle 0
324.0 730.0 325.0 718.0 409.0 721.0 409.0 734.0 large-vehicle 0
324.0 758.0 326.0 748.0 392.0 746.0 392.0 756.0 large-vehicle 0
320.0 813.0 320.0 802.0 403.0 803.0 403.0 814.0 large-vehicle 0
324.0 825.0 326.0 815.0 389.0 816.0 389.0 826.0 large-vehicle 0
406.0 830.0 406.0 842.0 323.0 840.0 323.0 828.0 large-vehicle 0
326.0 866.0 326.0 854.0 407.0 856.0 407.0 868.0 large-vehicle 0
681.0 996.0 682.0 1006.0 598.0 1008.0 598.0 996.0 large-vehicle 0
680.0 1012.0 679.0 1023.0 596.0 1020.0 597.0 1008.0 large-vehicle 0
676.0 1050.0 676.0 1061.0 599.0 1062.0 599.0 1050.0 large-vehicle 0
124.0 886.0 127.0 897.0 108.0 901.0 104.0 890.0 small-vehicle 1
92.0 906.0 92.0 914.0 71.0 914.0 72.0 906.0 small-vehicle 0
172.0 893.0 168.0 903.0 150.0 896.0 154.0 887.0 small-vehicle 0
82.0 878.0 82.0 887.0 61.0 886.0 61.0 878.0 small-vehicle 0
83.0 868.0 83.0 877.0 64.0 877.0 65.0 867.0 small-vehicle 0
13.0 960.0 3.0 961.0 5.0 942.0 13.0 942.0 small-vehicle 0
24.0 961.0 18.0 960.0 18.0 943.0 24.0 942.0 small-vehicle 0
338.0 1030.0 327.0 1029.0 330.0 1006.0 340.0 1007.0 small-vehicle 0
375.0 1058.0 365.0 1057.0 369.0 1033.0 379.0 1034.0 small-vehicle 0
28.0 306.0 19.0 306.0 19.0 286.0 28.0 284.0 small-vehicle 1
86.0 826.0 87.0 838.0 66.0 838.0 66.0 828.0 small-vehicle 1
675.0 1062.0 675.0 1073.0 600.0 1076.0 598.0 1063.0 large-vehicle 0
86.0 783.0 84.0 792.0 65.0 789.0 65.0 781.0 small-vehicle 1
45.0 684.0 54.0 684.0 53.0 703.0 44.0 703.0 small-vehicle 1
15.0 682.0 24.0 682.0 23.0 703.0 14.0 703.0 small-vehicle 1
106.0 666.0 100.0 677.0 17.0 643.0 23.0 631.0 large-vehicle 1
96.0 636.0 88.0 648.0 8.0 617.0 14.0 606.0 large-vehicle 1
110.0 620.0 106.0 631.0 20.0 599.0 27.0 588.0 large-vehicle 1
120.0 604.0 114.0 615.0 45.0 586.0 52.0 574.0 large-vehicle 1
132.0 587.0 126.0 597.0 48.0 566.0 55.0 554.0 large-vehicle 1
140.0 566.0 131.0 576.0 44.0 544.0 49.0 532.0 large-vehicle 1
55.0 906.0 55.0 916.0 35.0 917.0 34.0 909.0 small-vehicle 0
113.0 267.0 123.0 268.0 121.0 288.0 111.0 287.0 small-vehicle 0
100.0 286.0 92.0 286.0 94.0 267.0 102.0 267.0 small-vehicle 0
51.0 266.0 62.0 267.0 60.0 290.0 49.0 289.0 small-vehicle 0
784.0 984.0 785.0 972.0 838.0 972.0 838.0 984.0 large-vehicle 0
763.0 954.0 764.0 941.0 843.0 944.0 843.0 956.0 large-vehicle 0
764.0 900.0 765.0 889.0 840.0 890.0 841.0 902.0 large-vehicle 0
744.0 788.0 757.0 788.0 758.0 873.0 746.0 875.0 large-vehicle 0
768.0 821.0 768.0 810.0 847.0 811.0 848.0 820.0 large-vehicle 0
773.0 714.0 774.0 703.0 851.0 704.0 852.0 716.0 large-vehicle 0
775.0 686.0 775.0 674.0 854.0 678.0 854.0 688.0 large-vehicle 0
775.0 605.0 775.0 594.0 849.0 595.0 849.0 605.0 large-vehicle 0
848.0 527.0 848.0 537.0 766.0 539.0 765.0 527.0 large-vehicle 0
768.0 553.0 767.0 541.0 853.0 541.0 853.0 552.0 large-vehicle 0
158.0 236.0 149.0 236.0 150.0 214.0 158.0 214.0 small-vehicle 0
170.0 219.0 179.0 219.0 177.0 238.0 169.0 237.0 small-vehicle 0
191.0 236.0 183.0 236.0 183.0 214.0 191.0 215.0 small-vehicle 0
130.0 216.0 137.0 215.0 137.0 236.0 130.0 236.0 small-vehicle 0
119.0 235.0 109.0 235.0 110.0 214.0 118.0 215.0 small-vehicle 0
98.0 237.0 89.0 237.0 91.0 216.0 99.0 217.0 small-vehicle 0
49.0 214.0 57.0 215.0 56.0 234.0 48.0 233.0 small-vehicle 0
36.0 216.0 47.0 216.0 46.0 234.0 35.0 233.0 small-vehicle 0
8.0 240.0 9.0 231.0 26.0 231.0 25.0 239.0 small-vehicle 0
187.0 370.0 187.0 359.0 267.0 356.0 267.0 368.0 large-vehicle 0
