imagesource:GoogleEarth
gsd:0.259422273878
7.0 724.0 2.0 717.0 17.0 705.0 22.0 711.0 small-vehicle 1
473.0 898.0 481.0 890.0 512.0 923.0 506.0 931.0 large-vehicle 0
497.0 639.0 505.0 647.0 472.0 682.0 463.0 673.0 large-vehicle 0
455.0 643.0 463.0 651.0 429.0 686.0 420.0 678.0 large-vehicle 0
451.0 666.0 459.0 674.0 426.0 709.0 417.0 700.0 large-vehicle 0
463.0 675.0 471.0 682.0 436.0 717.0 428.0 709.0 large-vehicle 0
414.0 701.0 422.0 709.0 388.0 744.0 381.0 736.0 large-vehicle 0
423.0 711.0 431.0 720.0 397.0 754.0 389.0 746.0 large-vehicle 0
473.0 762.0 480.0 770.0 447.0 805.0 439.0 797.0 large-vehicle 0
482.0 773.0 488.0 782.0 455.0 816.0 446.0 807.0 large-vehicle 0
493.0 784.0 501.0 792.0 468.0 826.0 460.0 818.0 large-vehicle 0
502.0 792.0 510.0 800.0 477.0 834.0 469.0 826.0 large-vehicle 0
529.0 746.0 538.0 754.0 505.0 788.0 496.0 780.0 large-vehicle 0
539.0 756.0 546.0 765.0 514.0 798.0 506.0 789.0 large-vehicle 0
575.0 722.0 583.0 729.0 549.0 763.0 542.0 755.0 large-vehicle 0
622.0 692.0 630.0 700.0 597.0 734.0 590.0 728.0 large-vehicle 0
660.0 655.0 669.0 663.0 635.0 699.0 625.0 691.0 large-vehicle 0
612.0 766.0 620.0 758.0 650.0 792.0 642.0 800.0 large-vehicle 0
590.0 781.0 598.0 773.0 634.0 808.0 626.0 817.0 large-vehicle 0
563.0 811.0 573.0 804.0 604.0 836.0 596.0 845.0 large-vehicle 0
555.0 818.0 563.0 812.0 595.0 846.0 586.0 854.0 large-vehicle 0
535.0 836.0 543.0 829.0 575.0 863.0 568.0 870.0 large-vehicle 0
565.0 869.0 557.0 877.0 526.0 843.0 533.0 835.0 large-vehicle 0
519.0 855.0 528.0 847.0 559.0 880.0 552.0 887.0 large-vehicle 0
511.0 863.0 519.0 855.0 552.0 888.0 545.0 896.0 large-vehicle 0
487.0 630.0 494.0 639.0 461.0 673.0 453.0 664.0 large-vehicle 0
580.0 578.0 588.0 585.0 556.0 620.0 549.0 613.0 large-vehicle 0
569.0 261.0 576.0 268.0 542.0 302.0 534.0 294.0 large-vehicle 0
716.0 200.0 725.0 208.0 692.0 241.0 683.0 233.0 large-vehicle 0
834.0 139.0 841.0 148.0 793.0 195.0 785.0 189.0 large-vehicle 0
827.0 131.0 834.0 139.0 784.0 187.0 777.0 179.0 large-vehicle 0
806.0 134.0 814.0 141.0 763.0 191.0 756.0 183.0 large-vehicle 0
773.0 183.0 781.0 192.0 729.0 241.0 721.0 233.0 large-vehicle 0
716.0 237.0 724.0 246.0 675.0 294.0 666.0 286.0 large-vehicle 0
712.0 225.0 719.0 233.0 686.0 267.0 677.0 258.0 large-vehicle 0
752.0 186.0 759.0 194.0 724.0 229.0 716.0 221.0 large-vehicle 0
757.0 162.0 766.0 171.0 732.0 203.0 724.0 196.0 large-vehicle 0
734.0 99.0 742.0 106.0 709.0 141.0 700.0 133.0 large-vehicle 0
726.0 174.0 734.0 182.0 699.0 216.0 691.0 209.0 large-vehicle 0
680.0 237.0 688.0 244.0 656.0 277.0 648.0 270.0 large-vehicle 0
616.0 212.0 623.0 220.0 592.0 255.0 584.0 247.0 large-vehicle 0
673.0 263.0 680.0 270.0 647.0 303.0 639.0 297.0 large-vehicle 0
660.0 294.0 668.0 302.0 634.0 337.0 626.0 329.0 large-vehicle 0
594.0 340.0 601.0 349.0 570.0 381.0 561.0 372.0 large-vehicle 0
632.0 303.0 640.0 312.0 606.0 343.0 598.0 335.0 large-vehicle 0
605.0 311.0 612.0 319.0 580.0 352.0 572.0 344.0 large-vehicle 0
642.0 275.0 649.0 282.0 616.0 315.0 609.0 308.0 large-vehicle 0
647.0 250.0 654.0 259.0 622.0 292.0 614.0 285.0 large-vehicle 0
608.0 289.0 616.0 297.0 582.0 331.0 574.0 322.0 large-vehicle 0
570.0 324.0 578.0 333.0 544.0 366.0 536.0 358.0 large-vehicle 0
673.0 154.0 680.0 162.0 648.0 196.0 639.0 189.0 large-vehicle 0
504.0 872.0 512.0 866.0 543.0 897.0 535.0 905.0 large-vehicle 0
387.0 814.0 395.0 806.0 428.0 841.0 421.0 849.0 large-vehicle 0
30.0 1027.0 27.0 1035.0 9.0 1030.0 11.0 1019.0 small-vehicle 1
446.0 922.0 454.0 914.0 487.0 947.0 480.0 955.0 large-vehicle 0
329.0 793.0 337.0 785.0 369.0 819.0 361.0 827.0 large-vehicle 0
337.0 782.0 345.0 775.0 379.0 808.0 371.0 816.0 large-vehicle 0
347.0 773.0 354.0 765.0 388.0 798.0 381.0 806.0 large-vehicle 0
235.0 872.0 226.0 881.0 194.0 846.0 202.0 838.0 large-vehicle 0
245.0 863.0 236.0 872.0 203.0 839.0 212.0 830.0 large-vehicle 0
251.0 851.0 243.0 859.0 210.0 827.0 219.0 819.0 large-vehicle 0
273.0 835.0 264.0 843.0 231.0 810.0 239.0 801.0 large-vehicle 0
293.0 816.0 284.0 824.0 252.0 790.0 259.0 782.0 large-vehicle 0
290.0 751.0 297.0 744.0 330.0 778.0 324.0 786.0 large-vehicle 0
311.0 733.0 319.0 725.0 352.0 760.0 344.0 768.0 large-vehicle 0
189.0 843.0 181.0 852.0 148.0 819.0 155.0 810.0 large-vehicle 0
198.0 835.0 191.0 843.0 158.0 809.0 167.0 801.0 large-vehicle 0
217.0 817.0 208.0 824.0 178.0 790.0 186.0 782.0 large-vehicle 0
237.0 796.0 228.0 804.0 196.0 771.0 204.0 763.0 large-vehicle 0
246.0 786.0 237.0 794.0 205.0 761.0 213.0 753.0 large-vehicle 0
257.0 778.0 250.0 786.0 217.0 752.0 225.0 743.0 large-vehicle 0
266.0 767.0 257.0 775.0 225.0 743.0 234.0 734.0 large-vehicle 0
274.0 759.0 267.0 766.0 236.0 733.0 243.0 725.0 large-vehicle 0
208.0 686.0 216.0 679.0 248.0 711.0 241.0 720.0 large-vehicle 0
239.0 720.0 231.0 728.0 197.0 696.0 204.0 688.0 large-vehicle 0
220.0 742.0 213.0 750.0 178.0 717.0 186.0 709.0 large-vehicle 0
163.0 796.0 155.0 804.0 122.0 771.0 129.0 764.0 large-vehicle 0
151.0 806.0 143.0 813.0 110.0 781.0 118.0 773.0 large-vehicle 0
289.0 890.0 281.0 899.0 249.0 865.0 256.0 858.0 large-vehicle 0
282.0 902.0 273.0 910.0 241.0 877.0 248.0 870.0 large-vehicle 0
269.0 908.0 261.0 916.0 228.0 883.0 236.0 876.0 large-vehicle 0
367.0 1039.0 375.0 1032.0 394.0 1054.0 387.0 1062.0 large-vehicle 0
440.0 932.0 448.0 925.0 478.0 957.0 470.0 963.0 large-vehicle 0
431.0 941.0 440.0 933.0 474.0 968.0 464.0 976.0 large-vehicle 0
421.0 951.0 429.0 942.0 464.0 977.0 456.0 985.0 large-vehicle 0
412.0 958.0 420.0 951.0 454.0 986.0 446.0 994.0 large-vehicle 0
428.0 994.0 436.0 987.0 468.0 1020.0 460.0 1027.0 large-vehicle 0
418.0 1004.0 426.0 997.0 456.0 1031.0 448.0 1039.0 large-vehicle 0
356.0 900.0 348.0 907.0 315.0 875.0 323.0 867.0 large-vehicle 0
390.0 1029.0 397.0 1022.0 430.0 1054.0 422.0 1063.0 large-vehicle 0
382.0 1036.0 390.0 1030.0 422.0 1064.0 414.0 1072.0 large-vehicle 0
349.0 1001.0 357.0 994.0 388.0 1027.0 381.0 1035.0 large-vehicle 0
314.0 1042.0 323.0 1034.0 356.0 1067.0 350.0 1076.0 large-vehicle 0
265.0 923.0 256.0 932.0 224.0 899.0 232.0 890.0 large-vehicle 0
359.0 1051.0 366.0 1044.0 387.0 1066.0 382.0 1073.0 large-vehicle 0
333.0 1022.0 340.0 1015.0 363.0 1040.0 355.0 1047.0 large-vehicle 0
340.0 1009.0 348.0 1002.0 370.0 1027.0 363.0 1034.0 large-vehicle 0
330.0 1037.0 337.0 1031.0 370.0 1063.0 363.0 1071.0 large-vehicle 0
366.0 830.0 374.0 822.0 409.0 856.0 402.0 864.0 large-vehicle 0
393.0 930.0 382.0 932.0 368.0 889.0 378.0 886.0 large-vehicle 0
300.0 958.0 291.0 967.0 260.0 933.0 268.0 925.0 large-vehicle 0
309.0 949.0 301.0 958.0 269.0 924.0 277.0 917.0 large-vehicle 0
329.0 931.0 321.0 939.0 289.0 905.0 298.0 897.0 large-vehicle 0
337.0 920.0 329.0 928.0 297.0 894.0 305.0 887.0 large-vehicle 0
842.0 148.0 849.0 156.0 801.0 204.0 792.0 196.0 large-vehicle 0
788.0 200.0 796.0 209.0 745.0 257.0 738.0 249.0 large-vehicle 0
734.0 253.0 742.0 262.0 691.0 312.0 683.0 303.0 large-vehicle 0
814.0 108.0 821.0 117.0 771.0 166.0 762.0 157.0 large-vehicle 0
94.0 1028.0 104.0 1024.0 108.0 1041.0 98.0 1045.0 small-vehicle 0
48.0 1064.0 58.0 1060.0 66.0 1081.0 56.0 1084.0 small-vehicle 0
32.0 1086.0 42.0 1082.0 49.0 1102.0 38.0 1106.0 small-vehicle 0
27.0 1037.0 23.0 1047.0 5.0 1039.0 10.0 1029.0 small-vehicle 0
49.0 1012.0 47.0 1020.0 28.0 1014.0 31.0 1006.0 small-vehicle 0
95.0 995.0 89.0 988.0 103.0 974.0 109.0 981.0 small-vehicle 0
79.0 980.0 72.0 974.0 85.0 958.0 91.0 965.0 small-vehicle 0
73.0 974.0 66.0 967.0 79.0 953.0 86.0 960.0 small-vehicle 0
9.0 903.0 16.0 896.0 28.0 912.0 21.0 918.0 small-vehicle 0
23.0 888.0 33.0 881.0 44.0 896.0 35.0 902.0 small-vehicle 0
64.0 965.0 58.0 958.0 72.0 944.0 78.0 952.0 small-vehicle 0
131.0 945.0 125.0 938.0 137.0 925.0 143.0 931.0 small-vehicle 0
115.0 878.0 108.0 886.0 92.0 869.0 99.0 863.0 small-vehicle 0
75.0 897.0 65.0 888.0 82.0 869.0 92.0 878.0 small-vehicle 0
681.0 549.0 672.0 541.0 707.0 506.0 714.0 515.0 large-vehicle 0
699.0 547.0 692.0 538.0 741.0 489.0 749.0 497.0 large-vehicle 0
722.0 508.0 712.0 500.0 740.0 470.0 749.0 479.0 large-vehicle 0
712.0 500.0 703.0 490.0 732.0 460.0 741.0 468.0 large-vehicle 0
702.0 489.0 694.0 482.0 725.0 450.0 732.0 458.0 large-vehicle 0
672.0 539.0 665.0 532.0 698.0 499.0 705.0 507.0 large-vehicle 0
665.0 530.0 657.0 522.0 687.0 490.0 695.0 498.0 large-vehicle 0
801.0 49.0 793.0 41.0 832.0 1.0 841.0 8.0 large-vehicle 0
875.0 27.0 883.0 35.0 835.0 85.0 827.0 76.0 large-vehicle 0
224.0 1088.0 218.0 1097.0 202.0 1080.0 210.0 1073.0 small-vehicle 0
240.0 1105.0 233.0 1112.0 217.0 1097.0 224.0 1090.0 small-vehicle 0
249.0 1098.0 240.0 1106.0 224.0 1088.0 232.0 1081.0 small-vehicle 0
149.0 152.0 152.0 142.0 170.0 149.0 167.0 158.0 small-vehicle 0
19.0 980.0 12.0 984.0 6.0 964.0 14.0 961.0 small-vehicle 1
270.0 1050.0 260.0 1042.0 274.0 1026.0 283.0 1034.0 small-vehicle 1
143.0 103.0 133.0 106.0 127.0 86.0 137.0 83.0 small-vehicle 1
1011.0 30.0 999.0 26.0 1007.0 5.0 1019.0 9.0 small-vehicle 1
99.0 915.0 91.0 906.0 107.0 889.0 114.0 898.0 small-vehicle 1
72.0 1043.0 84.0 1038.0 90.0 1058.0 79.0 1062.0 small-vehicle 1
99.0 1050.0 89.0 1055.0 82.0 1033.0 93.0 1030.0 small-vehicle 1
348.0 163.0 337.0 153.0 352.0 140.0 363.0 149.0 small-vehicle 1
126.0 35.0 118.0 27.0 133.0 15.0 140.0 23.0 small-vehicle 1
276.0 103.0 271.0 97.0 282.0 87.0 287.0 93.0 small-vehicle 1
156.0 143.0 160.0 134.0 178.0 140.0 175.0 148.0 small-vehicle 0
258.0 1013.0 265.0 1021.0 252.0 1035.0 243.0 1028.0 small-vehicle 0
172.0 104.0 175.0 94.0 194.0 101.0 191.0 109.0 small-vehicle 0
186.0 120.0 189.0 109.0 208.0 117.0 205.0 125.0 small-vehicle 0
65.0 92.0 58.0 82.0 74.0 70.0 79.0 79.0 small-vehicle 0
145.0 49.0 136.0 42.0 150.0 28.0 157.0 36.0 small-vehicle 0
124.0 66.0 118.0 57.0 131.0 46.0 137.0 54.0 small-vehicle 0
114.0 63.0 123.0 71.0 110.0 86.0 102.0 80.0 small-vehicle 0
203.0 89.0 202.0 96.0 183.0 94.0 184.0 87.0 small-vehicle 0
250.0 1123.0 256.0 1129.0 244.0 1142.0 239.0 1136.0 small-vehicle 0
219.0 1127.0 227.0 1133.0 211.0 1148.0 206.0 1142.0 small-vehicle 0
214.0 1120.0 220.0 1126.0 206.0 1139.0 201.0 1132.0 small-vehicle 0
888.0 52.0 896.0 60.0 866.0 92.0 857.0 84.0 large-vehicle 0
850.0 71.0 858.0 79.0 826.0 113.0 818.0 105.0 large-vehicle 0
849.0 92.0 856.0 100.0 823.0 133.0 816.0 126.0 large-vehicle 0
714.0 341.0 722.0 348.0 689.0 380.0 681.0 373.0 large-vehicle 0
775.0 248.0 783.0 255.0 750.0 289.0 742.0 281.0 large-vehicle 0
764.0 241.0 773.0 249.0 740.0 283.0 731.0 275.0 large-vehicle 0
728.0 278.0 735.0 286.0 702.0 319.0 694.0 312.0 large-vehicle 0
739.0 284.0 747.0 293.0 714.0 326.0 706.0 318.0 large-vehicle 0
745.0 295.0 754.0 304.0 721.0 337.0 713.0 329.0 large-vehicle 0
759.0 307.0 769.0 316.0 736.0 350.0 728.0 343.0 large-vehicle 0
795.0 327.0 803.0 335.0 771.0 370.0 762.0 362.0 large-vehicle 0
690.0 315.0 699.0 323.0 663.0 356.0 656.0 347.0 large-vehicle 0
701.0 323.0 708.0 330.0 675.0 361.0 667.0 354.0 large-vehicle 0
707.0 332.0 715.0 340.0 681.0 372.0 673.0 363.0 large-vehicle 0
714.0 356.0 722.0 364.0 687.0 399.0 679.0 391.0 large-vehicle 0
776.0 310.0 767.0 303.0 798.0 270.0 806.0 277.0 large-vehicle 0
723.0 366.0 730.0 374.0 698.0 407.0 689.0 399.0 large-vehicle 0
686.0 403.0 694.0 411.0 648.0 462.0 640.0 455.0 large-vehicle 0
677.0 393.0 685.0 401.0 651.0 434.0 643.0 427.0 large-vehicle 0
676.0 377.0 684.0 384.0 651.0 417.0 643.0 410.0 large-vehicle 0
670.0 367.0 678.0 375.0 644.0 407.0 637.0 400.0 large-vehicle 0
663.0 357.0 671.0 366.0 636.0 399.0 629.0 391.0 large-vehicle 0
653.0 350.0 661.0 359.0 626.0 392.0 617.0 384.0 large-vehicle 0
624.0 394.0 632.0 403.0 599.0 436.0 591.0 428.0 large-vehicle 0
822.0 80.0 829.0 88.0 781.0 138.0 772.0 129.0 large-vehicle 0
787.0 44.0 794.0 52.0 745.0 102.0 738.0 94.0 large-vehicle 0
759.0 297.0 751.0 289.0 783.0 256.0 790.0 264.0 large-vehicle 0
836.0 291.0 841.0 297.0 809.0 329.0 803.0 323.0 large-vehicle 0
884.0 79.0 893.0 87.0 840.0 133.0 832.0 126.0 large-vehicle 0
815.0 208.0 807.0 201.0 839.0 169.0 846.0 177.0 large-vehicle 0
926.0 138.0 934.0 146.0 902.0 177.0 894.0 171.0 large-vehicle 0
981.0 83.0 989.0 90.0 939.0 141.0 930.0 132.0 large-vehicle 0
990.0 92.0 997.0 100.0 966.0 135.0 958.0 126.0 large-vehicle 0
1001.0 108.0 1009.0 116.0 975.0 149.0 966.0 141.0 large-vehicle 0
1011.0 119.0 1019.0 126.0 986.0 159.0 977.0 151.0 large-vehicle 0
962.0 145.0 969.0 153.0 936.0 183.0 929.0 176.0 large-vehicle 0
929.0 168.0 922.0 161.0 955.0 129.0 962.0 137.0 large-vehicle 0
897.0 204.0 888.0 197.0 918.0 163.0 927.0 171.0 large-vehicle 0
872.0 192.0 863.0 184.0 894.0 149.0 903.0 156.0 large-vehicle 0
860.0 181.0 852.0 173.0 887.0 138.0 895.0 146.0 large-vehicle 0
850.0 176.0 857.0 184.0 826.0 215.0 819.0 208.0 large-vehicle 0
851.0 255.0 859.0 263.0 826.0 296.0 818.0 288.0 large-vehicle 0
860.0 187.0 867.0 195.0 836.0 227.0 827.0 220.0 large-vehicle 0
878.0 187.0 886.0 195.0 853.0 229.0 844.0 221.0 large-vehicle 0
939.0 202.0 932.0 196.0 963.0 162.0 972.0 169.0 large-vehicle 0
923.0 180.0 931.0 188.0 898.0 221.0 890.0 214.0 large-vehicle 0
886.0 201.0 894.0 207.0 861.0 241.0 853.0 233.0 large-vehicle 0
892.0 249.0 884.0 241.0 916.0 208.0 924.0 217.0 large-vehicle 0
776.0 245.0 768.0 237.0 802.0 204.0 810.0 214.0 large-vehicle 0
793.0 255.0 783.0 248.0 815.0 212.0 823.0 220.0 large-vehicle 0
800.0 266.0 792.0 258.0 824.0 224.0 833.0 232.0 large-vehicle 0
873.0 252.0 880.0 260.0 849.0 292.0 842.0 285.0 large-vehicle 0
92.0 748.0 84.0 741.0 119.0 708.0 126.0 715.0 large-vehicle 0
