imagesource:GoogleEarth
gsd:0.265778990894
816.0 327.0 809.0 321.0 825.0 310.0 832.0 316.0 large-vehicle 0
670.0 760.0 711.0 758.0 716.0 846.0 676.0 849.0 tennis-court 0
598.0 490.0 638.0 487.0 644.0 576.0 603.0 578.0 tennis-court 0
652.0 486.0 693.0 483.0 698.0 572.0 658.0 575.0 tennis-court 0
606.0 626.0 647.0 624.0 653.0 712.0 612.0 715.0 tennis-court 0
661.0 623.0 702.0 621.0 707.0 709.0 667.0 712.0 tennis-court 0
716.0 620.0 757.0 617.0 763.0 705.0 722.0 708.0 tennis-court 0
615.0 763.0 656.0 761.0 661.0 850.0 621.0 852.0 tennis-court 0
725.0 756.0 766.0 754.0 771.0 843.0 730.0 846.0 tennis-court 0
362.0 1078.0 375.0 1072.0 388.0 1106.0 376.0 1112.0 large-vehicle 0
217.0 297.0 508.0 278.0 556.0 969.0 266.0 989.0 ground-track-field 0
34.0 357.0 25.0 356.0 29.0 337.0 38.0 339.0 small-vehicle 1
38.0 999.0 48.0 992.0 61.0 1011.0 53.0 1017.0 small-vehicle 1
71.0 1040.0 79.0 1035.0 91.0 1053.0 83.0 1058.0 small-vehicle 1
307.0 1058.0 304.0 1047.0 327.0 1038.0 331.0 1048.0 small-vehicle 1
366.0 1109.0 355.0 1113.0 347.0 1089.0 360.0 1084.0 small-vehicle 1
627.0 362.0 511.0 253.0 624.0 140.0 737.0 250.0 baseball-diamond 0
