imagesource:GoogleEarth
gsd:0.265874500601
773.0 979.0 766.0 974.0 778.0 956.0 786.0 961.0 small-vehicle 1
21.0 212.0 28.0 203.0 39.0 215.0 32.0 222.0 small-vehicle 1
50.0 714.0 66.0 726.0 40.0 757.0 24.0 745.0 tennis-court 0
629.0 730.0 642.0 715.0 673.0 741.0 660.0 756.0 tennis-court 0
540.0 467.0 571.0 493.0 513.0 562.0 481.0 535.0 tennis-court 0
484.0 421.0 516.0 448.0 461.0 512.0 429.0 486.0 tennis-court 0
429.0 375.0 461.0 401.0 409.0 462.0 377.0 436.0 tennis-court 0
379.0 333.0 402.0 351.0 346.0 417.0 323.0 398.0 tennis-court 1
546.0 119.0 577.0 144.0 520.0 213.0 489.0 186.0 tennis-court 1
601.0 165.0 632.0 191.0 574.0 257.0 544.0 233.0 tennis-court 1
656.0 211.0 688.0 237.0 630.0 304.0 599.0 280.0 tennis-court 1
433.0 199.0 463.0 225.0 406.0 293.0 374.0 266.0 tennis-court 0
766.0 301.0 800.0 329.0 741.0 399.0 706.0 371.0 tennis-court 1
723.0 89.0 757.0 118.0 697.0 188.0 663.0 159.0 tennis-court 1
779.0 135.0 813.0 166.0 753.0 234.0 719.0 205.0 tennis-court 1
64.0 32.0 58.0 26.0 70.0 15.0 75.0 21.0 small-vehicle 1
95.0 23.0 101.0 28.0 91.0 42.0 84.0 36.0 small-vehicle 1
112.0 4.0 118.0 10.0 104.0 23.0 98.0 19.0 small-vehicle 1
60.0 61.0 69.0 66.0 56.0 82.0 48.0 77.0 small-vehicle 1
19.0 85.0 12.0 79.0 25.0 66.0 31.0 72.0 small-vehicle 1
21.0 122.0 15.0 116.0 27.0 100.0 35.0 107.0 small-vehicle 1
594.0 513.0 626.0 540.0 570.0 606.0 539.0 580.0 tennis-court 0
650.0 560.0 680.0 584.0 623.0 653.0 593.0 629.0 tennis-court 0
707.0 430.0 738.0 456.0 682.0 524.0 650.0 498.0 tennis-court 0
251.0 801.0 283.0 827.0 225.0 895.0 195.0 869.0 tennis-court 0
133.0 519.0 164.0 544.0 106.0 612.0 75.0 586.0 tennis-court 0
183.0 561.0 213.0 587.0 155.0 653.0 124.0 627.0 tennis-court 0
232.0 603.0 262.0 629.0 204.0 696.0 174.0 670.0 tennis-court 0
290.0 651.0 321.0 677.0 263.0 745.0 232.0 719.0 tennis-court 0
342.0 694.0 372.0 720.0 314.0 788.0 283.0 762.0 tennis-court 0
392.0 737.0 423.0 763.0 365.0 831.0 334.0 805.0 tennis-court 0
131.0 700.0 162.0 726.0 105.0 794.0 73.0 768.0 tennis-court 0
303.0 844.0 333.0 870.0 276.0 938.0 246.0 912.0 tennis-court 0
200.0 759.0 232.0 784.0 174.0 852.0 143.0 826.0 tennis-court 0
652.0 384.0 683.0 410.0 626.0 478.0 595.0 452.0 tennis-court 0
487.0 245.0 518.0 271.0 461.0 339.0 430.0 313.0 tennis-court 0
481.0 631.0 513.0 658.0 454.0 725.0 423.0 700.0 tennis-court 0
431.0 589.0 462.0 615.0 404.0 682.0 373.0 656.0 tennis-court 0
323.0 496.0 353.0 523.0 296.0 590.0 265.0 564.0 tennis-court 0
381.0 546.0 412.0 572.0 354.0 640.0 323.0 613.0 tennis-court 0
273.0 454.0 304.0 480.0 246.0 548.0 215.0 522.0 tennis-court 0
543.0 291.0 573.0 317.0 516.0 385.0 485.0 360.0 tennis-court 0
597.0 338.0 628.0 364.0 571.0 432.0 540.0 406.0 tennis-court 0
21.0 201.0 17.0 207.0 4.0 198.0 9.0 190.0 small-vehicle 1
259.0 270.0 252.0 265.0 264.0 249.0 273.0 254.0 small-vehicle 1
820.0 917.0 813.0 912.0 825.0 893.0 833.0 899.0 small-vehicle 1
310.0 212.0 303.0 205.0 313.0 194.0 321.0 199.0 small-vehicle 1
547.0 719.0 554.0 725.0 545.0 737.0 539.0 733.0 small-vehicle 1
397.0 910.0 407.0 915.0 392.0 933.0 385.0 927.0 small-vehicle 1
422.0 932.0 430.0 937.0 419.0 956.0 412.0 952.0 small-vehicle 1
435.0 940.0 441.0 945.0 431.0 962.0 424.0 957.0 small-vehicle 1
448.0 974.0 441.0 969.0 453.0 955.0 460.0 960.0 small-vehicle 1
461.0 981.0 455.0 975.0 466.0 963.0 472.0 967.0 small-vehicle 1
544.0 1090.0 539.0 1097.0 523.0 1086.0 528.0 1078.0 small-vehicle 1
51.0 1033.0 44.0 1041.0 29.0 1028.0 35.0 1020.0 small-vehicle 1
419.0 862.0 414.0 869.0 400.0 859.0 406.0 851.0 small-vehicle 1
586.0 1063.0 578.0 1058.0 590.0 1042.0 597.0 1047.0 small-vehicle 1
588.0 996.0 584.0 1004.0 569.0 994.0 574.0 985.0 small-vehicle 1
677.0 1105.0 670.0 1100.0 682.0 1083.0 688.0 1088.0 small-vehicle 1
697.0 1097.0 691.0 1092.0 703.0 1074.0 711.0 1080.0 small-vehicle 1
716.0 1055.0 708.0 1050.0 721.0 1031.0 728.0 1036.0 small-vehicle 1
732.0 1053.0 723.0 1046.0 736.0 1032.0 743.0 1037.0 small-vehicle 1
830.0 557.0 822.0 551.0 832.0 536.0 840.0 542.0 small-vehicle 1
746.0 1014.0 738.0 1011.0 749.0 995.0 757.0 999.0 small-vehicle 1
787.0 960.0 779.0 955.0 793.0 936.0 801.0 941.0 small-vehicle 1
809.0 956.0 802.0 950.0 813.0 934.0 821.0 939.0 small-vehicle 1
422.0 113.0 427.0 118.0 418.0 129.0 412.0 125.0 small-vehicle 1
354.0 950.0 348.0 958.0 334.0 948.0 339.0 939.0 small-vehicle 1
252.0 1053.0 259.0 1045.0 275.0 1056.0 268.0 1064.0 small-vehicle 1
8.0 570.0 2.0 562.0 15.0 549.0 21.0 556.0 small-vehicle 1
329.0 188.0 323.0 184.0 332.0 171.0 339.0 176.0 small-vehicle 1
379.0 128.0 370.0 123.0 383.0 109.0 388.0 114.0 small-vehicle 1
395.0 108.0 388.0 103.0 399.0 87.0 407.0 94.0 small-vehicle 1
414.0 86.0 404.0 81.0 421.0 63.0 427.0 70.0 small-vehicle 1
104.0 453.0 97.0 447.0 107.0 435.0 112.0 442.0 small-vehicle 1
118.0 440.0 112.0 432.0 124.0 418.0 130.0 425.0 small-vehicle 1
46.0 521.0 41.0 514.0 52.0 503.0 58.0 509.0 small-vehicle 1
27.0 547.0 19.0 542.0 34.0 523.0 43.0 531.0 small-vehicle 1
32.0 787.0 40.0 778.0 54.0 791.0 48.0 799.0 small-vehicle 1
237.0 1076.0 241.0 1070.0 256.0 1082.0 250.0 1088.0 small-vehicle 1
29.0 829.0 24.0 836.0 7.0 823.0 14.0 816.0 small-vehicle 1
77.0 999.0 72.0 1006.0 57.0 995.0 64.0 989.0 small-vehicle 1
65.0 1017.0 58.0 1023.0 42.0 1010.0 50.0 1002.0 small-vehicle 1
25.0 989.0 19.0 996.0 6.0 984.0 12.0 977.0 small-vehicle 1
41.0 1053.0 34.0 1058.0 19.0 1045.0 23.0 1038.0 small-vehicle 1
30.0 1058.0 24.0 1067.0 10.0 1052.0 16.0 1043.0 small-vehicle 1
24.0 1065.0 18.0 1075.0 3.0 1062.0 8.0 1053.0 small-vehicle 1
229.0 1084.0 235.0 1076.0 250.0 1088.0 244.0 1094.0 small-vehicle 1
223.0 412.0 254.0 439.0 196.0 505.0 166.0 479.0 tennis-court 0
