imagesource:GoogleEarth
gsd:null
503.0 54.0 511.0 56.0 506.0 72.0 499.0 67.0 small-vehicle 1
377.0 302.0 387.0 305.0 382.0 322.0 371.0 320.0 small-vehicle 1
357.0 403.0 366.0 405.0 361.0 422.0 352.0 420.0 small-vehicle 1
365.0 384.0 375.0 386.0 369.0 404.0 360.0 401.0 small-vehicle 1
374.0 364.0 384.0 367.0 377.0 385.0 368.0 383.0 small-vehicle 1
385.0 338.0 394.0 339.0 389.0 357.0 379.0 355.0 small-vehicle 1
395.0 320.0 403.0 323.0 398.0 336.0 391.0 334.0 small-vehicle 1
303.0 387.0 296.0 383.0 303.0 367.0 312.0 371.0 small-vehicle 1
315.0 363.0 306.0 359.0 313.0 343.0 322.0 346.0 small-vehicle 1
322.0 345.0 313.0 340.0 321.0 321.0 330.0 325.0 small-vehicle 1
350.0 284.0 341.0 281.0 349.0 263.0 359.0 265.0 small-vehicle 1
342.0 302.0 333.0 299.0 337.0 282.0 346.0 284.0 small-vehicle 1
333.0 320.0 325.0 316.0 331.0 299.0 340.0 302.0 small-vehicle 1
401.0 295.0 410.0 296.0 408.0 312.0 398.0 311.0 small-vehicle 1
337.0 401.0 346.0 403.0 342.0 419.0 333.0 417.0 small-vehicle 1
412.0 271.0 422.0 273.0 416.0 290.0 406.0 288.0 small-vehicle 1
422.0 251.0 430.0 252.0 426.0 268.0 418.0 266.0 small-vehicle 1
430.0 233.0 439.0 236.0 433.0 253.0 424.0 250.0 small-vehicle 1
370.0 230.0 359.0 227.0 367.0 210.0 377.0 213.0 small-vehicle 1
376.0 213.0 367.0 210.0 377.0 192.0 385.0 195.0 small-vehicle 1
390.0 187.0 380.0 183.0 389.0 163.0 398.0 167.0 small-vehicle 1
229.0 296.0 277.0 306.0 245.0 386.0 197.0 374.0 tennis-court 0
166.0 281.0 215.0 293.0 183.0 370.0 134.0 359.0 tennis-court 0
102.0 265.0 152.0 277.0 120.0 356.0 68.0 344.0 tennis-court 0
279.0 177.0 329.0 189.0 295.0 268.0 245.0 256.0 tennis-court 0
214.0 163.0 264.0 174.0 233.0 253.0 184.0 241.0 tennis-court 0
350.0 423.0 358.0 424.0 354.0 441.0 345.0 439.0 small-vehicle 1
196.0 409.0 193.0 417.0 175.0 413.0 178.0 405.0 small-vehicle 1
448.0 193.0 456.0 195.0 450.0 213.0 442.0 210.0 small-vehicle 1
334.0 467.0 344.0 469.0 338.0 487.0 329.0 484.0 small-vehicle 1
440.0 212.0 448.0 214.0 441.0 236.0 433.0 233.0 small-vehicle 1
465.0 150.0 474.0 154.0 466.0 172.0 458.0 168.0 small-vehicle 1
473.0 130.0 482.0 132.0 474.0 152.0 466.0 149.0 small-vehicle 1
479.0 110.0 488.0 113.0 482.0 132.0 473.0 129.0 small-vehicle 1
488.0 91.0 495.0 94.0 489.0 110.0 480.0 106.0 small-vehicle 1
497.0 71.0 505.0 74.0 498.0 92.0 489.0 88.0 small-vehicle 1
402.0 153.0 394.0 150.0 401.0 132.0 409.0 134.0 small-vehicle 1
428.0 83.0 418.0 79.0 426.0 63.0 435.0 65.0 small-vehicle 1
440.0 59.0 431.0 56.0 437.0 37.0 447.0 39.0 small-vehicle 1
479.0 57.0 486.0 58.0 481.0 74.0 473.0 71.0 small-vehicle 1
339.0 447.0 349.0 449.0 345.0 467.0 335.0 464.0 small-vehicle 1
283.0 443.0 273.0 441.0 279.0 425.0 289.0 427.0 small-vehicle 1
165.0 428.0 169.0 420.0 189.0 426.0 186.0 434.0 small-vehicle 1
249.0 422.0 246.0 431.0 225.0 426.0 228.0 417.0 small-vehicle 1
245.0 434.0 243.0 443.0 225.0 441.0 226.0 431.0 small-vehicle 1
257.0 483.0 268.0 486.0 260.0 504.0 251.0 501.0 small-vehicle 1
220.0 504.0 217.0 511.0 196.0 506.0 198.0 499.0 small-vehicle 1
223.0 496.0 221.0 503.0 201.0 499.0 202.0 492.0 small-vehicle 1
203.0 491.0 205.0 482.0 226.0 487.0 224.0 495.0 small-vehicle 1
215.0 463.0 216.0 455.0 233.0 460.0 232.0 467.0 small-vehicle 1
208.0 482.0 208.0 475.0 228.0 478.0 227.0 486.0 small-vehicle 1
145.0 488.0 147.0 478.0 169.0 483.0 167.0 492.0 small-vehicle 1
153.0 471.0 155.0 463.0 178.0 470.0 174.0 478.0 small-vehicle 1
154.0 463.0 155.0 455.0 176.0 458.0 175.0 466.0 small-vehicle 1
152.0 147.0 201.0 159.0 168.0 239.0 120.0 227.0 tennis-court 0
