imagesource:GoogleEarth
gsd:0.263363371676
82.0 518.0 92.0 519.0 92.0 541.0 82.0 541.0 small-vehicle 1
630.0 569.0 630.0 579.0 572.0 578.0 573.0 568.0 large-vehicle 0
630.0 595.0 630.0 604.0 575.0 603.0 575.0 593.0 large-vehicle 0
629.0 622.0 629.0 632.0 572.0 629.0 573.0 617.0 large-vehicle 0
634.0 608.0 634.0 617.0 573.0 616.0 573.0 606.0 large-vehicle 0
632.0 635.0 631.0 644.0 573.0 641.0 573.0 631.0 large-vehicle 0
635.0 647.0 636.0 658.0 568.0 656.0 568.0 646.0 large-vehicle 0
737.0 743.0 737.0 732.0 795.0 733.0 795.0 744.0 large-vehicle 0
737.0 687.0 737.0 677.0 791.0 676.0 792.0 687.0 large-vehicle 0
736.0 675.0 736.0 664.0 797.0 663.0 797.0 674.0 large-vehicle 0
741.0 659.0 741.0 650.0 797.0 649.0 797.0 659.0 large-vehicle 0
737.0 645.0 737.0 636.0 794.0 635.0 795.0 646.0 large-vehicle 0
740.0 630.0 740.0 621.0 795.0 622.0 795.0 632.0 large-vehicle 0
741.0 616.0 741.0 607.0 798.0 606.0 798.0 616.0 large-vehicle 0
740.0 602.0 740.0 593.0 799.0 594.0 798.0 603.0 large-vehicle 0
742.0 591.0 742.0 580.0 798.0 578.0 798.0 589.0 large-vehicle 0
737.0 563.0 736.0 553.0 798.0 553.0 798.0 563.0 large-vehicle 0
739.0 549.0 739.0 538.0 801.0 538.0 801.0 548.0 large-vehicle 0
742.0 536.0 741.0 525.0 796.0 524.0 796.0 535.0 large-vehicle 0
639.0 583.0 638.0 594.0 574.0 592.0 574.0 581.0 large-vehicle 0
636.0 538.0 637.0 548.0 577.0 546.0 577.0 536.0 large-vehicle 0
253.0 767.0 263.0 766.0 261.0 784.0 252.0 783.0 small-vehicle 0
639.0 525.0 639.0 535.0 576.0 533.0 576.0 523.0 large-vehicle 0
151.0 321.0 150.0 332.0 84.0 324.0 85.0 314.0 large-vehicle 0
154.0 335.0 152.0 346.0 90.0 340.0 90.0 331.0 large-vehicle 0
162.0 349.0 161.0 359.0 93.0 353.0 95.0 342.0 large-vehicle 0
157.0 362.0 155.0 373.0 99.0 369.0 100.0 359.0 large-vehicle 0
163.0 376.0 161.0 387.0 104.0 381.0 107.0 371.0 large-vehicle 0
157.0 387.0 156.0 397.0 86.0 395.0 86.0 384.0 large-vehicle 0
167.0 399.0 167.0 408.0 109.0 409.0 110.0 398.0 large-vehicle 0
135.0 412.0 134.0 421.0 69.0 420.0 70.0 410.0 large-vehicle 0
201.0 413.0 199.0 423.0 145.0 422.0 146.0 412.0 large-vehicle 0
282.0 582.0 282.0 572.0 320.0 573.0 319.0 583.0 large-vehicle 0
214.0 61.0 215.0 69.0 186.0 70.0 186.0 61.0 large-vehicle 0
280.0 595.0 279.0 585.0 321.0 586.0 321.0 597.0 large-vehicle 0
276.0 608.0 275.0 596.0 311.0 598.0 311.0 609.0 large-vehicle 0
278.0 621.0 278.0 611.0 315.0 611.0 315.0 621.0 large-vehicle 0
278.0 636.0 279.0 625.0 320.0 629.0 318.0 639.0 large-vehicle 0
646.0 496.0 647.0 506.0 589.0 509.0 588.0 499.0 large-vehicle 0
635.0 511.0 635.0 521.0 578.0 519.0 578.0 510.0 large-vehicle 0
743.0 521.0 743.0 511.0 802.0 512.0 801.0 521.0 large-vehicle 0
839.0 428.0 839.0 438.0 807.0 438.0 807.0 427.0 large-vehicle 0
853.0 417.0 843.0 418.0 839.0 370.0 850.0 369.0 large-vehicle 0
876.0 526.0 876.0 536.0 816.0 535.0 816.0 526.0 large-vehicle 0
128.0 240.0 128.0 251.0 101.0 250.0 102.0 239.0 small-vehicle 0
128.0 227.0 128.0 238.0 100.0 238.0 100.0 227.0 small-vehicle 0
128.0 214.0 128.0 224.0 103.0 223.0 103.0 213.0 small-vehicle 0
134.0 201.0 135.0 212.0 104.0 211.0 106.0 200.0 small-vehicle 0
135.0 189.0 133.0 199.0 108.0 198.0 108.0 186.0 small-vehicle 0
137.0 174.0 136.0 186.0 110.0 185.0 110.0 173.0 small-vehicle 0
138.0 161.0 137.0 172.0 111.0 171.0 111.0 160.0 small-vehicle 0
141.0 148.0 139.0 160.0 113.0 157.0 114.0 147.0 small-vehicle 0
140.0 136.0 140.0 147.0 114.0 145.0 115.0 134.0 small-vehicle 0
143.0 123.0 141.0 133.0 114.0 130.0 115.0 120.0 small-vehicle 0
144.0 109.0 142.0 120.0 116.0 117.0 118.0 107.0 small-vehicle 0
32.0 701.0 42.0 706.0 32.0 725.0 23.0 721.0 small-vehicle 0
42.0 705.0 54.0 706.0 52.0 727.0 40.0 727.0 small-vehicle 0
68.0 706.0 76.0 705.0 74.0 724.0 67.0 723.0 small-vehicle 0
78.0 711.0 87.0 710.0 86.0 729.0 78.0 728.0 small-vehicle 0
101.0 708.0 110.0 709.0 108.0 732.0 100.0 731.0 small-vehicle 0
138.0 764.0 147.0 765.0 145.0 785.0 136.0 784.0 small-vehicle 0
127.0 253.0 127.0 264.0 100.0 262.0 101.0 252.0 small-vehicle 0
122.0 293.0 122.0 304.0 96.0 304.0 96.0 293.0 small-vehicle 0
203.0 207.0 202.0 217.0 180.0 216.0 181.0 205.0 small-vehicle 0
213.0 109.0 213.0 118.0 194.0 117.0 195.0 108.0 small-vehicle 0
873.0 536.0 873.0 546.0 814.0 547.0 813.0 536.0 large-vehicle 0
868.0 551.0 868.0 560.0 809.0 561.0 808.0 551.0 large-vehicle 0
869.0 577.0 869.0 587.0 810.0 586.0 810.0 575.0 large-vehicle 0
864.0 594.0 865.0 603.0 811.0 602.0 811.0 592.0 large-vehicle 0
865.0 607.0 866.0 616.0 808.0 617.0 807.0 607.0 large-vehicle 0
879.0 514.0 879.0 523.0 810.0 522.0 809.0 511.0 large-vehicle 0
873.0 565.0 873.0 575.0 817.0 573.0 817.0 561.0 large-vehicle 0
214.0 73.0 214.0 84.0 193.0 83.0 192.0 72.0 small-vehicle 0
208.0 193.0 208.0 202.0 186.0 202.0 186.0 193.0 small-vehicle 0
214.0 85.0 213.0 95.0 191.0 93.0 191.0 84.0 small-vehicle 0
211.0 119.0 211.0 129.0 189.0 128.0 189.0 118.0 small-vehicle 0
212.0 139.0 211.0 150.0 187.0 148.0 188.0 137.0 small-vehicle 0
211.0 151.0 210.0 159.0 192.0 158.0 192.0 150.0 small-vehicle 0
210.0 161.0 209.0 170.0 190.0 170.0 190.0 159.0 small-vehicle 0
210.0 171.0 209.0 182.0 189.0 179.0 190.0 170.0 small-vehicle 0
208.0 182.0 207.0 192.0 182.0 192.0 183.0 182.0 small-vehicle 0
96.0 288.0 97.0 278.0 132.0 278.0 131.0 290.0 large-vehicle 0
