imagesource:GoogleEarth
gsd:0.277549083778
588.0 66.0 583.0 76.0 567.0 68.0 571.0 59.0 small-vehicle 1
568.0 680.0 559.0 676.0 569.0 657.0 575.0 662.0 small-vehicle 1
76.0 411.0 187.0 436.0 161.0 550.0 48.0 529.0 baseball-diamond 0
380.0 538.0 419.0 558.0 381.0 638.0 340.0 619.0 tennis-court 0
427.0 561.0 466.0 579.0 429.0 660.0 389.0 641.0 tennis-court 0
474.0 583.0 512.0 601.0 475.0 681.0 437.0 663.0 tennis-court 0
322.0 658.0 362.0 677.0 325.0 758.0 286.0 739.0 tennis-court 0
371.0 680.0 410.0 699.0 372.0 779.0 334.0 761.0 tennis-court 0
419.0 702.0 456.0 720.0 419.0 801.0 380.0 782.0 tennis-court 0
333.0 810.0 372.0 827.0 334.0 907.0 297.0 889.0 tennis-court 0
286.0 786.0 324.0 805.0 287.0 885.0 247.0 867.0 tennis-court 0
165.0 831.0 206.0 847.0 167.0 928.0 129.0 910.0 tennis-court 0
118.0 807.0 158.0 826.0 121.0 907.0 81.0 888.0 tennis-court 0
72.0 785.0 110.0 804.0 72.0 883.0 32.0 865.0 tennis-court 0
22.0 764.0 61.0 781.0 23.0 863.0 1.0 811.0 tennis-court 1
206.0 799.0 116.0 765.0 155.0 675.0 241.0 706.0 baseball-diamond 0
32.0 59.0 43.0 61.0 38.0 81.0 29.0 79.0 small-vehicle 1
25.0 85.0 35.0 87.0 33.0 104.0 23.0 103.0 small-vehicle 1
17.0 128.0 27.0 130.0 22.0 147.0 12.0 146.0 small-vehicle 1
11.0 149.0 21.0 151.0 17.0 173.0 8.0 171.0 small-vehicle 1
7.0 178.0 17.0 181.0 12.0 205.0 3.0 202.0 small-vehicle 1
352.0 1070.0 345.0 1077.0 332.0 1063.0 340.0 1057.0 small-vehicle 1
521.0 893.0 529.0 897.0 521.0 913.0 513.0 911.0 small-vehicle 1
557.0 806.0 564.0 810.0 558.0 825.0 550.0 821.0 small-vehicle 1
558.0 698.0 550.0 694.0 559.0 677.0 566.0 681.0 small-vehicle 1
64.0 302.0 86.0 185.0 204.0 208.0 180.0 323.0 baseball-diamond 0
