imagesource:GoogleEarth
gsd:0.24958843112
1124.0 171.0 1134.0 171.0 1134.0 190.0 1125.0 190.0 small-vehicle 1
1123.0 199.0 1133.0 198.0 1133.0 220.0 1122.0 220.0 small-vehicle 1
1124.0 252.0 1134.0 252.0 1133.0 275.0 1124.0 274.0 small-vehicle 1
1121.0 336.0 1131.0 335.0 1132.0 356.0 1121.0 356.0 small-vehicle 1
1122.0 397.0 1131.0 397.0 1131.0 418.0 1122.0 418.0 small-vehicle 1
1123.0 426.0 1131.0 427.0 1131.0 449.0 1122.0 448.0 small-vehicle 1
1121.0 454.0 1131.0 456.0 1128.0 477.0 1119.0 476.0 small-vehicle 1
1085.0 385.0 1077.0 385.0 1077.0 363.0 1085.0 364.0 small-vehicle 1
1083.0 437.0 1074.0 436.0 1074.0 416.0 1083.0 416.0 small-vehicle 1
1085.0 470.0 1076.0 470.0 1076.0 449.0 1084.0 450.0 small-vehicle 1
1084.0 494.0 1075.0 494.0 1075.0 474.0 1084.0 474.0 small-vehicle 1
938.0 612.0 939.0 622.0 919.0 623.0 918.0 613.0 small-vehicle 1
925.0 601.0 925.0 610.0 904.0 609.0 904.0 599.0 small-vehicle 1
869.0 599.0 869.0 611.0 845.0 610.0 843.0 598.0 small-vehicle 1
739.0 595.0 738.0 609.0 712.0 606.0 711.0 595.0 small-vehicle 1
620.0 609.0 620.0 619.0 593.0 619.0 593.0 609.0 small-vehicle 1
