imagesource:GoogleEarth
gsd:0.272727894564
720.0 97.0 725.0 90.0 742.0 106.0 737.0 112.0 small-vehicle 0
235.0 16.0 232.0 6.0 258.0 5.0 257.0 14.0 small-vehicle 0
272.0 7.0 277.0 16.0 261.0 24.0 255.0 16.0 small-vehicle 0
229.0 14.0 233.0 22.0 218.0 29.0 214.0 19.0 small-vehicle 0
247.0 24.0 248.0 36.0 229.0 38.0 228.0 28.0 small-vehicle 0
247.0 33.0 250.0 41.0 233.0 48.0 230.0 41.0 small-vehicle 0
264.0 37.0 270.0 46.0 252.0 59.0 246.0 51.0 small-vehicle 0
270.0 52.0 275.0 60.0 262.0 70.0 257.0 63.0 small-vehicle 0
283.0 59.0 292.0 63.0 282.0 79.0 274.0 73.0 small-vehicle 0
706.0 297.0 578.0 405.0 863.0 722.0 983.0 604.0 soccer-ball-field 0
196.0 184.0 246.0 184.0 246.0 298.0 196.0 298.0 basketball-court 0
246.0 185.0 303.0 185.0 303.0 299.0 246.0 299.0 basketball-court 0
303.0 188.0 360.0 188.0 360.0 299.0 303.0 299.0 basketball-court 0
360.0 186.0 418.0 186.0 418.0 300.0 360.0 300.0 basketball-court 0
452.0 361.0 904.0 842.0 1092.0 632.0 661.0 167.0 ground-track-field 0
