imagesource:GoogleEarth
gsd:0.270185451065
1043.0 1151.0 1042.0 1142.0 1062.0 1141.0 1063.0 1150.0 small-vehicle 1
995.0 1148.0 995.0 1140.0 1013.0 1141.0 1013.0 1150.0 small-vehicle 1
958.0 1057.0 967.0 1057.0 968.0 1076.0 958.0 1076.0 small-vehicle 0
947.0 1055.0 956.0 1055.0 953.0 1077.0 945.0 1075.0 small-vehicle 0
889.0 1097.0 887.0 1109.0 867.0 1105.0 867.0 1096.0 small-vehicle 0
886.0 1111.0 886.0 1120.0 866.0 1118.0 865.0 1110.0 small-vehicle 0
888.0 1129.0 887.0 1139.0 865.0 1138.0 867.0 1127.0 small-vehicle 0
1822.0 870.0 1882.0 873.0 1879.0 968.0 1819.0 966.0 basketball-court 0
1892.0 872.0 1949.0 874.0 1947.0 968.0 1888.0 967.0 basketball-court 0
1894.0 767.0 1951.0 768.0 1949.0 862.0 1893.0 861.0 basketball-court 0
1826.0 765.0 1883.0 767.0 1879.0 861.0 1823.0 860.0 basketball-court 0
1669.0 715.0 1710.0 715.0 1710.0 806.0 1669.0 806.0 tennis-court 0
1726.0 718.0 1766.0 718.0 1766.0 806.0 1726.0 806.0 tennis-court 0
579.0 803.0 620.0 805.0 618.0 893.0 574.0 891.0 tennis-court 0
524.0 803.0 565.0 803.0 563.0 891.0 520.0 891.0 tennis-court 0
468.0 800.0 512.0 801.0 509.0 891.0 465.0 890.0 tennis-court 0
413.0 799.0 455.0 801.0 454.0 888.0 411.0 887.0 tennis-court 0
359.0 798.0 400.0 799.0 399.0 887.0 358.0 886.0 tennis-court 0
304.0 796.0 347.0 796.0 344.0 886.0 302.0 885.0 tennis-court 0
970.0 1056.0 979.0 1057.0 979.0 1076.0 970.0 1076.0 small-vehicle 0
1014.0 1077.0 1002.0 1077.0 1003.0 1057.0 1012.0 1058.0 small-vehicle 0
1023.0 1077.0 1014.0 1076.0 1014.0 1055.0 1024.0 1056.0 small-vehicle 0
1040.0 1128.0 1039.0 1116.0 1061.0 1117.0 1061.0 1129.0 small-vehicle 0
994.0 1140.0 993.0 1150.0 970.0 1149.0 969.0 1138.0 small-vehicle 1
688.0 481.0 675.0 336.0 822.0 327.0 835.0 467.0 baseball-diamond 0
1119.0 1114.0 1120.0 1103.0 1136.0 1104.0 1137.0 1114.0 small-vehicle 0
1117.0 1125.0 1118.0 1115.0 1137.0 1115.0 1138.0 1126.0 small-vehicle 0
1066.0 1152.0 1066.0 1145.0 1086.0 1143.0 1086.0 1152.0 small-vehicle 0
1065.0 1140.0 1065.0 1130.0 1088.0 1131.0 1087.0 1140.0 small-vehicle 0
1067.0 1129.0 1065.0 1120.0 1083.0 1118.0 1085.0 1128.0 small-vehicle 0
1041.0 1139.0 1040.0 1129.0 1060.0 1129.0 1060.0 1138.0 small-vehicle 0
1037.0 1057.0 1047.0 1057.0 1046.0 1078.0 1037.0 1077.0 small-vehicle 0
1013.0 1116.0 1013.0 1128.0 992.0 1127.0 991.0 1117.0 small-vehicle 0
992.0 1139.0 991.0 1130.0 1012.0 1130.0 1013.0 1140.0 small-vehicle 0
990.0 1129.0 990.0 1138.0 971.0 1137.0 971.0 1128.0 small-vehicle 0
991.0 1117.0 990.0 1128.0 969.0 1127.0 969.0 1117.0 small-vehicle 0
1079.0 1077.0 1070.0 1076.0 1072.0 1058.0 1080.0 1059.0 small-vehicle 0
1069.0 1076.0 1058.0 1075.0 1060.0 1057.0 1070.0 1058.0 small-vehicle 0
1059.0 1077.0 1048.0 1078.0 1049.0 1057.0 1059.0 1058.0 small-vehicle 0
589.0 414.0 431.0 411.0 435.0 259.0 593.0 265.0 baseball-diamond 0
