imagesource:GoogleEarth
gsd:0.573831011767
197.0 238.0 203.0 239.0 201.0 251.0 195.0 251.0 small-vehicle 1
1108.0 130.0 1104.0 132.0 1095.0 126.0 1101.0 121.0 small-vehicle 1
664.0 1836.0 675.0 1852.0 664.0 1862.0 651.0 1845.0 plane 0
634.0 1838.0 644.0 1850.0 635.0 1859.0 624.0 1844.0 plane 0
825.0 1692.0 835.0 1707.0 823.0 1718.0 811.0 1703.0 plane 0
824.0 1589.0 820.0 1585.0 832.0 1575.0 836.0 1581.0 large-vehicle 0
808.0 1629.0 804.0 1624.0 816.0 1615.0 819.0 1620.0 large-vehicle 0
801.0 1619.0 798.0 1615.0 809.0 1606.0 812.0 1611.0 large-vehicle 1
1419.0 1834.0 1435.0 1834.0 1435.0 1850.0 1419.0 1850.0 storage-tank 1
52.0 173.0 58.0 174.0 56.0 187.0 50.0 185.0 small-vehicle 1
57.0 174.0 64.0 174.0 61.0 187.0 57.0 187.0 small-vehicle 1
74.0 188.0 69.0 188.0 69.0 174.0 74.0 174.0 small-vehicle 1
80.0 187.0 75.0 188.0 75.0 178.0 79.0 178.0 small-vehicle 1
98.0 134.0 90.0 136.0 86.0 123.0 93.0 120.0 small-vehicle 1
169.0 453.0 175.0 453.0 175.0 466.0 168.0 465.0 small-vehicle 1
93.0 1133.0 101.0 1134.0 99.0 1144.0 93.0 1143.0 small-vehicle 1
81.0 1245.0 87.0 1245.0 86.0 1258.0 80.0 1257.0 small-vehicle 1
63.0 1497.0 57.0 1498.0 57.0 1486.0 62.0 1486.0 small-vehicle 1
88.0 1650.0 94.0 1648.0 96.0 1659.0 91.0 1661.0 small-vehicle 1
361.0 1926.0 364.0 1930.0 356.0 1936.0 352.0 1933.0 small-vehicle 1
360.0 1942.0 356.0 1937.0 366.0 1931.0 369.0 1936.0 small-vehicle 1
533.0 1898.0 527.0 1900.0 522.0 1890.0 527.0 1888.0 small-vehicle 1
685.0 1734.0 680.0 1733.0 680.0 1722.0 684.0 1722.0 small-vehicle 1
668.0 1717.0 669.0 1712.0 679.0 1716.0 677.0 1721.0 small-vehicle 1
828.0 1614.0 830.0 1618.0 824.0 1622.0 821.0 1620.0 small-vehicle 1
817.0 1613.0 815.0 1609.0 823.0 1604.0 826.0 1608.0 small-vehicle 1
792.0 1653.0 787.0 1650.0 791.0 1643.0 795.0 1644.0 small-vehicle 1
838.0 1606.0 834.0 1602.0 844.0 1593.0 848.0 1597.0 large-vehicle 1
1101.0 124.0 1095.0 126.0 1091.0 115.0 1095.0 113.0 small-vehicle 1
819.0 1760.0 844.0 1772.0 832.0 1802.0 803.0 1789.0 plane 0
