imagesource:GoogleEarth
gsd:0.284285436246
691.0 139.0 692.0 129.0 709.0 131.0 708.0 141.0 small-vehicle 1
462.0 246.0 455.0 247.0 454.0 227.0 462.0 228.0 small-vehicle 1
396.0 226.0 405.0 227.0 406.0 246.0 396.0 247.0 small-vehicle 1
405.0 226.0 414.0 226.0 413.0 245.0 405.0 245.0 small-vehicle 1
414.0 228.0 423.0 227.0 423.0 245.0 415.0 245.0 small-vehicle 1
423.0 227.0 433.0 227.0 434.0 246.0 424.0 247.0 small-vehicle 1
433.0 227.0 443.0 227.0 444.0 247.0 435.0 247.0 small-vehicle 1
443.0 227.0 454.0 229.0 454.0 248.0 444.0 248.0 small-vehicle 1
472.0 249.0 464.0 248.0 463.0 229.0 473.0 230.0 small-vehicle 1
1691.0 656.0 1684.0 657.0 1678.0 639.0 1684.0 637.0 small-vehicle 1
480.0 248.0 472.0 247.0 473.0 228.0 482.0 229.0 small-vehicle 1
482.0 229.0 493.0 230.0 491.0 250.0 481.0 249.0 small-vehicle 1
207.0 290.0 197.0 289.0 197.0 270.0 207.0 271.0 small-vehicle 1
217.0 289.0 207.0 289.0 208.0 270.0 218.0 271.0 small-vehicle 1
227.0 290.0 217.0 290.0 219.0 271.0 228.0 272.0 small-vehicle 1
238.0 290.0 228.0 289.0 229.0 270.0 237.0 270.0 small-vehicle 1
386.0 227.0 396.0 227.0 396.0 246.0 386.0 247.0 small-vehicle 1
377.0 227.0 385.0 228.0 386.0 249.0 376.0 250.0 small-vehicle 1
366.0 225.0 376.0 225.0 375.0 245.0 366.0 244.0 small-vehicle 1
355.0 222.0 366.0 223.0 365.0 244.0 355.0 244.0 small-vehicle 1
337.0 224.0 347.0 225.0 347.0 244.0 337.0 245.0 small-vehicle 1
328.0 226.0 337.0 225.0 337.0 244.0 328.0 244.0 small-vehicle 1
308.0 220.0 318.0 221.0 318.0 244.0 308.0 244.0 small-vehicle 1
289.0 221.0 298.0 222.0 298.0 242.0 288.0 241.0 small-vehicle 1
288.0 241.0 279.0 240.0 280.0 216.0 288.0 217.0 small-vehicle 1
268.0 222.0 278.0 222.0 278.0 243.0 268.0 243.0 small-vehicle 1
241.0 240.0 232.0 240.0 231.0 219.0 241.0 219.0 small-vehicle 1
221.0 237.0 211.0 237.0 212.0 217.0 221.0 218.0 small-vehicle 1
483.0 202.0 492.0 202.0 492.0 224.0 484.0 224.0 small-vehicle 1
474.0 204.0 483.0 203.0 483.0 225.0 473.0 224.0 small-vehicle 1
464.0 202.0 471.0 202.0 473.0 224.0 463.0 224.0 small-vehicle 1
454.0 203.0 462.0 204.0 463.0 223.0 453.0 224.0 small-vehicle 1
453.0 224.0 446.0 223.0 445.0 203.0 453.0 202.0 small-vehicle 1
247.0 290.0 238.0 290.0 239.0 270.0 247.0 271.0 small-vehicle 1
256.0 289.0 248.0 288.0 248.0 268.0 256.0 269.0 small-vehicle 1
296.0 292.0 286.0 291.0 286.0 272.0 295.0 272.0 small-vehicle 1
495.0 299.0 487.0 297.0 487.0 280.0 496.0 281.0 small-vehicle 1
96.0 631.0 106.0 632.0 102.0 652.0 94.0 651.0 small-vehicle 1
106.0 630.0 96.0 627.0 96.0 609.0 106.0 610.0 small-vehicle 1
96.0 628.0 87.0 627.0 88.0 609.0 96.0 609.0 small-vehicle 1
75.0 654.0 66.0 652.0 69.0 632.0 78.0 634.0 small-vehicle 1
58.0 631.0 67.0 631.0 66.0 652.0 58.0 652.0 small-vehicle 1
57.0 651.0 48.0 652.0 48.0 629.0 56.0 629.0 small-vehicle 1
36.0 629.0 46.0 628.0 46.0 651.0 36.0 652.0 small-vehicle 1
161.0 659.0 153.0 659.0 154.0 639.0 162.0 638.0 small-vehicle 1
164.0 620.0 154.0 620.0 154.0 601.0 164.0 601.0 small-vehicle 1
70.0 558.0 79.0 558.0 79.0 577.0 70.0 577.0 small-vehicle 1
52.0 558.0 61.0 558.0 60.0 577.0 51.0 576.0 small-vehicle 1
32.0 557.0 41.0 556.0 42.0 574.0 34.0 575.0 small-vehicle 1
527.0 230.0 539.0 231.0 538.0 266.0 526.0 266.0 large-vehicle 0
501.0 277.0 510.0 277.0 510.0 301.0 500.0 298.0 small-vehicle 1
483.0 299.0 473.0 299.0 473.0 280.0 484.0 282.0 small-vehicle 1
303.0 293.0 296.0 291.0 296.0 274.0 304.0 274.0 small-vehicle 1
471.0 298.0 462.0 298.0 463.0 282.0 472.0 282.0 small-vehicle 1
439.0 296.0 432.0 295.0 431.0 280.0 440.0 280.0 small-vehicle 1
431.0 297.0 423.0 297.0 422.0 279.0 431.0 278.0 small-vehicle 1
403.0 278.0 413.0 278.0 411.0 297.0 403.0 296.0 small-vehicle 1
402.0 297.0 393.0 297.0 392.0 275.0 401.0 276.0 small-vehicle 1
391.0 296.0 383.0 295.0 382.0 276.0 390.0 277.0 small-vehicle 1
383.0 295.0 374.0 294.0 373.0 276.0 382.0 277.0 small-vehicle 1
373.0 294.0 363.0 294.0 363.0 273.0 373.0 274.0 small-vehicle 1
362.0 293.0 354.0 293.0 354.0 273.0 362.0 274.0 small-vehicle 1
352.0 294.0 344.0 293.0 345.0 276.0 353.0 276.0 small-vehicle 1
343.0 294.0 335.0 294.0 336.0 273.0 343.0 274.0 small-vehicle 1
332.0 294.0 324.0 294.0 324.0 273.0 332.0 273.0 small-vehicle 1
324.0 293.0 314.0 293.0 314.0 274.0 323.0 274.0 small-vehicle 1
313.0 293.0 305.0 292.0 305.0 274.0 314.0 274.0 small-vehicle 1
445.0 222.0 435.0 222.0 435.0 202.0 444.0 201.0 small-vehicle 1
435.0 222.0 426.0 221.0 426.0 202.0 434.0 201.0 small-vehicle 1
425.0 221.0 416.0 221.0 416.0 202.0 424.0 202.0 small-vehicle 0
56.0 191.0 66.0 192.0 63.0 212.0 53.0 210.0 small-vehicle 0
310.0 148.0 318.0 148.0 319.0 167.0 309.0 166.0 small-vehicle 0
291.0 148.0 301.0 148.0 301.0 168.0 289.0 168.0 small-vehicle 0
282.0 146.0 291.0 146.0 288.0 168.0 281.0 167.0 small-vehicle 0
280.0 166.0 270.0 165.0 271.0 145.0 280.0 144.0 small-vehicle 0
236.0 180.0 236.0 172.0 257.0 174.0 256.0 183.0 small-vehicle 0
269.0 165.0 262.0 165.0 261.0 146.0 270.0 145.0 small-vehicle 0
243.0 146.0 251.0 145.0 251.0 163.0 243.0 163.0 small-vehicle 0
223.0 144.0 231.0 143.0 232.0 163.0 225.0 163.0 small-vehicle 0
213.0 145.0 221.0 145.0 221.0 161.0 213.0 161.0 small-vehicle 0
212.0 160.0 204.0 160.0 205.0 143.0 212.0 144.0 small-vehicle 0
109.0 188.0 117.0 188.0 117.0 210.0 108.0 210.0 small-vehicle 0
106.0 213.0 97.0 212.0 98.0 188.0 107.0 190.0 small-vehicle 0
96.0 210.0 86.0 210.0 86.0 189.0 97.0 189.0 small-vehicle 0
75.0 191.0 85.0 192.0 82.0 213.0 73.0 211.0 small-vehicle 0
42.0 189.0 51.0 189.0 50.0 208.0 42.0 208.0 small-vehicle 0
337.0 162.0 329.0 162.0 330.0 144.0 338.0 145.0 small-vehicle 0
1046.0 1719.0 1041.0 1577.0 1173.0 1584.0 1173.0 1720.0 baseball-diamond 0
388.0 1147.0 364.0 1786.0 82.0 1773.0 102.0 1143.0 ground-track-field 0
144.0 1260.0 343.0 1268.0 327.0 1661.0 129.0 1654.0 soccer-ball-field 0
707.0 1385.0 905.0 1394.0 890.0 1787.0 693.0 1781.0 soccer-ball-field 0
1133.0 1309.0 1137.0 1162.0 1289.0 1166.0 1284.0 1320.0 baseball-diamond 0
1445.0 1563.0 1652.0 1563.0 1655.0 1940.0 1446.0 1941.0 soccer-ball-field 0
1096.0 423.0 1151.0 426.0 1146.0 514.0 1091.0 514.0 basketball-court 0
1044.0 424.0 1083.0 426.0 1079.0 509.0 1040.0 509.0 tennis-court 0
980.0 422.0 1018.0 422.0 1016.0 506.0 977.0 506.0 tennis-court 0
1110.0 297.0 1148.0 300.0 1145.0 383.0 1107.0 381.0 tennis-court 0
1049.0 295.0 1088.0 297.0 1085.0 381.0 1045.0 379.0 tennis-court 0
984.0 293.0 1023.0 295.0 1020.0 378.0 980.0 377.0 tennis-court 0
1115.0 169.0 1154.0 170.0 1151.0 255.0 1111.0 253.0 tennis-court 0
1054.0 168.0 1093.0 169.0 1089.0 253.0 1050.0 252.0 tennis-court 0
329.0 166.0 320.0 165.0 320.0 148.0 328.0 148.0 small-vehicle 0
358.0 169.0 348.0 168.0 349.0 148.0 357.0 148.0 small-vehicle 0
415.0 221.0 406.0 221.0 405.0 202.0 413.0 202.0 small-vehicle 0
232.0 214.0 223.0 214.0 220.0 192.0 229.0 190.0 small-vehicle 0
406.0 221.0 397.0 221.0 395.0 200.0 404.0 200.0 small-vehicle 0
396.0 220.0 387.0 220.0 386.0 201.0 394.0 201.0 small-vehicle 0
387.0 221.0 378.0 221.0 377.0 201.0 386.0 201.0 small-vehicle 0
358.0 198.0 367.0 198.0 366.0 219.0 357.0 219.0 small-vehicle 0
357.0 218.0 348.0 218.0 346.0 197.0 356.0 198.0 small-vehicle 0
347.0 218.0 340.0 218.0 338.0 198.0 346.0 198.0 small-vehicle 0
338.0 218.0 328.0 218.0 329.0 199.0 338.0 200.0 small-vehicle 0
328.0 218.0 321.0 216.0 320.0 199.0 328.0 198.0 small-vehicle 0
308.0 198.0 318.0 198.0 318.0 218.0 308.0 218.0 small-vehicle 0
300.0 198.0 306.0 198.0 307.0 216.0 301.0 216.0 small-vehicle 0
290.0 215.0 281.0 214.0 279.0 195.0 289.0 195.0 small-vehicle 0
270.0 215.0 262.0 214.0 261.0 193.0 271.0 193.0 small-vehicle 0
259.0 216.0 252.0 215.0 251.0 193.0 260.0 194.0 small-vehicle 0
241.0 215.0 233.0 213.0 231.0 193.0 241.0 193.0 small-vehicle 0
222.0 215.0 213.0 215.0 212.0 190.0 219.0 191.0 small-vehicle 0
378.0 172.0 368.0 171.0 369.0 149.0 378.0 150.0 small-vehicle 0
212.0 213.0 204.0 213.0 203.0 193.0 211.0 191.0 small-vehicle 0
523.0 176.0 514.0 176.0 514.0 154.0 523.0 157.0 small-vehicle 0
505.0 155.0 515.0 155.0 514.0 176.0 504.0 176.0 small-vehicle 0
504.0 174.0 493.0 173.0 494.0 154.0 504.0 155.0 small-vehicle 0
484.0 154.0 493.0 155.0 493.0 174.0 485.0 173.0 small-vehicle 0
485.0 173.0 476.0 171.0 476.0 151.0 484.0 154.0 small-vehicle 0
476.0 172.0 465.0 172.0 466.0 151.0 475.0 152.0 small-vehicle 0
464.0 171.0 455.0 170.0 457.0 151.0 465.0 152.0 small-vehicle 0
455.0 173.0 447.0 173.0 446.0 154.0 455.0 154.0 small-vehicle 0
445.0 171.0 437.0 172.0 437.0 152.0 446.0 151.0 small-vehicle 0
428.0 152.0 436.0 153.0 435.0 172.0 426.0 171.0 small-vehicle 0
417.0 151.0 426.0 151.0 426.0 171.0 416.0 170.0 small-vehicle 0
407.0 150.0 416.0 150.0 416.0 170.0 407.0 169.0 small-vehicle 0
398.0 151.0 407.0 150.0 407.0 171.0 398.0 170.0 small-vehicle 0
94.0 653.0 86.0 652.0 89.0 633.0 96.0 634.0 small-vehicle 1
60.0 606.0 68.0 606.0 67.0 626.0 58.0 627.0 small-vehicle 1
46.0 683.0 54.0 682.0 55.0 702.0 45.0 703.0 small-vehicle 1
477.0 968.0 486.0 967.0 487.0 987.0 477.0 987.0 small-vehicle 1
580.0 176.0 573.0 177.0 571.0 155.0 579.0 155.0 small-vehicle 1
571.0 175.0 562.0 175.0 562.0 155.0 570.0 155.0 small-vehicle 1
552.0 157.0 561.0 158.0 560.0 174.0 552.0 175.0 small-vehicle 1
542.0 175.0 532.0 175.0 533.0 157.0 543.0 158.0 small-vehicle 1
514.0 1051.0 523.0 1051.0 523.0 1071.0 515.0 1070.0 small-vehicle 1
502.0 1051.0 511.0 1051.0 510.0 1070.0 502.0 1069.0 small-vehicle 1
494.0 1071.0 486.0 1070.0 487.0 1053.0 495.0 1054.0 small-vehicle 1
469.0 1061.0 462.0 1062.0 463.0 1043.0 470.0 1043.0 small-vehicle 1
447.0 1070.0 436.0 1070.0 437.0 1052.0 447.0 1052.0 small-vehicle 1
427.0 1048.0 434.0 1048.0 434.0 1069.0 427.0 1069.0 small-vehicle 1
419.0 1068.0 410.0 1066.0 411.0 1045.0 421.0 1046.0 small-vehicle 1
408.0 1065.0 400.0 1065.0 400.0 1050.0 408.0 1049.0 small-vehicle 1
538.0 993.0 528.0 992.0 529.0 967.0 539.0 969.0 small-vehicle 1
504.0 969.0 514.0 970.0 513.0 994.0 502.0 992.0 small-vehicle 1
451.0 967.0 461.0 967.0 461.0 989.0 452.0 990.0 small-vehicle 1
599.0 177.0 591.0 176.0 591.0 157.0 600.0 158.0 small-vehicle 1
426.0 969.0 436.0 968.0 435.0 990.0 425.0 990.0 small-vehicle 1
399.0 963.0 407.0 962.0 410.0 986.0 401.0 987.0 small-vehicle 1
387.0 967.0 396.0 967.0 396.0 984.0 387.0 984.0 small-vehicle 1
376.0 965.0 386.0 965.0 386.0 988.0 376.0 988.0 small-vehicle 1
368.0 1004.0 375.0 1011.0 365.0 1022.0 358.0 1015.0 small-vehicle 1
307.0 985.0 299.0 986.0 298.0 963.0 307.0 963.0 small-vehicle 0
260.0 964.0 268.0 964.0 269.0 982.0 259.0 982.0 small-vehicle 0
232.0 962.0 240.0 962.0 240.0 982.0 231.0 982.0 small-vehicle 0
219.0 983.0 210.0 984.0 207.0 962.0 217.0 962.0 small-vehicle 0
205.0 976.0 197.0 978.0 195.0 961.0 203.0 959.0 small-vehicle 0
193.0 982.0 185.0 982.0 185.0 965.0 194.0 965.0 small-vehicle 0
386.0 1045.0 394.0 1045.0 393.0 1062.0 386.0 1062.0 small-vehicle 0
371.0 1045.0 383.0 1045.0 382.0 1068.0 371.0 1068.0 small-vehicle 0
360.0 1045.0 368.0 1046.0 367.0 1065.0 359.0 1065.0 small-vehicle 0
590.0 177.0 581.0 177.0 580.0 156.0 588.0 155.0 small-vehicle 1
610.0 179.0 603.0 179.0 603.0 158.0 611.0 158.0 small-vehicle 1
303.0 1038.0 312.0 1038.0 312.0 1059.0 303.0 1060.0 small-vehicle 0
827.0 166.0 836.0 166.0 836.0 187.0 828.0 186.0 small-vehicle 1
466.0 1346.0 466.0 1337.0 486.0 1340.0 485.0 1350.0 small-vehicle 1
487.0 1327.0 487.0 1336.0 464.0 1337.0 464.0 1327.0 small-vehicle 1
489.0 1315.0 489.0 1325.0 467.0 1323.0 467.0 1313.0 small-vehicle 1
1645.0 540.0 1639.0 543.0 1633.0 528.0 1640.0 525.0 small-vehicle 1
1612.0 577.0 1601.0 583.0 1575.0 520.0 1587.0 516.0 large-vehicle 0
1624.0 467.0 1633.0 464.0 1657.0 526.0 1647.0 530.0 large-vehicle 0
1604.0 458.0 1613.0 455.0 1618.0 471.0 1610.0 473.0 small-vehicle 1
1572.0 438.0 1565.0 441.0 1554.0 416.0 1561.0 413.0 small-vehicle 1
1557.0 310.0 1551.0 313.0 1545.0 298.0 1552.0 295.0 small-vehicle 1
1509.0 341.0 1517.0 338.0 1526.0 358.0 1517.0 362.0 small-vehicle 1
1515.0 313.0 1522.0 309.0 1529.0 327.0 1523.0 331.0 small-vehicle 1
1483.0 227.0 1490.0 226.0 1497.0 245.0 1491.0 247.0 small-vehicle 1
1427.0 87.0 1437.0 84.0 1442.0 104.0 1435.0 109.0 small-vehicle 1
1015.0 1258.0 1023.0 1259.0 1022.0 1271.0 1014.0 1271.0 small-vehicle 1
819.0 165.0 827.0 165.0 827.0 188.0 818.0 187.0 small-vehicle 1
614.0 162.0 623.0 163.0 623.0 182.0 614.0 182.0 small-vehicle 1
817.0 183.0 808.0 183.0 809.0 164.0 818.0 165.0 small-vehicle 1
807.0 184.0 798.0 183.0 798.0 163.0 808.0 165.0 small-vehicle 1
797.0 182.0 787.0 181.0 788.0 164.0 797.0 164.0 small-vehicle 1
775.0 162.0 786.0 162.0 785.0 183.0 776.0 183.0 small-vehicle 1
724.0 334.0 725.0 325.0 742.0 326.0 741.0 335.0 small-vehicle 1
725.0 356.0 725.0 346.0 742.0 347.0 742.0 356.0 small-vehicle 1
675.0 75.0 677.0 68.0 697.0 74.0 694.0 81.0 small-vehicle 1
706.0 185.0 698.0 186.0 698.0 165.0 707.0 167.0 small-vehicle 1
695.0 183.0 686.0 184.0 687.0 161.0 695.0 160.0 small-vehicle 1
706.0 153.0 706.0 161.0 688.0 161.0 688.0 153.0 small-vehicle 1
636.0 161.0 633.0 151.0 650.0 151.0 652.0 161.0 small-vehicle 1
635.0 151.0 633.0 144.0 651.0 143.0 652.0 151.0 small-vehicle 1
643.0 181.0 634.0 181.0 636.0 163.0 645.0 163.0 small-vehicle 1
624.0 160.0 633.0 160.0 633.0 180.0 625.0 180.0 small-vehicle 1
348.0 1041.0 356.0 1042.0 356.0 1063.0 347.0 1063.0 small-vehicle 0
266.0 1059.0 258.0 1059.0 258.0 1040.0 266.0 1039.0 small-vehicle 0
64.0 702.0 56.0 703.0 56.0 682.0 64.0 682.0 small-vehicle 1
87.0 828.0 79.0 828.0 79.0 811.0 87.0 811.0 small-vehicle 1
59.0 862.0 68.0 862.0 66.0 879.0 58.0 878.0 small-vehicle 1
67.0 853.0 77.0 853.0 76.0 880.0 67.0 878.0 small-vehicle 1
95.0 907.0 86.0 906.0 86.0 889.0 95.0 890.0 small-vehicle 1
79.0 859.0 87.0 859.0 86.0 880.0 78.0 880.0 small-vehicle 1
31.0 807.0 42.0 807.0 40.0 828.0 30.0 828.0 small-vehicle 1
42.0 807.0 50.0 807.0 51.0 826.0 41.0 826.0 small-vehicle 1
52.0 808.0 61.0 808.0 60.0 826.0 51.0 826.0 small-vehicle 1
69.0 827.0 59.0 826.0 61.0 809.0 70.0 809.0 small-vehicle 1
40.0 802.0 30.0 802.0 32.0 781.0 41.0 781.0 small-vehicle 1
49.0 802.0 41.0 801.0 41.0 781.0 50.0 781.0 small-vehicle 1
70.0 802.0 60.0 801.0 60.0 782.0 69.0 782.0 small-vehicle 1
79.0 804.0 70.0 803.0 72.0 787.0 81.0 788.0 small-vehicle 1
90.0 804.0 80.0 804.0 81.0 786.0 89.0 786.0 small-vehicle 1
78.0 828.0 70.0 828.0 72.0 809.0 79.0 810.0 small-vehicle 1
89.0 811.0 100.0 811.0 99.0 830.0 89.0 830.0 small-vehicle 1
66.0 904.0 57.0 903.0 58.0 883.0 66.0 884.0 small-vehicle 1
99.0 802.0 90.0 802.0 91.0 783.0 99.0 783.0 small-vehicle 1
146.0 810.0 156.0 810.0 156.0 828.0 146.0 827.0 small-vehicle 1
130.0 778.0 138.0 772.0 147.0 789.0 139.0 793.0 small-vehicle 1
92.0 735.0 102.0 735.0 102.0 754.0 93.0 753.0 small-vehicle 1
61.0 732.0 71.0 732.0 70.0 754.0 61.0 754.0 small-vehicle 1
59.0 753.0 50.0 752.0 51.0 733.0 60.0 733.0 small-vehicle 1
49.0 753.0 40.0 754.0 42.0 732.0 50.0 733.0 small-vehicle 1
30.0 734.0 40.0 733.0 41.0 753.0 31.0 754.0 small-vehicle 1
151.0 705.0 143.0 705.0 144.0 688.0 152.0 688.0 small-vehicle 1
132.0 682.0 143.0 683.0 141.0 702.0 131.0 702.0 small-vehicle 1
123.0 684.0 131.0 685.0 131.0 703.0 123.0 702.0 small-vehicle 1
113.0 704.0 103.0 704.0 105.0 685.0 114.0 686.0 small-vehicle 1
94.0 685.0 103.0 685.0 102.0 703.0 93.0 702.0 small-vehicle 1
74.0 702.0 65.0 701.0 66.0 682.0 75.0 682.0 small-vehicle 1
38.0 859.0 49.0 860.0 47.0 879.0 38.0 878.0 small-vehicle 1
56.0 903.0 48.0 903.0 49.0 881.0 57.0 882.0 small-vehicle 1
239.0 1057.0 231.0 1057.0 232.0 1036.0 241.0 1036.0 small-vehicle 0
59.0 1029.0 51.0 1028.0 52.0 1008.0 61.0 1009.0 small-vehicle 1
227.0 1058.0 217.0 1058.0 218.0 1035.0 228.0 1035.0 small-vehicle 0
151.0 979.0 152.0 971.0 169.0 972.0 168.0 980.0 small-vehicle 0
213.0 1055.0 203.0 1055.0 204.0 1030.0 213.0 1030.0 large-vehicle 0
192.0 1034.0 201.0 1034.0 202.0 1057.0 191.0 1057.0 small-vehicle 1
187.0 1057.0 178.0 1055.0 180.0 1037.0 188.0 1037.0 small-vehicle 1
50.0 1083.0 59.0 1083.0 59.0 1103.0 50.0 1103.0 small-vehicle 1
77.0 1104.0 68.0 1105.0 68.0 1085.0 77.0 1086.0 small-vehicle 1
78.0 1085.0 88.0 1085.0 89.0 1103.0 79.0 1105.0 small-vehicle 1
82.0 1036.0 91.0 1036.0 89.0 1054.0 80.0 1054.0 small-vehicle 1
72.0 1035.0 81.0 1036.0 80.0 1055.0 70.0 1055.0 small-vehicle 1
60.0 1036.0 71.0 1035.0 71.0 1053.0 61.0 1053.0 small-vehicle 1
51.0 1036.0 59.0 1035.0 60.0 1051.0 53.0 1051.0 small-vehicle 1
32.0 1033.0 41.0 1034.0 41.0 1053.0 32.0 1053.0 small-vehicle 1
43.0 1009.0 52.0 1010.0 51.0 1028.0 42.0 1027.0 small-vehicle 1
70.0 1029.0 61.0 1028.0 63.0 1009.0 72.0 1010.0 small-vehicle 1
46.0 902.0 38.0 902.0 38.0 880.0 48.0 880.0 small-vehicle 1
80.0 1030.0 73.0 1029.0 72.0 1012.0 81.0 1013.0 small-vehicle 1
90.0 1031.0 82.0 1030.0 82.0 1011.0 90.0 1012.0 small-vehicle 1
35.0 954.0 26.0 954.0 27.0 934.0 36.0 933.0 small-vehicle 1
36.0 933.0 44.0 933.0 43.0 951.0 36.0 951.0 small-vehicle 1
54.0 953.0 45.0 953.0 45.0 932.0 53.0 933.0 small-vehicle 1
74.0 955.0 64.0 956.0 65.0 932.0 73.0 933.0 small-vehicle 1
64.0 956.0 55.0 956.0 56.0 936.0 65.0 937.0 small-vehicle 1
43.0 978.0 36.0 978.0 36.0 957.0 44.0 957.0 small-vehicle 1
54.0 977.0 45.0 977.0 46.0 959.0 54.0 958.0 small-vehicle 1
63.0 979.0 55.0 980.0 55.0 959.0 64.0 959.0 small-vehicle 1
84.0 959.0 92.0 959.0 92.0 980.0 83.0 979.0 small-vehicle 1
74.0 961.0 83.0 960.0 82.0 981.0 73.0 980.0 small-vehicle 1
83.0 953.0 74.0 952.0 76.0 931.0 85.0 932.0 small-vehicle 1
94.0 954.0 84.0 953.0 84.0 934.0 95.0 934.0 small-vehicle 1
990.0 164.0 1028.0 167.0 1025.0 250.0 986.0 248.0 tennis-court 0
