imagesource:GoogleEarth
gsd:0.288325286322
278.0 191.0 274.0 181.0 293.0 176.0 297.0 183.0 small-vehicle 1
26.0 685.0 21.0 678.0 36.0 668.0 41.0 673.0 small-vehicle 1
164.0 427.0 173.0 424.0 197.0 494.0 188.0 497.0 large-vehicle 0
146.0 440.0 154.0 437.0 181.0 509.0 171.0 512.0 large-vehicle 0
109.0 447.0 119.0 444.0 143.0 517.0 132.0 521.0 large-vehicle 0
23.0 488.0 16.0 491.0 10.0 474.0 17.0 472.0 small-vehicle 1
32.0 484.0 24.0 488.0 18.0 470.0 25.0 467.0 small-vehicle 1
37.0 522.0 44.0 520.0 49.0 540.0 42.0 542.0 small-vehicle 1
18.0 532.0 26.0 529.0 32.0 545.0 24.0 548.0 small-vehicle 1
20.0 587.0 13.0 590.0 6.0 572.0 13.0 568.0 small-vehicle 1
13.0 683.0 7.0 677.0 19.0 668.0 23.0 675.0 small-vehicle 1
45.0 683.0 36.0 677.0 48.0 666.0 56.0 672.0 small-vehicle 1
249.0 389.0 258.0 386.0 281.0 455.0 272.0 459.0 large-vehicle 0
61.0 686.0 53.0 680.0 66.0 669.0 72.0 674.0 small-vehicle 1
75.0 687.0 68.0 681.0 79.0 669.0 87.0 674.0 small-vehicle 1
89.0 689.0 84.0 683.0 96.0 670.0 102.0 676.0 small-vehicle 1
105.0 689.0 98.0 684.0 111.0 670.0 117.0 675.0 small-vehicle 1
131.0 690.0 127.0 684.0 141.0 673.0 145.0 679.0 small-vehicle 1
154.0 676.0 159.0 681.0 147.0 692.0 141.0 686.0 small-vehicle 1
163.0 692.0 158.0 687.0 173.0 676.0 177.0 681.0 small-vehicle 1
180.0 694.0 174.0 688.0 185.0 675.0 192.0 679.0 small-vehicle 1
195.0 693.0 190.0 688.0 201.0 679.0 206.0 683.0 small-vehicle 1
229.0 403.0 239.0 400.0 264.0 470.0 253.0 474.0 large-vehicle 0
275.0 393.0 283.0 390.0 309.0 458.0 298.0 461.0 large-vehicle 0
259.0 681.0 265.0 685.0 255.0 694.0 250.0 689.0 small-vehicle 1
160.0 304.0 152.0 308.0 129.0 247.0 139.0 243.0 large-vehicle 0
286.0 42.0 289.0 52.0 225.0 73.0 221.0 62.0 large-vehicle 0
295.0 63.0 300.0 73.0 233.0 96.0 229.0 86.0 large-vehicle 0
300.0 79.0 302.0 87.0 236.0 109.0 233.0 99.0 large-vehicle 0
306.0 88.0 309.0 97.0 241.0 120.0 237.0 110.0 large-vehicle 0
309.0 101.0 312.0 110.0 245.0 133.0 242.0 123.0 large-vehicle 0
257.0 279.0 248.0 283.0 225.0 214.0 236.0 212.0 large-vehicle 0
234.0 286.0 226.0 289.0 201.0 223.0 211.0 219.0 large-vehicle 0
186.0 302.0 177.0 306.0 154.0 238.0 164.0 236.0 large-vehicle 0
177.0 311.0 168.0 315.0 141.0 243.0 152.0 240.0 large-vehicle 0
151.0 315.0 142.0 319.0 117.0 250.0 127.0 247.0 large-vehicle 0
309.0 382.0 319.0 379.0 346.0 452.0 335.0 456.0 large-vehicle 0
138.0 317.0 130.0 321.0 106.0 254.0 115.0 251.0 large-vehicle 0
128.0 322.0 120.0 325.0 94.0 259.0 103.0 255.0 large-vehicle 0
114.0 326.0 105.0 329.0 82.0 262.0 91.0 259.0 large-vehicle 0
101.0 327.0 92.0 330.0 69.0 266.0 79.0 263.0 large-vehicle 0
91.0 340.0 83.0 343.0 57.0 270.0 67.0 267.0 large-vehicle 0
79.0 338.0 70.0 342.0 45.0 275.0 55.0 271.0 large-vehicle 0
66.0 341.0 57.0 344.0 34.0 278.0 44.0 275.0 large-vehicle 0
224.0 345.0 216.0 336.0 279.0 301.0 285.0 311.0 large-vehicle 0
297.0 382.0 306.0 378.0 332.0 453.0 322.0 456.0 large-vehicle 0
206.0 694.0 202.0 689.0 212.0 680.0 217.0 685.0 small-vehicle 1
242.0 680.0 247.0 685.0 235.0 695.0 230.0 690.0 small-vehicle 1
12.0 451.0 20.0 449.0 26.0 464.0 17.0 466.0 small-vehicle 1
339.0 654.0 346.0 648.0 360.0 661.0 352.0 668.0 small-vehicle 1
213.0 644.0 218.0 638.0 233.0 650.0 227.0 655.0 small-vehicle 1
229.0 644.0 234.0 639.0 244.0 651.0 238.0 655.0 small-vehicle 1
246.0 648.0 252.0 643.0 263.0 655.0 259.0 659.0 small-vehicle 1
260.0 648.0 265.0 642.0 279.0 653.0 274.0 660.0 small-vehicle 1
276.0 648.0 281.0 642.0 298.0 656.0 293.0 663.0 small-vehicle 1
291.0 649.0 297.0 645.0 311.0 660.0 305.0 665.0 small-vehicle 1
310.0 651.0 316.0 647.0 327.0 658.0 321.0 663.0 small-vehicle 1
329.0 633.0 329.0 641.0 307.0 639.0 308.0 632.0 small-vehicle 1
324.0 654.0 328.0 649.0 341.0 659.0 336.0 665.0 small-vehicle 1
357.0 655.0 362.0 649.0 375.0 663.0 370.0 668.0 small-vehicle 1
182.0 641.0 187.0 637.0 200.0 649.0 196.0 654.0 small-vehicle 1
368.0 654.0 373.0 647.0 389.0 661.0 382.0 667.0 small-vehicle 1
384.0 656.0 390.0 649.0 403.0 661.0 397.0 667.0 small-vehicle 1
399.0 656.0 405.0 650.0 420.0 665.0 413.0 671.0 small-vehicle 1
412.0 656.0 419.0 650.0 431.0 663.0 425.0 668.0 small-vehicle 1
426.0 656.0 433.0 649.0 445.0 662.0 439.0 669.0 small-vehicle 1
443.0 659.0 450.0 654.0 464.0 668.0 457.0 674.0 small-vehicle 1
438.0 687.0 446.0 693.0 433.0 705.0 425.0 698.0 small-vehicle 1
450.0 689.0 460.0 696.0 447.0 709.0 438.0 702.0 small-vehicle 1
417.0 430.0 412.0 420.0 441.0 409.0 445.0 419.0 large-vehicle 0
202.0 645.0 206.0 640.0 222.0 652.0 217.0 658.0 small-vehicle 1
169.0 641.0 175.0 636.0 188.0 648.0 183.0 654.0 small-vehicle 1
228.0 679.0 233.0 684.0 223.0 695.0 217.0 690.0 small-vehicle 1
401.0 706.0 394.0 701.0 408.0 690.0 413.0 694.0 small-vehicle 1
266.0 698.0 261.0 692.0 276.0 680.0 281.0 686.0 small-vehicle 1
285.0 695.0 280.0 689.0 292.0 679.0 297.0 685.0 small-vehicle 1
297.0 698.0 291.0 692.0 302.0 682.0 308.0 688.0 small-vehicle 1
327.0 700.0 321.0 694.0 335.0 685.0 340.0 691.0 small-vehicle 1
341.0 701.0 335.0 695.0 348.0 684.0 353.0 690.0 small-vehicle 1
354.0 703.0 347.0 695.0 357.0 686.0 364.0 692.0 small-vehicle 1
309.0 701.0 303.0 695.0 318.0 685.0 324.0 691.0 small-vehicle 1
372.0 703.0 365.0 696.0 381.0 685.0 388.0 692.0 small-vehicle 1
389.0 704.0 382.0 698.0 396.0 687.0 402.0 692.0 small-vehicle 1
413.0 706.0 407.0 700.0 421.0 688.0 427.0 694.0 small-vehicle 1
154.0 640.0 159.0 636.0 173.0 650.0 168.0 655.0 small-vehicle 1
16.0 634.0 22.0 628.0 34.0 641.0 28.0 647.0 small-vehicle 1
30.0 634.0 36.0 629.0 49.0 641.0 44.0 648.0 small-vehicle 1
44.0 635.0 50.0 629.0 65.0 645.0 58.0 650.0 small-vehicle 1
58.0 635.0 64.0 629.0 81.0 645.0 74.0 651.0 small-vehicle 1
76.0 638.0 81.0 633.0 95.0 646.0 90.0 651.0 small-vehicle 1
89.0 639.0 95.0 633.0 111.0 649.0 105.0 654.0 small-vehicle 1
106.0 638.0 113.0 633.0 127.0 647.0 122.0 652.0 small-vehicle 1
123.0 638.0 128.0 633.0 139.0 645.0 134.0 650.0 small-vehicle 1
139.0 640.0 145.0 633.0 158.0 647.0 153.0 653.0 small-vehicle 1
281.0 16.0 284.0 25.0 217.0 49.0 213.0 38.0 large-vehicle 0
