imagesource:GoogleEarth
gsd:0.276465441384
2149.0 410.0 2151.0 402.0 2171.0 406.0 2169.0 413.0 small-vehicle 1
331.0 1111.0 330.0 1119.0 307.0 1118.0 307.0 1109.0 small-vehicle 1
305.0 1098.0 304.0 1089.0 332.0 1089.0 331.0 1099.0 small-vehicle 1
307.0 1085.0 308.0 1076.0 331.0 1080.0 330.0 1088.0 small-vehicle 1
307.0 1060.0 308.0 1051.0 331.0 1053.0 331.0 1062.0 small-vehicle 1
265.0 1019.0 266.0 1011.0 286.0 1014.0 285.0 1021.0 small-vehicle 1
210.0 1105.0 209.0 1114.0 187.0 1113.0 187.0 1104.0 small-vehicle 1
256.0 1123.0 256.0 1131.0 231.0 1130.0 233.0 1121.0 small-vehicle 1
256.0 1113.0 256.0 1122.0 234.0 1122.0 234.0 1111.0 small-vehicle 1
255.0 1103.0 254.0 1110.0 232.0 1107.0 233.0 1099.0 small-vehicle 1
255.0 1092.0 254.0 1101.0 235.0 1100.0 236.0 1091.0 small-vehicle 1
263.0 1101.0 263.0 1091.0 284.0 1092.0 284.0 1101.0 small-vehicle 1
261.0 1089.0 261.0 1079.0 285.0 1082.0 285.0 1090.0 small-vehicle 1
254.0 1081.0 252.0 1089.0 232.0 1088.0 232.0 1080.0 small-vehicle 1
212.0 1046.0 211.0 1055.0 191.0 1053.0 190.0 1045.0 small-vehicle 1
260.0 1060.0 261.0 1052.0 284.0 1055.0 282.0 1064.0 small-vehicle 1
256.0 1055.0 254.0 1062.0 233.0 1057.0 235.0 1050.0 small-vehicle 1
209.0 1095.0 209.0 1104.0 185.0 1103.0 185.0 1094.0 small-vehicle 1
189.0 1089.0 189.0 1079.0 208.0 1081.0 207.0 1089.0 small-vehicle 1
191.0 1066.0 191.0 1057.0 211.0 1059.0 210.0 1066.0 small-vehicle 1
315.0 1017.0 315.0 1008.0 334.0 1009.0 334.0 1019.0 small-vehicle 1
335.0 978.0 334.0 986.0 309.0 985.0 308.0 976.0 small-vehicle 1
194.0 764.0 205.0 764.0 205.0 785.0 193.0 785.0 small-vehicle 1
182.0 743.0 171.0 742.0 172.0 722.0 183.0 723.0 small-vehicle 1
241.0 1395.0 240.0 1405.0 219.0 1403.0 218.0 1395.0 small-vehicle 0
329.0 1100.0 328.0 1110.0 304.0 1108.0 304.0 1099.0 small-vehicle 1
307.0 1130.0 307.0 1119.0 326.0 1122.0 326.0 1130.0 small-vehicle 1
376.0 1438.0 370.0 1437.0 371.0 1425.0 376.0 1425.0 small-vehicle 1
306.0 1138.0 308.0 1130.0 327.0 1131.0 327.0 1140.0 small-vehicle 1
178.0 1264.0 179.0 1255.0 199.0 1256.0 199.0 1266.0 small-vehicle 1
181.0 1255.0 180.0 1245.0 200.0 1246.0 200.0 1255.0 small-vehicle 1
181.0 1237.0 181.0 1226.0 200.0 1228.0 200.0 1237.0 small-vehicle 1
183.0 1226.0 182.0 1216.0 201.0 1216.0 201.0 1226.0 small-vehicle 1
182.0 1215.0 182.0 1207.0 200.0 1208.0 201.0 1215.0 small-vehicle 1
181.0 1205.0 182.0 1196.0 201.0 1197.0 201.0 1205.0 small-vehicle 1
201.0 1186.0 202.0 1195.0 181.0 1195.0 181.0 1186.0 small-vehicle 1
180.0 1181.0 183.0 1172.0 203.0 1178.0 200.0 1186.0 small-vehicle 1
203.0 1167.0 201.0 1174.0 183.0 1171.0 184.0 1164.0 small-vehicle 1
186.0 1162.0 189.0 1154.0 206.0 1157.0 204.0 1165.0 small-vehicle 1
206.0 1138.0 205.0 1146.0 185.0 1145.0 185.0 1136.0 small-vehicle 1
186.0 1135.0 186.0 1124.0 206.0 1127.0 206.0 1136.0 small-vehicle 1
204.0 1116.0 204.0 1125.0 186.0 1124.0 186.0 1115.0 small-vehicle 1
262.0 1131.0 261.0 1121.0 282.0 1124.0 281.0 1133.0 small-vehicle 1
281.0 1113.0 281.0 1122.0 260.0 1121.0 261.0 1111.0 small-vehicle 1
281.0 1102.0 280.0 1111.0 258.0 1110.0 261.0 1100.0 small-vehicle 1
326.0 1212.0 324.0 1223.0 301.0 1221.0 302.0 1212.0 small-vehicle 1
304.0 1209.0 304.0 1201.0 326.0 1204.0 325.0 1212.0 small-vehicle 1
303.0 1199.0 304.0 1191.0 326.0 1193.0 325.0 1203.0 small-vehicle 1
299.0 1188.0 300.0 1177.0 329.0 1183.0 327.0 1191.0 small-vehicle 1
305.0 1178.0 304.0 1169.0 325.0 1169.0 326.0 1179.0 small-vehicle 1
307.0 1168.0 306.0 1158.0 326.0 1159.0 326.0 1168.0 small-vehicle 1
303.0 1148.0 305.0 1140.0 329.0 1143.0 327.0 1152.0 small-vehicle 1
165.0 1497.0 166.0 1484.0 187.0 1488.0 185.0 1499.0 small-vehicle 0
165.0 1507.0 166.0 1497.0 188.0 1497.0 188.0 1509.0 small-vehicle 0
164.0 1518.0 163.0 1507.0 188.0 1508.0 187.0 1518.0 small-vehicle 0
166.0 1528.0 165.0 1518.0 185.0 1518.0 186.0 1526.0 small-vehicle 0
828.0 1461.0 868.0 1462.0 864.0 1548.0 825.0 1547.0 tennis-court 0
696.0 1457.0 736.0 1458.0 733.0 1543.0 693.0 1543.0 tennis-court 0
761.0 1459.0 801.0 1459.0 800.0 1546.0 759.0 1545.0 tennis-court 0
832.0 1320.0 873.0 1321.0 871.0 1407.0 830.0 1407.0 tennis-court 0
767.0 1317.0 807.0 1320.0 804.0 1405.0 762.0 1404.0 tennis-court 0
700.0 1315.0 741.0 1316.0 738.0 1403.0 697.0 1401.0 tennis-court 0
634.0 1313.0 675.0 1314.0 671.0 1401.0 630.0 1399.0 tennis-court 0
727.0 250.0 927.0 262.0 910.0 623.0 711.0 617.0 soccer-ball-field 0
2052.0 1345.0 2085.0 1346.0 2083.0 1413.0 2050.0 1413.0 tennis-court 0
1987.0 1341.0 2021.0 1343.0 2018.0 1411.0 1983.0 1409.0 tennis-court 0
1889.0 1337.0 1923.0 1339.0 1920.0 1405.0 1886.0 1404.0 tennis-court 0
1823.0 1335.0 1856.0 1335.0 1855.0 1402.0 1819.0 1401.0 tennis-court 0
2072.0 1460.0 2112.0 1463.0 2108.0 1549.0 2067.0 1548.0 tennis-court 0
2019.0 1457.0 2058.0 1460.0 2055.0 1546.0 2014.0 1545.0 tennis-court 0
1964.0 1456.0 2006.0 1458.0 2002.0 1543.0 1961.0 1543.0 tennis-court 0
1894.0 1453.0 1935.0 1454.0 1930.0 1542.0 1889.0 1540.0 tennis-court 0
1840.0 1449.0 1881.0 1452.0 1877.0 1537.0 1836.0 1536.0 tennis-court 0
1786.0 1446.0 1828.0 1449.0 1824.0 1536.0 1783.0 1534.0 tennis-court 0
1703.0 935.0 1671.0 1591.0 1375.0 1582.0 1404.0 928.0 ground-track-field 0
983.0 112.0 953.0 765.0 657.0 752.0 689.0 94.0 ground-track-field 0
1740.0 371.0 1585.0 369.0 1592.0 201.0 1761.0 214.0 baseball-diamond 0
1772.0 494.0 1767.0 609.0 1653.0 605.0 1656.0 488.0 baseball-diamond 0
257.0 636.0 358.0 640.0 355.0 739.0 253.0 738.0 baseball-diamond 0
629.0 1454.0 670.0 1456.0 667.0 1541.0 626.0 1541.0 tennis-court 0
767.0 1581.0 765.0 1622.0 852.0 1625.0 854.0 1585.0 tennis-court 0
267.0 1030.0 267.0 1021.0 287.0 1023.0 285.0 1034.0 small-vehicle 0
264.0 1043.0 265.0 1033.0 285.0 1034.0 285.0 1046.0 small-vehicle 0
164.0 1537.0 164.0 1527.0 188.0 1529.0 186.0 1541.0 small-vehicle 0
205.0 1654.0 205.0 1647.0 233.0 1649.0 232.0 1658.0 small-vehicle 0
207.0 1647.0 207.0 1636.0 231.0 1639.0 231.0 1649.0 small-vehicle 0
210.0 1634.0 210.0 1623.0 232.0 1627.0 231.0 1639.0 small-vehicle 0
188.0 1045.0 188.0 1034.0 213.0 1033.0 213.0 1044.0 small-vehicle 0
331.0 1062.0 332.0 1071.0 309.0 1071.0 309.0 1061.0 small-vehicle 0
332.0 1044.0 332.0 1053.0 306.0 1049.0 307.0 1042.0 small-vehicle 0
258.0 1069.0 258.0 1081.0 236.0 1079.0 239.0 1069.0 small-vehicle 0
263.0 1078.0 264.0 1069.0 287.0 1071.0 285.0 1082.0 small-vehicle 0
313.0 1039.0 314.0 1030.0 332.0 1032.0 332.0 1040.0 small-vehicle 0
264.0 1051.0 265.0 1041.0 284.0 1044.0 284.0 1055.0 small-vehicle 0
259.0 1021.0 259.0 1031.0 237.0 1028.0 239.0 1019.0 small-vehicle 0
257.0 1043.0 255.0 1051.0 235.0 1050.0 236.0 1040.0 small-vehicle 0
190.0 1022.0 190.0 1012.0 211.0 1015.0 211.0 1023.0 small-vehicle 0
191.0 1012.0 191.0 1003.0 213.0 1005.0 211.0 1014.0 small-vehicle 0
190.0 1002.0 190.0 992.0 211.0 994.0 211.0 1003.0 small-vehicle 0
354.0 1227.0 366.0 1228.0 366.0 1268.0 354.0 1267.0 large-vehicle 0
380.0 1138.0 395.0 1139.0 393.0 1169.0 379.0 1169.0 large-vehicle 0
358.0 1097.0 373.0 1097.0 369.0 1122.0 358.0 1123.0 large-vehicle 0
360.0 1008.0 371.0 1008.0 372.0 1035.0 360.0 1036.0 large-vehicle 0
337.0 1021.0 335.0 1030.0 314.0 1029.0 313.0 1020.0 small-vehicle 0
260.0 968.0 249.0 968.0 248.0 941.0 259.0 941.0 small-vehicle 0
198.0 1267.0 198.0 1275.0 178.0 1275.0 177.0 1265.0 small-vehicle 1
178.0 1286.0 178.0 1275.0 198.0 1277.0 198.0 1286.0 small-vehicle 1
199.0 1287.0 197.0 1295.0 177.0 1293.0 178.0 1286.0 small-vehicle 1
260.0 1541.0 260.0 1549.0 237.0 1547.0 237.0 1538.0 small-vehicle 1
188.0 1459.0 188.0 1468.0 168.0 1467.0 168.0 1458.0 small-vehicle 1
191.0 1478.0 190.0 1488.0 166.0 1486.0 166.0 1476.0 small-vehicle 1
239.0 1456.0 237.0 1465.0 220.0 1465.0 220.0 1456.0 small-vehicle 1
239.0 1446.0 238.0 1456.0 214.0 1455.0 215.0 1445.0 small-vehicle 1
239.0 1437.0 239.0 1446.0 214.0 1444.0 214.0 1435.0 small-vehicle 1
239.0 1425.0 237.0 1435.0 220.0 1432.0 221.0 1423.0 small-vehicle 1
217.0 1420.0 219.0 1411.0 241.0 1415.0 239.0 1426.0 small-vehicle 1
240.0 1405.0 241.0 1414.0 220.0 1413.0 220.0 1405.0 small-vehicle 1
241.0 1384.0 241.0 1392.0 219.0 1391.0 221.0 1382.0 small-vehicle 1
246.0 1392.0 247.0 1383.0 267.0 1385.0 266.0 1395.0 small-vehicle 1
247.0 1403.0 247.0 1394.0 267.0 1395.0 267.0 1404.0 small-vehicle 1
268.0 1406.0 268.0 1415.0 251.0 1415.0 251.0 1406.0 small-vehicle 1
244.0 1425.0 243.0 1416.0 268.0 1417.0 267.0 1426.0 small-vehicle 1
242.0 1435.0 243.0 1425.0 266.0 1429.0 264.0 1437.0 small-vehicle 1
242.0 1446.0 243.0 1435.0 265.0 1437.0 265.0 1447.0 small-vehicle 1
263.0 1448.0 263.0 1457.0 244.0 1455.0 243.0 1446.0 small-vehicle 1
244.0 1465.0 244.0 1457.0 263.0 1458.0 264.0 1466.0 small-vehicle 1
243.0 1476.0 242.0 1468.0 262.0 1470.0 262.0 1477.0 small-vehicle 1
233.0 1466.0 233.0 1475.0 213.0 1474.0 213.0 1465.0 small-vehicle 1
262.0 1487.0 262.0 1496.0 242.0 1493.0 243.0 1484.0 small-vehicle 1
244.0 1504.0 244.0 1495.0 262.0 1497.0 262.0 1507.0 small-vehicle 1
243.0 1516.0 243.0 1504.0 260.0 1507.0 260.0 1516.0 small-vehicle 1
239.0 1527.0 239.0 1516.0 260.0 1518.0 259.0 1528.0 small-vehicle 1
188.0 1448.0 189.0 1456.0 170.0 1456.0 170.0 1447.0 small-vehicle 1
172.0 1445.0 171.0 1438.0 190.0 1440.0 190.0 1447.0 small-vehicle 1
190.0 1430.0 189.0 1438.0 170.0 1436.0 170.0 1428.0 small-vehicle 1
2199.0 406.0 2198.0 397.0 2218.0 398.0 2217.0 406.0 small-vehicle 1
315.0 1389.0 314.0 1395.0 297.0 1394.0 298.0 1387.0 small-vehicle 1
316.0 1397.0 315.0 1404.0 295.0 1404.0 296.0 1398.0 small-vehicle 1
298.0 1414.0 299.0 1406.0 314.0 1410.0 314.0 1416.0 small-vehicle 1
313.0 1420.0 313.0 1428.0 295.0 1425.0 296.0 1418.0 small-vehicle 1
298.0 1437.0 298.0 1429.0 314.0 1431.0 314.0 1438.0 small-vehicle 1
298.0 1447.0 298.0 1441.0 315.0 1442.0 314.0 1449.0 small-vehicle 1
311.0 1451.0 311.0 1458.0 296.0 1459.0 296.0 1450.0 small-vehicle 1
291.0 1497.0 291.0 1490.0 307.0 1491.0 306.0 1498.0 small-vehicle 1
295.0 1469.0 294.0 1461.0 313.0 1462.0 312.0 1470.0 small-vehicle 1
2243.0 361.0 2242.0 369.0 2227.0 369.0 2226.0 360.0 small-vehicle 1
2217.0 358.0 2218.0 367.0 2201.0 367.0 2200.0 357.0 small-vehicle 1
173.0 1425.0 173.0 1416.0 190.0 1417.0 190.0 1427.0 small-vehicle 1
2150.0 355.0 2149.0 343.0 2169.0 344.0 2169.0 355.0 small-vehicle 1
2134.0 286.0 2121.0 286.0 2122.0 265.0 2134.0 265.0 small-vehicle 1
1245.0 1039.0 1237.0 1039.0 1237.0 1023.0 1246.0 1024.0 small-vehicle 1
1390.0 940.0 1382.0 941.0 1381.0 925.0 1388.0 925.0 small-vehicle 1
1363.0 944.0 1370.0 944.0 1372.0 962.0 1364.0 962.0 small-vehicle 1
1334.0 869.0 1333.0 861.0 1352.0 860.0 1352.0 868.0 small-vehicle 1
1425.0 872.0 1425.0 881.0 1402.0 880.0 1402.0 871.0 small-vehicle 1
1237.0 786.0 1244.0 786.0 1245.0 802.0 1237.0 802.0 small-vehicle 1
841.0 1427.0 836.0 1416.0 857.0 1410.0 860.0 1419.0 small-vehicle 1
174.0 1415.0 174.0 1407.0 191.0 1408.0 191.0 1417.0 small-vehicle 1
261.0 1528.0 261.0 1538.0 239.0 1537.0 239.0 1527.0 small-vehicle 1
236.0 1486.0 233.0 1493.0 210.0 1490.0 211.0 1482.0 small-vehicle 1
175.0 1304.0 176.0 1296.0 201.0 1301.0 199.0 1310.0 small-vehicle 1
235.0 1496.0 235.0 1504.0 214.0 1504.0 212.0 1495.0 small-vehicle 1
251.0 1195.0 250.0 1203.0 230.0 1201.0 231.0 1193.0 small-vehicle 1
250.0 1205.0 248.0 1213.0 226.0 1210.0 226.0 1203.0 small-vehicle 1
248.0 1217.0 246.0 1224.0 225.0 1223.0 226.0 1214.0 small-vehicle 1
249.0 1228.0 249.0 1236.0 231.0 1235.0 230.0 1226.0 small-vehicle 1
230.0 1251.0 231.0 1243.0 251.0 1245.0 251.0 1253.0 small-vehicle 1
248.0 1254.0 246.0 1262.0 226.0 1260.0 226.0 1252.0 small-vehicle 1
246.0 1263.0 246.0 1273.0 226.0 1270.0 226.0 1261.0 small-vehicle 1
248.0 1272.0 248.0 1281.0 223.0 1281.0 223.0 1272.0 small-vehicle 1
247.0 1286.0 246.0 1294.0 220.0 1290.0 221.0 1282.0 small-vehicle 1
246.0 1296.0 246.0 1304.0 225.0 1303.0 226.0 1295.0 small-vehicle 1
246.0 1307.0 245.0 1316.0 221.0 1313.0 221.0 1304.0 small-vehicle 1
245.0 1317.0 245.0 1325.0 223.0 1324.0 224.0 1316.0 small-vehicle 1
220.0 1334.0 221.0 1326.0 245.0 1329.0 243.0 1337.0 small-vehicle 1
320.0 1326.0 320.0 1334.0 301.0 1332.0 300.0 1324.0 small-vehicle 1
298.0 1320.0 299.0 1312.0 320.0 1316.0 320.0 1325.0 small-vehicle 1
299.0 1311.0 299.0 1302.0 321.0 1304.0 322.0 1313.0 small-vehicle 1
322.0 1294.0 321.0 1302.0 299.0 1299.0 300.0 1291.0 small-vehicle 1
303.0 1291.0 304.0 1282.0 322.0 1284.0 320.0 1293.0 small-vehicle 1
297.0 1279.0 298.0 1271.0 324.0 1271.0 324.0 1281.0 small-vehicle 1
301.0 1268.0 302.0 1260.0 325.0 1262.0 324.0 1272.0 small-vehicle 1
302.0 1255.0 303.0 1248.0 323.0 1252.0 321.0 1260.0 small-vehicle 1
324.0 1234.0 324.0 1243.0 306.0 1244.0 306.0 1234.0 small-vehicle 1
324.0 1225.0 324.0 1232.0 302.0 1231.0 302.0 1224.0 small-vehicle 1
252.0 1185.0 251.0 1194.0 229.0 1191.0 229.0 1183.0 small-vehicle 1
256.0 1192.0 257.0 1182.0 280.0 1184.0 279.0 1192.0 small-vehicle 1
257.0 1203.0 256.0 1194.0 281.0 1196.0 280.0 1205.0 small-vehicle 1
345.0 1319.0 353.0 1324.0 338.0 1339.0 331.0 1334.0 small-vehicle 1
235.0 1505.0 234.0 1516.0 212.0 1512.0 213.0 1503.0 small-vehicle 1
215.0 1524.0 216.0 1517.0 236.0 1518.0 236.0 1526.0 small-vehicle 1
235.0 1528.0 235.0 1535.0 212.0 1534.0 213.0 1526.0 small-vehicle 1
235.0 1538.0 234.0 1546.0 211.0 1544.0 214.0 1536.0 small-vehicle 1
234.0 1550.0 233.0 1558.0 211.0 1555.0 212.0 1547.0 small-vehicle 1
233.0 1560.0 233.0 1567.0 214.0 1567.0 214.0 1559.0 small-vehicle 1
164.0 1547.0 164.0 1540.0 183.0 1541.0 183.0 1548.0 small-vehicle 1
187.0 1551.0 187.0 1559.0 166.0 1559.0 168.0 1550.0 small-vehicle 1
181.0 1637.0 180.0 1645.0 161.0 1643.0 161.0 1636.0 small-vehicle 1
162.0 1636.0 162.0 1625.0 182.0 1628.0 181.0 1636.0 small-vehicle 1
252.0 1336.0 252.0 1327.0 271.0 1328.0 271.0 1336.0 small-vehicle 1
281.0 1208.0 280.0 1216.0 254.0 1211.0 255.0 1203.0 small-vehicle 1
253.0 1326.0 253.0 1317.0 270.0 1319.0 270.0 1328.0 small-vehicle 1
252.0 1315.0 252.0 1307.0 271.0 1309.0 271.0 1316.0 small-vehicle 1
251.0 1305.0 251.0 1296.0 274.0 1298.0 273.0 1306.0 small-vehicle 1
257.0 1295.0 257.0 1286.0 275.0 1288.0 274.0 1297.0 small-vehicle 1
256.0 1285.0 255.0 1274.0 274.0 1276.0 274.0 1285.0 small-vehicle 1
252.0 1273.0 252.0 1264.0 274.0 1264.0 273.0 1274.0 small-vehicle 1
255.0 1264.0 255.0 1254.0 273.0 1254.0 274.0 1262.0 small-vehicle 1
253.0 1252.0 254.0 1243.0 273.0 1246.0 271.0 1254.0 small-vehicle 1
256.0 1236.0 257.0 1226.0 276.0 1227.0 275.0 1237.0 small-vehicle 1
258.0 1224.0 257.0 1217.0 278.0 1216.0 277.0 1225.0 small-vehicle 1
256.0 436.0 265.0 282.0 415.0 290.0 412.0 440.0 baseball-diamond 0
