imagesource:GoogleEarth
gsd:0.273855978674
56.0 536.0 49.0 530.0 64.0 504.0 73.0 509.0 large-vehicle 0
44.0 621.0 61.0 582.0 88.0 593.0 73.0 630.0 plane 0
541.0 508.0 557.0 468.0 583.0 479.0 569.0 519.0 plane 0
511.0 336.0 529.0 299.0 555.0 311.0 537.0 349.0 plane 0
495.0 384.0 511.0 345.0 537.0 357.0 521.0 395.0 plane 0
475.0 428.0 492.0 390.0 519.0 401.0 502.0 439.0 plane 0
458.0 472.0 475.0 435.0 501.0 447.0 484.0 484.0 plane 0
440.0 520.0 455.0 481.0 482.0 491.0 466.0 531.0 plane 0
422.0 567.0 438.0 526.0 464.0 538.0 448.0 577.0 plane 0
466.0 214.0 482.0 175.0 508.0 186.0 493.0 225.0 plane 0
448.0 260.0 464.0 220.0 490.0 231.0 475.0 271.0 plane 0
429.0 305.0 446.0 265.0 473.0 276.0 456.0 316.0 plane 0
411.0 350.0 427.0 313.0 453.0 322.0 438.0 361.0 plane 0
393.0 396.0 411.0 357.0 437.0 368.0 422.0 407.0 plane 0
374.0 443.0 391.0 402.0 418.0 413.0 402.0 452.0 plane 0
357.0 486.0 375.0 448.0 400.0 459.0 384.0 497.0 plane 0
339.0 532.0 356.0 494.0 382.0 506.0 365.0 543.0 plane 0
305.0 624.0 319.0 587.0 345.0 596.0 332.0 633.0 plane 0
299.0 414.0 316.0 375.0 343.0 388.0 325.0 427.0 plane 0
246.0 548.0 263.0 508.0 291.0 520.0 272.0 561.0 plane 0
230.0 593.0 245.0 556.0 271.0 567.0 256.0 603.0 plane 0
560.0 463.0 575.0 425.0 602.0 434.0 586.0 474.0 plane 0
579.0 417.0 594.0 379.0 621.0 389.0 605.0 428.0 plane 0
594.0 371.0 612.0 331.0 637.0 342.0 621.0 381.0 plane 0
841.0 526.0 858.0 489.0 889.0 502.0 874.0 539.0 plane 0
1003.0 643.0 1019.0 606.0 1052.0 620.0 1037.0 658.0 plane 0
1022.0 597.0 1038.0 560.0 1069.0 574.0 1054.0 611.0 plane 0
1041.0 552.0 1055.0 514.0 1088.0 528.0 1073.0 565.0 plane 0
1058.0 506.0 1074.0 470.0 1105.0 482.0 1091.0 520.0 plane 0
986.0 423.0 1004.0 387.0 1034.0 401.0 1018.0 438.0 plane 0
950.0 517.0 965.0 479.0 996.0 492.0 981.0 530.0 plane 0
930.0 563.0 946.0 524.0 978.0 537.0 964.0 576.0 plane 0
860.0 480.0 876.0 444.0 906.0 456.0 893.0 493.0 plane 0
896.0 391.0 913.0 352.0 943.0 365.0 928.0 402.0 plane 0
615.0 325.0 629.0 286.0 657.0 298.0 641.0 337.0 plane 0
806.0 354.0 823.0 315.0 852.0 328.0 837.0 366.0 plane 0
770.0 445.0 785.0 407.0 816.0 420.0 802.0 457.0 plane 0
751.0 490.0 767.0 451.0 799.0 466.0 783.0 504.0 plane 0
732.0 536.0 749.0 498.0 780.0 512.0 764.0 550.0 plane 0
701.0 363.0 719.0 325.0 745.0 338.0 728.0 376.0 plane 0
680.0 409.0 698.0 370.0 725.0 383.0 709.0 421.0 plane 0
663.0 455.0 680.0 417.0 708.0 429.0 690.0 467.0 plane 0
627.0 547.0 644.0 508.0 672.0 520.0 656.0 559.0 plane 0
25.0 662.0 40.0 622.0 68.0 633.0 54.0 672.0 plane 0
63.0 578.0 76.0 541.0 103.0 550.0 91.0 587.0 plane 0
784.0 827.0 792.0 823.0 801.0 837.0 795.0 842.0 small-vehicle 1
137.0 608.0 152.0 567.0 178.0 578.0 161.0 618.0 plane 0
680.0 777.0 688.0 780.0 682.0 798.0 674.0 794.0 small-vehicle 1
624.0 779.0 634.0 782.0 629.0 800.0 619.0 797.0 small-vehicle 1
635.0 781.0 643.0 784.0 637.0 801.0 630.0 799.0 small-vehicle 1
645.0 785.0 652.0 787.0 646.0 806.0 638.0 802.0 small-vehicle 1
652.0 787.0 661.0 791.0 654.0 809.0 646.0 807.0 small-vehicle 1
662.0 791.0 671.0 795.0 665.0 812.0 656.0 809.0 small-vehicle 1
673.0 795.0 682.0 799.0 674.0 819.0 665.0 815.0 small-vehicle 1
768.0 813.0 763.0 822.0 747.0 814.0 752.0 804.0 small-vehicle 1
741.0 824.0 744.0 815.0 758.0 822.0 756.0 829.0 small-vehicle 1
753.0 830.0 751.0 838.0 736.0 833.0 740.0 824.0 small-vehicle 1
732.0 832.0 729.0 839.0 711.0 832.0 715.0 824.0 small-vehicle 1
738.0 812.0 735.0 820.0 717.0 813.0 721.0 804.0 small-vehicle 1
828.0 842.0 823.0 849.0 805.0 837.0 812.0 828.0 small-vehicle 1
1181.0 780.0 1190.0 784.0 1184.0 804.0 1174.0 800.0 small-vehicle 1
1191.0 785.0 1199.0 788.0 1192.0 808.0 1184.0 805.0 small-vehicle 1
1200.0 788.0 1207.0 791.0 1201.0 811.0 1192.0 808.0 small-vehicle 1
1208.0 791.0 1217.0 796.0 1210.0 814.0 1202.0 811.0 small-vehicle 1
1217.0 795.0 1225.0 798.0 1219.0 818.0 1211.0 815.0 small-vehicle 1
740.0 743.0 743.0 734.0 760.0 745.0 757.0 753.0 small-vehicle 1
672.0 793.0 664.0 789.0 671.0 772.0 678.0 776.0 small-vehicle 1
664.0 790.0 655.0 786.0 662.0 769.0 669.0 773.0 small-vehicle 1
653.0 784.0 646.0 780.0 653.0 766.0 660.0 770.0 small-vehicle 1
587.0 834.0 578.0 830.0 586.0 814.0 593.0 817.0 small-vehicle 1
119.0 652.0 133.0 610.0 161.0 623.0 146.0 662.0 plane 0
167.0 518.0 183.0 478.0 211.0 491.0 194.0 530.0 plane 0
190.0 475.0 207.0 435.0 232.0 448.0 216.0 486.0 plane 0
116.0 443.0 130.0 407.0 155.0 417.0 143.0 452.0 plane 0
226.0 384.0 242.0 344.0 269.0 355.0 252.0 395.0 plane 0
244.0 333.0 259.0 299.0 286.0 311.0 270.0 347.0 plane 0
560.0 823.0 551.0 820.0 558.0 801.0 566.0 804.0 small-vehicle 1
569.0 828.0 560.0 824.0 567.0 805.0 576.0 808.0 small-vehicle 1
597.0 836.0 589.0 833.0 594.0 815.0 602.0 820.0 small-vehicle 1
644.0 783.0 636.0 777.0 643.0 762.0 652.0 767.0 small-vehicle 1
540.0 742.0 531.0 737.0 540.0 718.0 548.0 724.0 small-vehicle 1
542.0 607.0 539.0 614.0 523.0 609.0 525.0 600.0 small-vehicle 1
578.0 663.0 575.0 671.0 557.0 665.0 561.0 655.0 small-vehicle 1
551.0 746.0 542.0 741.0 550.0 724.0 559.0 730.0 small-vehicle 1
507.0 795.0 498.0 789.0 511.0 769.0 519.0 773.0 small-vehicle 1
617.0 775.0 624.0 779.0 617.0 795.0 610.0 792.0 small-vehicle 1
608.0 770.0 615.0 773.0 609.0 790.0 602.0 786.0 small-vehicle 1
634.0 780.0 627.0 775.0 633.0 759.0 641.0 762.0 small-vehicle 1
493.0 726.0 452.0 712.0 460.0 684.0 502.0 698.0 plane 0
