imagesource:GoogleEarth
gsd:0.281618247875
686.0 740.0 695.0 744.0 689.0 762.0 680.0 759.0 small-vehicle 1
286.0 607.0 313.0 575.0 334.0 594.0 307.0 626.0 plane 0
605.0 167.0 566.0 168.0 567.0 140.0 604.0 139.0 plane 0
671.0 207.0 640.0 184.0 656.0 161.0 686.0 185.0 plane 0
708.0 237.0 676.0 212.0 694.0 188.0 725.0 217.0 plane 0
494.0 333.0 517.0 305.0 540.0 323.0 519.0 353.0 plane 0
468.0 374.0 489.0 342.0 512.0 359.0 489.0 391.0 plane 0
437.0 411.0 458.0 383.0 481.0 400.0 459.0 429.0 plane 0
558.0 405.0 582.0 372.0 606.0 390.0 580.0 425.0 plane 0
530.0 445.0 556.0 412.0 577.0 431.0 550.0 464.0 plane 0
406.0 451.0 428.0 422.0 450.0 439.0 429.0 469.0 plane 0
377.0 488.0 400.0 460.0 421.0 478.0 399.0 507.0 plane 0
347.0 530.0 373.0 496.0 394.0 515.0 368.0 547.0 plane 0
317.0 568.0 343.0 537.0 364.0 554.0 339.0 585.0 plane 0
260.0 646.0 281.0 614.0 305.0 632.0 279.0 662.0 plane 0
621.0 725.0 623.0 716.0 639.0 722.0 636.0 730.0 small-vehicle 1
227.0 683.0 253.0 653.0 274.0 670.0 248.0 702.0 plane 0
63.0 743.0 83.0 709.0 107.0 725.0 85.0 758.0 plane 0
91.0 700.0 114.0 670.0 137.0 688.0 113.0 716.0 plane 0
120.0 662.0 144.0 631.0 166.0 649.0 142.0 678.0 plane 0
149.0 624.0 174.0 591.0 196.0 608.0 173.0 640.0 plane 0
179.0 583.0 204.0 552.0 225.0 570.0 202.0 600.0 plane 0
210.0 548.0 233.0 514.0 254.0 529.0 231.0 561.0 plane 0
241.0 507.0 263.0 476.0 284.0 493.0 262.0 523.0 plane 0
270.0 468.0 292.0 438.0 314.0 456.0 290.0 484.0 plane 0
298.0 430.0 323.0 399.0 343.0 416.0 319.0 446.0 plane 0
488.0 339.0 482.0 335.0 498.0 310.0 508.0 317.0 large-vehicle 0
614.0 740.0 616.0 732.0 633.0 738.0 630.0 746.0 small-vehicle 1
558.0 168.0 519.0 172.0 516.0 145.0 556.0 141.0 plane 0
