imagesource:GoogleEarth
gsd:0.276594873824
35.0 704.0 28.0 709.0 12.0 695.0 20.0 689.0 small-vehicle 0
307.0 626.0 283.0 654.0 262.0 633.0 287.0 606.0 plane 0
445.0 476.0 420.0 506.0 395.0 486.0 422.0 455.0 plane 0
484.0 442.0 452.0 472.0 431.0 448.0 465.0 418.0 plane 0
529.0 394.0 505.0 420.0 486.0 403.0 511.0 374.0 plane 0
573.0 357.0 547.0 387.0 517.0 361.0 545.0 334.0 plane 0
556.0 309.0 581.0 281.0 604.0 306.0 579.0 332.0 plane 0
589.0 273.0 619.0 242.0 637.0 264.0 610.0 292.0 plane 0
734.0 183.0 704.0 212.0 685.0 190.0 714.0 163.0 plane 0
697.0 224.0 667.0 252.0 648.0 228.0 676.0 202.0 plane 0
776.0 151.0 749.0 179.0 722.0 152.0 749.0 124.0 plane 0
808.0 103.0 781.0 131.0 760.0 110.0 788.0 82.0 plane 0
799.0 65.0 827.0 38.0 847.0 58.0 822.0 85.0 plane 0
