imagesource:GoogleEarth
gsd:0.546252373175
781.0 742.0 777.0 737.0 790.0 731.0 793.0 737.0 small-vehicle 1
1246.0 32.0 1251.0 35.0 1245.0 45.0 1240.0 43.0 small-vehicle 1
241.0 798.0 237.0 797.0 239.0 788.0 244.0 788.0 small-vehicle 1
247.0 799.0 243.0 798.0 244.0 789.0 249.0 789.0 small-vehicle 1
253.0 800.0 248.0 799.0 250.0 788.0 256.0 789.0 small-vehicle 1
259.0 801.0 254.0 800.0 256.0 789.0 261.0 790.0 small-vehicle 1
265.0 802.0 260.0 801.0 261.0 792.0 266.0 792.0 small-vehicle 1
270.0 803.0 266.0 802.0 267.0 792.0 272.0 793.0 small-vehicle 1
276.0 804.0 271.0 804.0 273.0 793.0 277.0 794.0 small-vehicle 1
281.0 806.0 276.0 805.0 277.0 796.0 282.0 797.0 small-vehicle 1
287.0 807.0 282.0 807.0 283.0 797.0 288.0 798.0 small-vehicle 1
292.0 809.0 287.0 808.0 289.0 798.0 294.0 799.0 small-vehicle 1
297.0 809.0 292.0 809.0 295.0 798.0 299.0 799.0 small-vehicle 1
304.0 811.0 298.0 810.0 300.0 801.0 305.0 801.0 small-vehicle 1
332.0 818.0 338.0 819.0 334.0 827.0 329.0 825.0 small-vehicle 1
338.0 819.0 343.0 819.0 341.0 828.0 336.0 828.0 small-vehicle 1
343.0 820.0 349.0 820.0 346.0 832.0 341.0 831.0 small-vehicle 1
338.0 817.0 332.0 816.0 333.0 804.0 339.0 805.0 small-vehicle 1
343.0 819.0 339.0 818.0 340.0 809.0 345.0 809.0 small-vehicle 1
350.0 819.0 346.0 819.0 346.0 808.0 351.0 809.0 small-vehicle 1
357.0 821.0 352.0 820.0 352.0 811.0 357.0 812.0 small-vehicle 1
351.0 821.0 355.0 822.0 353.0 831.0 348.0 830.0 small-vehicle 1
359.0 834.0 354.0 833.0 355.0 822.0 361.0 822.0 small-vehicle 1
362.0 823.0 366.0 824.0 364.0 834.0 359.0 833.0 small-vehicle 1
368.0 824.0 372.0 825.0 370.0 836.0 365.0 835.0 small-vehicle 1
373.0 826.0 378.0 827.0 376.0 836.0 371.0 836.0 small-vehicle 1
379.0 828.0 384.0 829.0 382.0 838.0 377.0 837.0 small-vehicle 1
237.0 796.0 232.0 794.0 234.0 787.0 238.0 789.0 small-vehicle 1
231.0 795.0 227.0 794.0 229.0 785.0 234.0 786.0 small-vehicle 1
227.0 794.0 221.0 793.0 223.0 782.0 228.0 784.0 small-vehicle 1
289.0 819.0 285.0 818.0 287.0 809.0 291.0 810.0 small-vehicle 1
221.0 793.0 226.0 794.0 224.0 805.0 218.0 804.0 small-vehicle 1
226.0 796.0 231.0 796.0 229.0 806.0 224.0 805.0 small-vehicle 1
237.0 797.0 242.0 798.0 240.0 808.0 235.0 806.0 small-vehicle 1
244.0 798.0 248.0 799.0 245.0 809.0 241.0 808.0 small-vehicle 1
251.0 811.0 246.0 810.0 249.0 799.0 253.0 800.0 small-vehicle 1
255.0 801.0 258.0 802.0 255.0 810.0 252.0 809.0 small-vehicle 1
261.0 814.0 257.0 814.0 259.0 803.0 263.0 804.0 small-vehicle 1
265.0 802.0 270.0 804.0 267.0 814.0 263.0 813.0 small-vehicle 1
270.0 804.0 275.0 805.0 273.0 814.0 269.0 814.0 small-vehicle 1
276.0 806.0 281.0 807.0 279.0 815.0 274.0 814.0 small-vehicle 1
284.0 817.0 279.0 816.0 281.0 807.0 286.0 808.0 small-vehicle 1
291.0 810.0 295.0 810.0 295.0 820.0 290.0 820.0 small-vehicle 1
221.0 793.0 216.0 793.0 217.0 782.0 222.0 783.0 small-vehicle 1
297.0 811.0 302.0 811.0 300.0 822.0 295.0 821.0 small-vehicle 1
165.0 781.0 160.0 779.0 162.0 769.0 168.0 771.0 small-vehicle 1
171.0 784.0 165.0 782.0 168.0 773.0 173.0 774.0 small-vehicle 1
173.0 773.0 178.0 774.0 176.0 784.0 171.0 783.0 small-vehicle 1
181.0 785.0 176.0 785.0 178.0 776.0 183.0 776.0 small-vehicle 1
188.0 785.0 183.0 785.0 184.0 775.0 189.0 776.0 small-vehicle 1
194.0 787.0 189.0 786.0 190.0 776.0 195.0 777.0 small-vehicle 1
195.0 777.0 201.0 778.0 198.0 789.0 194.0 788.0 small-vehicle 1
204.0 790.0 200.0 789.0 201.0 780.0 206.0 780.0 small-vehicle 1
210.0 790.0 205.0 789.0 206.0 780.0 211.0 780.0 small-vehicle 1
215.0 792.0 211.0 792.0 212.0 781.0 216.0 781.0 small-vehicle 1
385.0 828.0 389.0 828.0 387.0 838.0 383.0 838.0 small-vehicle 1
390.0 829.0 395.0 830.0 393.0 838.0 389.0 838.0 small-vehicle 1
395.0 830.0 400.0 831.0 398.0 842.0 393.0 840.0 small-vehicle 1
395.0 771.0 391.0 771.0 392.0 761.0 396.0 761.0 small-vehicle 1
407.0 805.0 402.0 804.0 403.0 796.0 408.0 796.0 small-vehicle 1
413.0 805.0 409.0 804.0 410.0 795.0 415.0 796.0 small-vehicle 1
415.0 797.0 419.0 798.0 418.0 806.0 413.0 805.0 small-vehicle 1
420.0 797.0 424.0 798.0 423.0 807.0 419.0 806.0 small-vehicle 1
430.0 808.0 424.0 807.0 425.0 798.0 431.0 800.0 small-vehicle 1
434.0 809.0 430.0 808.0 431.0 800.0 435.0 800.0 small-vehicle 1
439.0 810.0 435.0 809.0 436.0 802.0 440.0 802.0 small-vehicle 1
253.0 742.0 248.0 742.0 250.0 732.0 255.0 733.0 small-vehicle 1
413.0 775.0 408.0 774.0 409.0 765.0 414.0 766.0 small-vehicle 1
407.0 774.0 402.0 773.0 404.0 764.0 408.0 764.0 small-vehicle 1
403.0 772.0 397.0 772.0 397.0 762.0 403.0 763.0 small-vehicle 1
384.0 768.0 379.0 767.0 380.0 758.0 384.0 758.0 small-vehicle 1
397.0 804.0 391.0 802.0 393.0 791.0 399.0 793.0 small-vehicle 1
378.0 767.0 374.0 766.0 375.0 758.0 379.0 758.0 small-vehicle 1
373.0 765.0 369.0 765.0 369.0 757.0 374.0 756.0 small-vehicle 1
363.0 754.0 368.0 756.0 366.0 765.0 361.0 764.0 small-vehicle 1
357.0 754.0 363.0 754.0 362.0 763.0 357.0 763.0 small-vehicle 1
352.0 753.0 356.0 753.0 356.0 762.0 351.0 762.0 small-vehicle 1
351.0 760.0 346.0 759.0 347.0 749.0 352.0 750.0 small-vehicle 1
408.0 737.0 413.0 737.0 412.0 747.0 407.0 746.0 small-vehicle 1
402.0 735.0 407.0 736.0 405.0 745.0 401.0 744.0 small-vehicle 1
397.0 734.0 402.0 736.0 400.0 744.0 395.0 743.0 small-vehicle 1
389.0 742.0 385.0 741.0 386.0 732.0 391.0 733.0 small-vehicle 1
384.0 739.0 379.0 739.0 381.0 730.0 385.0 730.0 small-vehicle 1
399.0 794.0 403.0 795.0 401.0 805.0 398.0 803.0 small-vehicle 1
387.0 792.0 392.0 792.0 391.0 801.0 387.0 800.0 small-vehicle 1
401.0 831.0 407.0 833.0 405.0 843.0 400.0 843.0 small-vehicle 1
407.0 831.0 402.0 831.0 403.0 820.0 408.0 821.0 small-vehicle 1
407.0 832.0 412.0 834.0 409.0 844.0 405.0 843.0 small-vehicle 1
412.0 835.0 417.0 836.0 415.0 844.0 410.0 842.0 small-vehicle 1
417.0 836.0 421.0 837.0 420.0 845.0 415.0 844.0 small-vehicle 1
362.0 821.0 357.0 821.0 358.0 812.0 363.0 813.0 small-vehicle 1
368.0 823.0 363.0 822.0 364.0 812.0 369.0 814.0 small-vehicle 1
374.0 826.0 368.0 824.0 369.0 814.0 376.0 815.0 small-vehicle 1
379.0 826.0 374.0 825.0 375.0 814.0 381.0 816.0 small-vehicle 1
385.0 828.0 380.0 827.0 381.0 818.0 386.0 819.0 small-vehicle 1
391.0 828.0 385.0 826.0 387.0 819.0 392.0 819.0 small-vehicle 1
396.0 829.0 391.0 828.0 393.0 819.0 397.0 820.0 small-vehicle 1
397.0 820.0 401.0 821.0 401.0 830.0 396.0 829.0 small-vehicle 1
412.0 833.0 408.0 832.0 409.0 823.0 414.0 823.0 small-vehicle 1
382.0 791.0 387.0 792.0 385.0 803.0 380.0 802.0 small-vehicle 1
418.0 834.0 413.0 833.0 413.0 824.0 419.0 825.0 small-vehicle 1
423.0 835.0 419.0 834.0 420.0 824.0 425.0 825.0 small-vehicle 1
429.0 837.0 424.0 836.0 425.0 827.0 429.0 827.0 small-vehicle 1
431.0 828.0 436.0 828.0 434.0 838.0 429.0 837.0 small-vehicle 1
436.0 829.0 441.0 829.0 440.0 839.0 435.0 838.0 small-vehicle 1
442.0 830.0 447.0 831.0 445.0 840.0 441.0 839.0 small-vehicle 1
339.0 782.0 346.0 784.0 343.0 796.0 337.0 795.0 small-vehicle 1
350.0 785.0 355.0 785.0 353.0 795.0 348.0 794.0 small-vehicle 1
357.0 786.0 362.0 788.0 361.0 797.0 355.0 796.0 small-vehicle 1
366.0 788.0 370.0 789.0 369.0 799.0 364.0 798.0 small-vehicle 1
375.0 799.0 371.0 799.0 371.0 790.0 376.0 791.0 small-vehicle 1
215.0 794.0 220.0 794.0 218.0 803.0 213.0 802.0 small-vehicle 1
209.0 791.0 215.0 792.0 213.0 802.0 207.0 801.0 small-vehicle 1
207.0 801.0 202.0 799.0 205.0 790.0 210.0 791.0 small-vehicle 1
5.0 780.0 10.0 780.0 10.0 790.0 5.0 790.0 small-vehicle 1
86.0 730.0 89.0 726.0 96.0 734.0 93.0 736.0 small-vehicle 1
90.0 725.0 93.0 722.0 101.0 730.0 97.0 732.0 small-vehicle 1
94.0 720.0 98.0 718.0 103.0 724.0 100.0 726.0 small-vehicle 1
102.0 712.0 106.0 709.0 113.0 716.0 108.0 719.0 small-vehicle 1
115.0 712.0 112.0 715.0 106.0 709.0 109.0 706.0 small-vehicle 1
120.0 708.0 117.0 712.0 109.0 704.0 112.0 700.0 small-vehicle 1
124.0 704.0 121.0 707.0 114.0 700.0 116.0 697.0 small-vehicle 1
129.0 700.0 127.0 703.0 117.0 696.0 120.0 694.0 small-vehicle 1
82.0 826.0 83.0 822.0 90.0 826.0 89.0 829.0 small-vehicle 1
83.0 820.0 85.0 816.0 94.0 822.0 91.0 825.0 small-vehicle 1
15.0 788.0 10.0 788.0 11.0 778.0 15.0 779.0 small-vehicle 1
97.0 800.0 98.0 797.0 105.0 802.0 102.0 805.0 small-vehicle 1
26.0 666.0 29.0 663.0 35.0 670.0 33.0 673.0 small-vehicle 1
101.0 795.0 103.0 792.0 110.0 798.0 106.0 801.0 small-vehicle 1
104.0 791.0 107.0 788.0 114.0 794.0 111.0 797.0 small-vehicle 1
108.0 787.0 111.0 784.0 117.0 792.0 115.0 794.0 small-vehicle 1
98.0 784.0 96.0 780.0 102.0 773.0 105.0 776.0 small-vehicle 1
112.0 783.0 115.0 780.0 121.0 786.0 117.0 789.0 small-vehicle 1
116.0 779.0 118.0 776.0 125.0 782.0 122.0 785.0 small-vehicle 1
119.0 775.0 121.0 772.0 129.0 778.0 126.0 781.0 small-vehicle 1
122.0 770.0 125.0 766.0 132.0 772.0 129.0 776.0 small-vehicle 1
137.0 770.0 134.0 773.0 126.0 767.0 129.0 764.0 small-vehicle 1
131.0 763.0 134.0 759.0 140.0 766.0 137.0 769.0 small-vehicle 1
135.0 760.0 137.0 756.0 144.0 761.0 141.0 764.0 small-vehicle 1
33.0 696.0 30.0 693.0 37.0 686.0 41.0 689.0 small-vehicle 1
29.0 660.0 32.0 657.0 41.0 664.0 37.0 667.0 small-vehicle 1
222.0 757.0 227.0 758.0 225.0 767.0 220.0 766.0 small-vehicle 1
207.0 476.0 213.0 476.0 211.0 485.0 206.0 484.0 small-vehicle 1
357.0 333.0 342.0 368.0 289.0 345.0 307.0 307.0 plane 0
315.0 349.0 327.0 384.0 279.0 404.0 265.0 367.0 plane 0
493.0 248.0 483.0 210.0 529.0 197.0 538.0 237.0 plane 0
469.0 382.0 507.0 340.0 561.0 400.0 518.0 437.0 plane 0
973.0 553.0 1012.0 565.0 997.0 616.0 962.0 606.0 plane 0
1073.0 275.0 1107.0 391.0 974.0 429.0 940.0 312.0 plane 0
433.0 237.0 440.0 238.0 440.0 249.0 433.0 248.0 small-vehicle 1
435.0 409.0 438.0 414.0 429.0 419.0 425.0 415.0 small-vehicle 1
276.0 483.0 281.0 483.0 279.0 493.0 275.0 492.0 small-vehicle 1
262.0 490.0 257.0 488.0 260.0 478.0 265.0 480.0 small-vehicle 1
201.0 475.0 206.0 476.0 205.0 484.0 199.0 483.0 small-vehicle 1
24.0 512.0 28.0 515.0 21.0 522.0 18.0 520.0 small-vehicle 1
55.0 636.0 58.0 633.0 66.0 640.0 62.0 643.0 small-vehicle 1
412.0 493.0 417.0 493.0 415.0 503.0 410.0 502.0 small-vehicle 1
291.0 584.0 291.0 579.0 301.0 580.0 301.0 585.0 small-vehicle 1
213.0 614.0 214.0 610.0 223.0 612.0 221.0 616.0 small-vehicle 1
224.0 612.0 220.0 608.0 230.0 601.0 233.0 605.0 small-vehicle 1
242.0 608.0 236.0 608.0 237.0 598.0 242.0 599.0 small-vehicle 1
147.0 651.0 147.0 647.0 156.0 647.0 155.0 650.0 small-vehicle 1
150.0 656.0 151.0 652.0 160.0 653.0 159.0 657.0 small-vehicle 1
109.0 682.0 107.0 686.0 97.0 678.0 100.0 675.0 small-vehicle 1
105.0 687.0 103.0 690.0 94.0 683.0 96.0 679.0 small-vehicle 1
101.0 690.0 98.0 693.0 90.0 687.0 93.0 683.0 small-vehicle 1
62.0 715.0 65.0 711.0 73.0 717.0 69.0 721.0 small-vehicle 1
173.0 749.0 178.0 749.0 177.0 758.0 173.0 758.0 small-vehicle 1
227.0 759.0 233.0 760.0 230.0 771.0 225.0 771.0 small-vehicle 1
199.0 789.0 204.0 790.0 201.0 800.0 196.0 799.0 small-vehicle 1
274.0 832.0 280.0 833.0 279.0 841.0 274.0 841.0 small-vehicle 1
215.0 821.0 220.0 821.0 219.0 829.0 214.0 829.0 small-vehicle 1
224.0 831.0 220.0 830.0 220.0 820.0 226.0 821.0 small-vehicle 1
227.0 821.0 233.0 822.0 230.0 832.0 225.0 831.0 small-vehicle 1
233.0 823.0 237.0 824.0 236.0 833.0 231.0 832.0 small-vehicle 1
240.0 834.0 236.0 833.0 237.0 823.0 241.0 825.0 small-vehicle 1
246.0 835.0 241.0 833.0 243.0 825.0 248.0 826.0 small-vehicle 1
251.0 837.0 247.0 836.0 249.0 828.0 253.0 828.0 small-vehicle 1
253.0 828.0 258.0 829.0 257.0 836.0 252.0 836.0 small-vehicle 1
258.0 829.0 264.0 830.0 262.0 839.0 257.0 838.0 small-vehicle 1
268.0 840.0 263.0 839.0 264.0 830.0 269.0 830.0 small-vehicle 1
275.0 841.0 269.0 840.0 270.0 831.0 274.0 831.0 small-vehicle 1
206.0 838.0 201.0 838.0 201.0 828.0 206.0 828.0 small-vehicle 1
204.0 815.0 210.0 818.0 207.0 829.0 202.0 827.0 small-vehicle 1
211.0 838.0 207.0 838.0 208.0 828.0 212.0 829.0 small-vehicle 1
217.0 838.0 212.0 838.0 213.0 830.0 217.0 830.0 small-vehicle 1
221.0 840.0 217.0 840.0 220.0 830.0 224.0 832.0 small-vehicle 1
227.0 842.0 223.0 840.0 226.0 831.0 230.0 832.0 small-vehicle 1
165.0 783.0 169.0 784.0 168.0 794.0 164.0 793.0 small-vehicle 1
163.0 792.0 159.0 790.0 161.0 781.0 166.0 782.0 small-vehicle 1
171.0 784.0 175.0 785.0 173.0 794.0 169.0 794.0 small-vehicle 1
177.0 785.0 182.0 787.0 179.0 795.0 175.0 794.0 small-vehicle 1
183.0 785.0 188.0 786.0 185.0 796.0 181.0 796.0 small-vehicle 1
189.0 786.0 193.0 788.0 189.0 797.0 185.0 797.0 small-vehicle 1
194.0 788.0 199.0 789.0 196.0 798.0 191.0 797.0 small-vehicle 1
210.0 819.0 214.0 820.0 214.0 829.0 209.0 829.0 small-vehicle 1
198.0 814.0 203.0 815.0 202.0 825.0 197.0 825.0 small-vehicle 1
234.0 759.0 237.0 760.0 236.0 769.0 232.0 768.0 small-vehicle 1
299.0 774.0 304.0 775.0 301.0 785.0 297.0 784.0 small-vehicle 1
238.0 761.0 243.0 761.0 241.0 772.0 237.0 771.0 small-vehicle 1
244.0 762.0 250.0 763.0 249.0 772.0 244.0 772.0 small-vehicle 1
250.0 763.0 255.0 764.0 253.0 773.0 249.0 773.0 small-vehicle 1
256.0 765.0 261.0 766.0 259.0 775.0 254.0 775.0 small-vehicle 1
261.0 765.0 266.0 766.0 264.0 775.0 259.0 775.0 small-vehicle 1
265.0 767.0 271.0 768.0 269.0 777.0 264.0 777.0 small-vehicle 1
273.0 768.0 277.0 769.0 276.0 780.0 270.0 778.0 small-vehicle 1
278.0 768.0 282.0 769.0 281.0 778.0 276.0 778.0 small-vehicle 1
284.0 769.0 288.0 770.0 286.0 779.0 281.0 779.0 small-vehicle 1
288.0 772.0 293.0 772.0 292.0 781.0 287.0 781.0 small-vehicle 1
294.0 773.0 298.0 773.0 297.0 783.0 293.0 783.0 small-vehicle 1
305.0 775.0 310.0 776.0 307.0 787.0 302.0 785.0 small-vehicle 1
193.0 813.0 198.0 814.0 196.0 825.0 191.0 824.0 small-vehicle 1
126.0 811.0 131.0 813.0 127.0 821.0 122.0 820.0 small-vehicle 1
146.0 817.0 151.0 817.0 150.0 828.0 145.0 827.0 small-vehicle 1
133.0 801.0 139.0 803.0 137.0 813.0 131.0 812.0 small-vehicle 1
140.0 804.0 144.0 805.0 142.0 814.0 137.0 813.0 small-vehicle 1
148.0 814.0 143.0 813.0 145.0 804.0 149.0 805.0 small-vehicle 1
152.0 816.0 148.0 815.0 150.0 805.0 154.0 807.0 small-vehicle 1
156.0 807.0 161.0 808.0 157.0 818.0 153.0 817.0 small-vehicle 1
163.0 818.0 158.0 817.0 160.0 808.0 166.0 809.0 small-vehicle 1
174.0 821.0 170.0 819.0 171.0 811.0 176.0 812.0 small-vehicle 1
186.0 822.0 181.0 822.0 181.0 812.0 187.0 813.0 small-vehicle 1
189.0 813.0 193.0 815.0 190.0 823.0 186.0 822.0 small-vehicle 1
374.0 729.0 379.0 730.0 378.0 740.0 374.0 740.0 small-vehicle 1
368.0 728.0 374.0 729.0 373.0 739.0 367.0 739.0 small-vehicle 1
363.0 728.0 368.0 729.0 366.0 738.0 362.0 737.0 small-vehicle 1
524.0 747.0 530.0 748.0 527.0 758.0 523.0 758.0 small-vehicle 1
620.0 818.0 616.0 817.0 616.0 807.0 622.0 808.0 small-vehicle 1
625.0 819.0 621.0 818.0 622.0 809.0 626.0 809.0 small-vehicle 1
628.0 810.0 632.0 811.0 631.0 821.0 626.0 820.0 small-vehicle 1
637.0 822.0 631.0 821.0 633.0 811.0 638.0 812.0 small-vehicle 1
642.0 823.0 637.0 823.0 639.0 813.0 644.0 813.0 small-vehicle 1
648.0 824.0 643.0 824.0 644.0 813.0 649.0 814.0 small-vehicle 1
653.0 825.0 649.0 825.0 649.0 815.0 654.0 816.0 small-vehicle 1
655.0 816.0 660.0 817.0 660.0 826.0 654.0 825.0 small-vehicle 1
664.0 828.0 660.0 827.0 661.0 816.0 665.0 817.0 small-vehicle 1
666.0 819.0 671.0 819.0 670.0 829.0 665.0 828.0 small-vehicle 1
671.0 820.0 676.0 820.0 676.0 829.0 671.0 829.0 small-vehicle 1
529.0 749.0 535.0 748.0 534.0 759.0 528.0 758.0 small-vehicle 1
610.0 817.0 605.0 816.0 604.0 806.0 609.0 806.0 small-vehicle 1
521.0 760.0 525.0 761.0 524.0 769.0 520.0 769.0 small-vehicle 1
531.0 771.0 526.0 770.0 527.0 761.0 532.0 762.0 small-vehicle 1
536.0 772.0 531.0 771.0 532.0 763.0 537.0 763.0 small-vehicle 1
538.0 764.0 543.0 765.0 543.0 773.0 538.0 773.0 small-vehicle 1
543.0 763.0 548.0 764.0 547.0 775.0 543.0 775.0 small-vehicle 1
549.0 765.0 554.0 765.0 553.0 776.0 548.0 775.0 small-vehicle 1
559.0 778.0 553.0 777.0 555.0 766.0 561.0 767.0 small-vehicle 1
560.0 769.0 565.0 769.0 564.0 777.0 560.0 777.0 small-vehicle 1
569.0 780.0 565.0 780.0 566.0 769.0 571.0 770.0 small-vehicle 1
571.0 770.0 576.0 771.0 575.0 783.0 570.0 782.0 small-vehicle 1
577.0 771.0 582.0 772.0 581.0 783.0 576.0 782.0 small-vehicle 1
614.0 818.0 609.0 817.0 610.0 807.0 615.0 807.0 small-vehicle 1
604.0 816.0 600.0 815.0 600.0 805.0 605.0 805.0 small-vehicle 1
588.0 775.0 592.0 776.0 591.0 785.0 587.0 785.0 small-vehicle 1
525.0 799.0 520.0 797.0 521.0 789.0 527.0 789.0 small-vehicle 1
558.0 836.0 553.0 836.0 555.0 826.0 560.0 826.0 small-vehicle 1
561.0 828.0 565.0 828.0 564.0 838.0 559.0 838.0 small-vehicle 1
568.0 839.0 564.0 837.0 567.0 828.0 571.0 830.0 small-vehicle 1
574.0 841.0 569.0 841.0 571.0 829.0 577.0 830.0 small-vehicle 1
579.0 832.0 583.0 832.0 580.0 841.0 576.0 840.0 small-vehicle 1
583.0 833.0 587.0 833.0 588.0 842.0 583.0 842.0 small-vehicle 1
589.0 833.0 595.0 834.0 593.0 844.0 588.0 843.0 small-vehicle 1
594.0 834.0 599.0 835.0 599.0 845.0 593.0 844.0 small-vehicle 1
600.0 836.0 605.0 837.0 604.0 847.0 600.0 845.0 small-vehicle 1
605.0 837.0 611.0 838.0 608.0 848.0 604.0 847.0 small-vehicle 1
611.0 838.0 616.0 838.0 614.0 848.0 610.0 848.0 small-vehicle 1
531.0 799.0 525.0 799.0 527.0 787.0 532.0 789.0 small-vehicle 1
598.0 815.0 594.0 814.0 595.0 803.0 600.0 804.0 small-vehicle 1
536.0 801.0 531.0 801.0 532.0 789.0 537.0 791.0 small-vehicle 1
543.0 802.0 538.0 801.0 539.0 791.0 544.0 792.0 small-vehicle 1
547.0 803.0 543.0 802.0 544.0 793.0 549.0 793.0 small-vehicle 1
554.0 804.0 548.0 803.0 550.0 793.0 556.0 795.0 small-vehicle 1
559.0 805.0 554.0 804.0 555.0 794.0 560.0 796.0 small-vehicle 1
565.0 806.0 559.0 805.0 560.0 796.0 566.0 797.0 small-vehicle 1
568.0 808.0 565.0 807.0 567.0 797.0 571.0 798.0 small-vehicle 1
576.0 808.0 571.0 808.0 571.0 799.0 577.0 801.0 small-vehicle 1
578.0 801.0 583.0 801.0 583.0 812.0 578.0 811.0 small-vehicle 1
588.0 813.0 583.0 813.0 583.0 803.0 587.0 802.0 small-vehicle 1
593.0 814.0 588.0 813.0 589.0 801.0 594.0 802.0 small-vehicle 1
582.0 774.0 588.0 774.0 587.0 784.0 581.0 784.0 small-vehicle 1
593.0 777.0 599.0 777.0 598.0 786.0 592.0 786.0 small-vehicle 1
548.0 834.0 543.0 834.0 544.0 825.0 549.0 825.0 small-vehicle 1
798.0 829.0 796.0 825.0 803.0 822.0 805.0 826.0 small-vehicle 1
846.0 776.0 849.0 774.0 854.0 782.0 850.0 784.0 small-vehicle 1
859.0 778.0 855.0 780.0 852.0 773.0 856.0 770.0 small-vehicle 1
868.0 777.0 863.0 778.0 859.0 770.0 864.0 768.0 small-vehicle 1
865.0 769.0 870.0 766.0 873.0 775.0 869.0 778.0 small-vehicle 1
879.0 775.0 875.0 775.0 872.0 767.0 877.0 766.0 small-vehicle 1
879.0 764.0 884.0 762.0 888.0 772.0 884.0 773.0 small-vehicle 1
886.0 762.0 890.0 760.0 894.0 771.0 890.0 772.0 small-vehicle 1
892.0 761.0 896.0 759.0 900.0 770.0 896.0 772.0 small-vehicle 1
900.0 755.0 905.0 755.0 904.0 765.0 899.0 764.0 small-vehicle 1
946.0 784.0 952.0 783.0 956.0 794.0 951.0 796.0 small-vehicle 1
796.0 825.0 793.0 819.0 802.0 816.0 805.0 822.0 small-vehicle 1
798.0 834.0 798.0 829.0 805.0 828.0 806.0 832.0 small-vehicle 1
841.0 787.0 837.0 789.0 833.0 779.0 837.0 778.0 small-vehicle 1
800.0 841.0 797.0 835.0 806.0 833.0 808.0 836.0 small-vehicle 1
803.0 846.0 800.0 841.0 809.0 838.0 811.0 841.0 small-vehicle 1
828.0 852.0 823.0 853.0 818.0 843.0 824.0 841.0 small-vehicle 1
826.0 845.0 831.0 844.0 833.0 852.0 828.0 852.0 small-vehicle 1
832.0 844.0 837.0 843.0 839.0 851.0 834.0 852.0 small-vehicle 1
902.0 833.0 900.0 829.0 908.0 826.0 910.0 830.0 small-vehicle 1
968.0 796.0 973.0 794.0 975.0 802.0 972.0 804.0 small-vehicle 1
979.0 791.0 983.0 789.0 987.0 798.0 983.0 801.0 small-vehicle 1
1227.0 27.0 1232.0 29.0 1228.0 38.0 1223.0 35.0 small-vehicle 1
1233.0 30.0 1238.0 32.0 1234.0 40.0 1229.0 37.0 small-vehicle 1
1239.0 32.0 1245.0 33.0 1241.0 41.0 1236.0 40.0 small-vehicle 1
847.0 785.0 844.0 786.0 840.0 778.0 844.0 777.0 small-vehicle 1
819.0 784.0 823.0 782.0 828.0 793.0 822.0 794.0 small-vehicle 1
599.0 777.0 604.0 778.0 604.0 787.0 598.0 787.0 small-vehicle 1
714.0 810.0 710.0 810.0 711.0 800.0 715.0 801.0 small-vehicle 1
604.0 778.0 610.0 778.0 609.0 788.0 604.0 788.0 small-vehicle 1
610.0 781.0 615.0 781.0 614.0 790.0 610.0 789.0 small-vehicle 1
616.0 781.0 620.0 781.0 620.0 790.0 615.0 790.0 small-vehicle 1
621.0 781.0 626.0 782.0 625.0 793.0 620.0 793.0 small-vehicle 1
626.0 784.0 632.0 784.0 632.0 793.0 627.0 793.0 small-vehicle 1
633.0 784.0 638.0 784.0 638.0 794.0 633.0 793.0 small-vehicle 1
638.0 784.0 642.0 786.0 642.0 795.0 637.0 795.0 small-vehicle 1
644.0 787.0 649.0 787.0 647.0 796.0 643.0 796.0 small-vehicle 1
653.0 797.0 649.0 797.0 650.0 788.0 653.0 788.0 small-vehicle 1
700.0 799.0 704.0 799.0 703.0 809.0 698.0 809.0 small-vehicle 1
705.0 799.0 710.0 800.0 709.0 808.0 704.0 809.0 small-vehicle 1
694.0 799.0 699.0 799.0 699.0 807.0 694.0 807.0 small-vehicle 1
822.0 795.0 817.0 797.0 813.0 786.0 817.0 784.0 small-vehicle 1
672.0 557.0 673.0 551.0 683.0 556.0 681.0 560.0 small-vehicle 1
714.0 825.0 714.0 820.0 725.0 823.0 724.0 827.0 small-vehicle 1
874.0 634.0 868.0 637.0 862.0 623.0 867.0 620.0 large-vehicle 1
864.0 640.0 859.0 642.0 853.0 627.0 859.0 626.0 large-vehicle 1
853.0 656.0 848.0 658.0 843.0 647.0 848.0 644.0 large-vehicle 1
785.0 706.0 787.0 713.0 769.0 720.0 766.0 715.0 large-vehicle 1
787.0 713.0 789.0 719.0 773.0 725.0 770.0 720.0 large-vehicle 1
850.0 742.0 845.0 744.0 841.0 732.0 846.0 730.0 small-vehicle 1
859.0 725.0 865.0 723.0 870.0 735.0 865.0 736.0 small-vehicle 1
896.0 723.0 902.0 721.0 906.0 730.0 901.0 733.0 small-vehicle 1
809.0 798.0 804.0 800.0 800.0 790.0 805.0 788.0 small-vehicle 1
549.0 826.0 555.0 825.0 554.0 835.0 549.0 834.0 small-vehicle 1
539.0 824.0 543.0 824.0 542.0 833.0 537.0 833.0 small-vehicle 1
357.0 726.0 362.0 727.0 360.0 736.0 355.0 735.0 small-vehicle 1
333.0 689.0 328.0 688.0 329.0 680.0 334.0 680.0 small-vehicle 1
282.0 659.0 287.0 659.0 285.0 669.0 280.0 668.0 small-vehicle 1
291.0 671.0 286.0 670.0 287.0 660.0 293.0 661.0 small-vehicle 1
294.0 661.0 298.0 662.0 296.0 672.0 291.0 671.0 small-vehicle 1
293.0 682.0 288.0 682.0 290.0 672.0 295.0 672.0 small-vehicle 1
289.0 680.0 284.0 680.0 285.0 671.0 290.0 671.0 small-vehicle 1
300.0 684.0 295.0 683.0 296.0 672.0 302.0 674.0 small-vehicle 1
306.0 685.0 300.0 685.0 302.0 673.0 308.0 675.0 small-vehicle 1
311.0 685.0 307.0 685.0 307.0 675.0 313.0 675.0 small-vehicle 1
317.0 687.0 312.0 686.0 313.0 675.0 318.0 676.0 small-vehicle 1
322.0 689.0 317.0 688.0 318.0 677.0 323.0 678.0 small-vehicle 1
323.0 680.0 328.0 682.0 326.0 692.0 321.0 690.0 small-vehicle 1
343.0 692.0 337.0 691.0 339.0 682.0 344.0 682.0 small-vehicle 1
313.0 649.0 309.0 649.0 308.0 638.0 313.0 638.0 small-vehicle 1
345.0 683.0 351.0 684.0 350.0 694.0 344.0 693.0 small-vehicle 1
459.0 761.0 459.0 764.0 450.0 764.0 450.0 761.0 small-vehicle 1
431.0 711.0 426.0 711.0 427.0 700.0 432.0 700.0 small-vehicle 1
426.0 710.0 421.0 709.0 422.0 700.0 427.0 700.0 small-vehicle 1
420.0 709.0 415.0 708.0 416.0 698.0 421.0 698.0 small-vehicle 1
415.0 707.0 410.0 706.0 410.0 697.0 415.0 697.0 small-vehicle 1
403.0 705.0 398.0 704.0 399.0 693.0 404.0 695.0 small-vehicle 1
398.0 704.0 393.0 703.0 393.0 693.0 398.0 692.0 small-vehicle 1
393.0 703.0 387.0 702.0 387.0 692.0 393.0 692.0 small-vehicle 1
371.0 689.0 376.0 689.0 375.0 699.0 370.0 698.0 small-vehicle 1
369.0 697.0 364.0 697.0 366.0 687.0 371.0 688.0 small-vehicle 1
279.0 669.0 284.0 670.0 283.0 680.0 279.0 680.0 small-vehicle 1
307.0 649.0 303.0 649.0 303.0 638.0 307.0 637.0 small-vehicle 1
371.0 687.0 366.0 687.0 367.0 677.0 372.0 678.0 small-vehicle 1
316.0 713.0 311.0 711.0 312.0 703.0 318.0 703.0 small-vehicle 1
403.0 732.0 398.0 731.0 399.0 722.0 403.0 723.0 small-vehicle 1
392.0 729.0 388.0 729.0 389.0 719.0 392.0 719.0 small-vehicle 1
386.0 728.0 382.0 726.0 383.0 718.0 387.0 718.0 small-vehicle 1
358.0 722.0 354.0 722.0 355.0 713.0 359.0 713.0 small-vehicle 1
340.0 710.0 345.0 710.0 344.0 719.0 339.0 718.0 small-vehicle 1
333.0 718.0 327.0 716.0 329.0 707.0 334.0 708.0 small-vehicle 1
326.0 720.0 331.0 720.0 332.0 730.0 325.0 731.0 small-vehicle 1
319.0 729.0 313.0 729.0 315.0 718.0 321.0 718.0 small-vehicle 1
299.0 723.0 293.0 722.0 294.0 713.0 299.0 713.0 small-vehicle 1
292.0 722.0 287.0 721.0 288.0 713.0 294.0 713.0 small-vehicle 1
275.0 718.0 271.0 718.0 271.0 709.0 276.0 710.0 small-vehicle 1
305.0 711.0 300.0 710.0 302.0 701.0 306.0 701.0 small-vehicle 1
269.0 640.0 264.0 640.0 266.0 628.0 270.0 628.0 small-vehicle 1
294.0 709.0 289.0 708.0 291.0 699.0 295.0 700.0 small-vehicle 1
288.0 707.0 284.0 706.0 287.0 697.0 291.0 698.0 small-vehicle 1
275.0 695.0 280.0 696.0 278.0 705.0 273.0 704.0 small-vehicle 1
244.0 684.0 245.0 680.0 253.0 682.0 253.0 686.0 small-vehicle 1
256.0 671.0 256.0 676.0 244.0 675.0 245.0 671.0 small-vehicle 1
258.0 668.0 257.0 672.0 246.0 670.0 247.0 666.0 small-vehicle 1
259.0 662.0 258.0 666.0 246.0 664.0 247.0 660.0 small-vehicle 1
259.0 656.0 258.0 660.0 246.0 659.0 247.0 654.0 small-vehicle 1
251.0 653.0 252.0 649.0 262.0 651.0 261.0 655.0 small-vehicle 1
279.0 643.0 275.0 643.0 276.0 633.0 281.0 633.0 small-vehicle 1
274.0 641.0 269.0 640.0 271.0 629.0 275.0 630.0 small-vehicle 1
364.0 697.0 359.0 696.0 359.0 687.0 364.0 687.0 small-vehicle 1
365.0 686.0 361.0 686.0 360.0 675.0 367.0 675.0 small-vehicle 1
533.0 822.0 539.0 822.0 536.0 833.0 531.0 832.0 small-vehicle 1
503.0 756.0 507.0 757.0 505.0 766.0 501.0 765.0 small-vehicle 1
542.0 723.0 546.0 724.0 544.0 733.0 540.0 732.0 small-vehicle 1
550.0 734.0 545.0 734.0 547.0 725.0 552.0 724.0 small-vehicle 1
553.0 725.0 557.0 726.0 557.0 735.0 552.0 735.0 small-vehicle 1
553.0 723.0 548.0 723.0 549.0 712.0 554.0 713.0 small-vehicle 1
554.0 714.0 560.0 715.0 559.0 724.0 553.0 723.0 small-vehicle 1
561.0 715.0 565.0 717.0 563.0 725.0 560.0 724.0 small-vehicle 1
566.0 716.0 571.0 718.0 569.0 726.0 564.0 726.0 small-vehicle 1
576.0 720.0 581.0 721.0 580.0 731.0 574.0 730.0 small-vehicle 1
588.0 721.0 593.0 723.0 592.0 732.0 586.0 731.0 small-vehicle 1
490.0 754.0 495.0 754.0 493.0 765.0 488.0 764.0 small-vehicle 1
495.0 755.0 501.0 756.0 499.0 766.0 493.0 766.0 small-vehicle 1
508.0 757.0 513.0 758.0 511.0 768.0 505.0 767.0 small-vehicle 1
530.0 720.0 535.0 720.0 535.0 730.0 529.0 730.0 small-vehicle 1
491.0 791.0 487.0 790.0 488.0 780.0 492.0 781.0 small-vehicle 1
495.0 791.0 491.0 790.0 492.0 779.0 497.0 780.0 small-vehicle 1
497.0 780.0 503.0 781.0 500.0 792.0 496.0 792.0 small-vehicle 1
503.0 782.0 508.0 783.0 505.0 795.0 501.0 794.0 small-vehicle 1
483.0 822.0 478.0 822.0 480.0 811.0 485.0 812.0 small-vehicle 1
485.0 812.0 491.0 813.0 488.0 823.0 484.0 822.0 small-vehicle 1
496.0 814.0 501.0 815.0 500.0 823.0 495.0 823.0 small-vehicle 1
511.0 818.0 515.0 818.0 514.0 827.0 510.0 827.0 small-vehicle 1
516.0 819.0 521.0 819.0 520.0 829.0 515.0 829.0 small-vehicle 1
526.0 829.0 522.0 829.0 522.0 820.0 527.0 820.0 small-vehicle 1
532.0 831.0 527.0 829.0 528.0 820.0 533.0 820.0 small-vehicle 1
535.0 722.0 540.0 722.0 538.0 732.0 534.0 732.0 small-vehicle 1
544.0 712.0 548.0 714.0 546.0 721.0 542.0 721.0 small-vehicle 1
383.0 689.0 377.0 688.0 378.0 678.0 384.0 678.0 small-vehicle 1
452.0 402.0 456.0 406.0 447.0 413.0 444.0 410.0 small-vehicle 1
390.0 690.0 384.0 691.0 385.0 680.0 390.0 680.0 small-vehicle 1
395.0 691.0 390.0 691.0 390.0 680.0 395.0 680.0 small-vehicle 1
400.0 693.0 395.0 692.0 396.0 682.0 400.0 682.0 small-vehicle 1
406.0 693.0 400.0 693.0 401.0 683.0 407.0 684.0 small-vehicle 1
367.0 648.0 371.0 649.0 371.0 661.0 367.0 662.0 small-vehicle 1
378.0 652.0 383.0 653.0 382.0 664.0 378.0 664.0 small-vehicle 1
384.0 652.0 390.0 653.0 387.0 667.0 382.0 666.0 small-vehicle 1
390.0 655.0 395.0 656.0 393.0 667.0 388.0 667.0 small-vehicle 1
399.0 658.0 405.0 658.0 404.0 669.0 399.0 669.0 small-vehicle 1
462.0 756.0 462.0 760.0 452.0 758.0 453.0 754.0 small-vehicle 1
467.0 726.0 467.0 730.0 458.0 727.0 459.0 723.0 small-vehicle 1
487.0 654.0 486.0 649.0 498.0 650.0 498.0 655.0 small-vehicle 1
531.0 710.0 536.0 710.0 536.0 720.0 531.0 719.0 small-vehicle 1
501.0 657.0 502.0 652.0 512.0 655.0 512.0 659.0 small-vehicle 1
514.0 660.0 515.0 655.0 528.0 656.0 527.0 661.0 small-vehicle 1
521.0 693.0 517.0 692.0 519.0 683.0 524.0 684.0 small-vehicle 1
516.0 693.0 516.0 697.0 505.0 696.0 506.0 692.0 small-vehicle 1
510.0 698.0 509.0 702.0 499.0 700.0 500.0 696.0 small-vehicle 1
507.0 702.0 507.0 706.0 498.0 705.0 499.0 702.0 small-vehicle 1
507.0 707.0 506.0 712.0 496.0 711.0 496.0 707.0 small-vehicle 1
504.0 714.0 503.0 719.0 493.0 718.0 494.0 713.0 small-vehicle 1
546.0 689.0 552.0 690.0 552.0 701.0 545.0 701.0 small-vehicle 1
608.0 713.0 601.0 711.0 604.0 700.0 610.0 701.0 small-vehicle 1
612.0 713.0 608.0 711.0 610.0 702.0 615.0 702.0 small-vehicle 1
372.0 264.0 343.0 291.0 300.0 247.0 328.0 218.0 plane 0
