imagesource:GoogleEarth
gsd:0.276721549487
744.0 771.0 752.0 765.0 764.0 779.0 757.0 785.0 small-vehicle 1
163.0 622.0 123.0 596.0 144.0 561.0 186.0 588.0 plane 0
263.0 587.0 260.0 594.0 234.0 584.0 236.0 575.0 large-vehicle 0
1026.0 426.0 961.0 426.0 958.0 355.0 1026.0 354.0 plane 0
510.0 571.0 556.0 580.0 548.0 624.0 503.0 613.0 plane 0
409.0 549.0 456.0 564.0 444.0 600.0 396.0 585.0 plane 0
244.0 515.0 290.0 529.0 278.0 567.0 233.0 552.0 plane 0
196.0 515.0 237.0 524.0 230.0 552.0 190.0 543.0 plane 0
158.0 486.0 195.0 511.0 173.0 544.0 136.0 519.0 plane 0
44.0 669.0 82.0 693.0 61.0 726.0 22.0 701.0 plane 0
348.0 534.0 405.0 549.0 394.0 592.0 337.0 578.0 plane 0
295.0 524.0 344.0 544.0 327.0 584.0 280.0 563.0 plane 0
215.0 649.0 176.0 624.0 198.0 591.0 238.0 616.0 plane 0
103.0 727.0 146.0 758.0 122.0 792.0 79.0 761.0 plane 0
818.0 664.0 822.0 657.0 834.0 665.0 831.0 671.0 small-vehicle 1
206.0 664.0 159.0 735.0 77.0 678.0 129.0 605.0 plane 0
1008.0 689.0 1079.0 692.0 1075.0 770.0 1002.0 766.0 plane 0
868.0 641.0 924.0 613.0 950.0 664.0 893.0 694.0 plane 0
1100.0 486.0 1098.0 450.0 1134.0 449.0 1138.0 484.0 helicopter 0
1176.0 614.0 1171.0 623.0 1131.0 607.0 1135.0 596.0 large-vehicle 0
393.0 383.0 347.0 394.0 338.0 359.0 386.0 345.0 plane 0
537.0 397.0 478.0 397.0 478.0 343.0 540.0 344.0 plane 0
698.0 431.0 636.0 435.0 632.0 379.0 695.0 375.0 plane 0
731.0 406.0 735.0 416.0 699.0 429.0 693.0 418.0 large-vehicle 0
786.0 435.0 703.0 433.0 707.0 357.0 789.0 359.0 plane 0
947.0 426.0 877.0 425.0 875.0 348.0 947.0 346.0 plane 0
389.0 740.0 393.0 733.0 411.0 746.0 406.0 751.0 small-vehicle 0
390.0 783.0 384.0 788.0 370.0 780.0 374.0 771.0 small-vehicle 1
363.0 787.0 369.0 781.0 386.0 791.0 381.0 799.0 small-vehicle 1
361.0 797.0 365.0 789.0 377.0 797.0 373.0 805.0 small-vehicle 1
897.0 792.0 897.0 784.0 913.0 781.0 914.0 788.0 small-vehicle 1
725.0 758.0 729.0 751.0 743.0 759.0 738.0 767.0 small-vehicle 1
711.0 790.0 716.0 783.0 732.0 793.0 725.0 801.0 small-vehicle 1
693.0 777.0 697.0 769.0 710.0 775.0 706.0 783.0 small-vehicle 1
687.0 589.0 695.0 587.0 697.0 609.0 687.0 609.0 small-vehicle 1
685.0 607.0 677.0 608.0 676.0 591.0 686.0 590.0 small-vehicle 1
669.0 609.0 660.0 611.0 655.0 595.0 665.0 592.0 small-vehicle 1
643.0 599.0 655.0 596.0 660.0 612.0 649.0 615.0 small-vehicle 1
648.0 615.0 640.0 618.0 634.0 601.0 644.0 598.0 small-vehicle 1
614.0 605.0 624.0 601.0 632.0 622.0 621.0 626.0 small-vehicle 1
617.0 624.0 610.0 627.0 604.0 609.0 613.0 605.0 small-vehicle 1
664.0 720.0 670.0 712.0 683.0 723.0 679.0 730.0 small-vehicle 1
633.0 699.0 632.0 706.0 614.0 706.0 614.0 698.0 small-vehicle 1
465.0 813.0 456.0 808.0 467.0 788.0 476.0 793.0 small-vehicle 1
421.0 822.0 414.0 827.0 401.0 818.0 404.0 811.0 small-vehicle 1
426.0 814.0 421.0 821.0 405.0 811.0 410.0 802.0 small-vehicle 1
432.0 806.0 429.0 813.0 410.0 801.0 415.0 795.0 small-vehicle 1
437.0 797.0 432.0 803.0 416.0 794.0 421.0 787.0 small-vehicle 1
420.0 786.0 425.0 777.0 445.0 789.0 439.0 798.0 small-vehicle 1
454.0 779.0 447.0 786.0 427.0 775.0 434.0 767.0 small-vehicle 1
364.0 824.0 355.0 830.0 339.0 818.0 346.0 811.0 small-vehicle 1
368.0 816.0 362.0 823.0 343.0 809.0 349.0 802.0 small-vehicle 1
374.0 807.0 366.0 812.0 354.0 803.0 358.0 796.0 small-vehicle 1
1112.0 424.0 1021.0 421.0 1030.0 321.0 1117.0 326.0 plane 0
