imagesource:GoogleEarth
gsd:0.274663821627
852.0 108.0 850.0 116.0 831.0 110.0 833.0 102.0 small-vehicle 1
150.0 432.0 156.0 426.0 171.0 440.0 166.0 445.0 small-vehicle 1
461.0 229.0 420.0 228.0 419.0 197.0 460.0 198.0 plane 0
262.0 267.0 300.0 270.0 297.0 297.0 260.0 293.0 plane 0
315.0 271.0 357.0 277.0 353.0 306.0 311.0 301.0 plane 0
367.0 273.0 410.0 275.0 408.0 304.0 366.0 303.0 plane 0
533.0 275.0 577.0 277.0 574.0 311.0 533.0 309.0 plane 0
590.0 281.0 632.0 284.0 629.0 311.0 589.0 309.0 plane 0
642.0 282.0 680.0 284.0 678.0 313.0 640.0 311.0 plane 0
712.0 290.0 754.0 292.0 752.0 320.0 711.0 316.0 plane 0
796.0 239.0 755.0 238.0 757.0 205.0 797.0 205.0 plane 0
778.0 47.0 778.0 55.0 759.0 55.0 758.0 46.0 small-vehicle 1
777.0 63.0 777.0 74.0 753.0 73.0 751.0 62.0 small-vehicle 1
778.0 89.0 777.0 97.0 754.0 94.0 755.0 86.0 small-vehicle 1
823.0 75.0 824.0 83.0 803.0 84.0 803.0 76.0 small-vehicle 1
822.0 63.0 820.0 73.0 800.0 70.0 801.0 61.0 small-vehicle 1
756.0 133.0 756.0 123.0 776.0 125.0 776.0 135.0 small-vehicle 1
785.0 171.0 795.0 171.0 794.0 188.0 785.0 188.0 small-vehicle 1
796.0 171.0 805.0 171.0 806.0 189.0 796.0 188.0 small-vehicle 1
806.0 171.0 816.0 171.0 818.0 189.0 808.0 189.0 small-vehicle 1
852.0 166.0 863.0 170.0 855.0 189.0 845.0 185.0 small-vehicle 1
867.0 169.0 878.0 169.0 877.0 192.0 867.0 190.0 small-vehicle 1
877.0 172.0 886.0 171.0 886.0 191.0 878.0 191.0 small-vehicle 1
926.0 181.0 926.0 189.0 907.0 190.0 906.0 180.0 small-vehicle 1
958.0 204.0 964.0 210.0 948.0 226.0 942.0 219.0 small-vehicle 1
897.0 89.0 897.0 98.0 877.0 98.0 877.0 89.0 small-vehicle 1
902.0 77.0 901.0 86.0 878.0 85.0 879.0 76.0 small-vehicle 1
878.0 74.0 877.0 64.0 899.0 66.0 899.0 75.0 small-vehicle 1
902.0 54.0 901.0 62.0 880.0 63.0 880.0 54.0 small-vehicle 1
831.0 73.0 831.0 63.0 854.0 63.0 854.0 74.0 small-vehicle 1
853.0 23.0 853.0 33.0 834.0 35.0 833.0 26.0 small-vehicle 1
206.0 194.0 199.0 303.0 57.0 301.0 62.0 185.0 plane 0
