imagesource:GoogleEarth
gsd:0.285369035458
1464.0 1413.0 1456.0 1418.0 1441.0 1403.0 1450.0 1395.0 small-vehicle 1
1697.0 558.0 1697.0 551.0 1715.0 553.0 1717.0 560.0 small-vehicle 1
910.0 38.0 902.0 39.0 901.0 22.0 910.0 22.0 small-vehicle 1
892.0 38.0 882.0 38.0 882.0 21.0 893.0 22.0 small-vehicle 1
821.0 35.0 811.0 36.0 811.0 18.0 821.0 18.0 small-vehicle 1
802.0 36.0 793.0 36.0 791.0 19.0 801.0 17.0 small-vehicle 1
973.0 281.0 973.0 270.0 990.0 272.0 989.0 281.0 small-vehicle 1
1158.0 1272.0 1150.0 1271.0 1152.0 1253.0 1159.0 1254.0 small-vehicle 1
1136.0 1256.0 1148.0 1254.0 1150.0 1272.0 1140.0 1273.0 small-vehicle 1
873.0 1550.0 876.0 1540.0 896.0 1548.0 892.0 1558.0 small-vehicle 1
667.0 1114.0 677.0 1122.0 661.0 1138.0 651.0 1130.0 small-vehicle 1
670.0 1088.0 677.0 1094.0 662.0 1108.0 654.0 1102.0 small-vehicle 1
621.0 879.0 631.0 875.0 635.0 891.0 627.0 894.0 small-vehicle 1
280.0 828.0 292.0 827.0 291.0 848.0 280.0 848.0 small-vehicle 1
154.0 530.0 154.0 519.0 173.0 521.0 173.0 533.0 small-vehicle 1
174.0 540.0 174.0 551.0 149.0 551.0 149.0 539.0 small-vehicle 1
177.0 558.0 176.0 568.0 156.0 565.0 159.0 556.0 small-vehicle 1
178.0 570.0 178.0 579.0 154.0 578.0 153.0 568.0 small-vehicle 1
150.0 589.0 151.0 579.0 171.0 581.0 170.0 590.0 small-vehicle 1
149.0 578.0 147.0 588.0 127.0 586.0 127.0 576.0 small-vehicle 1
64.0 587.0 61.0 577.0 81.0 574.0 82.0 582.0 small-vehicle 1
64.0 571.0 63.0 561.0 84.0 560.0 84.0 572.0 small-vehicle 1
72.0 558.0 71.0 551.0 88.0 549.0 87.0 557.0 small-vehicle 1
85.0 540.0 85.0 549.0 67.0 548.0 66.0 539.0 small-vehicle 1
82.0 539.0 80.0 529.0 102.0 529.0 102.0 539.0 small-vehicle 1
102.0 519.0 102.0 528.0 83.0 529.0 82.0 520.0 small-vehicle 1
111.0 488.0 111.0 476.0 135.0 479.0 134.0 491.0 small-vehicle 1
919.0 39.0 912.0 38.0 910.0 24.0 920.0 24.0 small-vehicle 1
947.0 43.0 937.0 43.0 939.0 25.0 948.0 23.0 small-vehicle 1
979.0 42.0 970.0 41.0 971.0 23.0 979.0 24.0 small-vehicle 1
1276.0 48.0 1265.0 47.0 1266.0 29.0 1276.0 29.0 small-vehicle 1
1348.0 329.0 1350.0 322.0 1368.0 328.0 1365.0 336.0 small-vehicle 1
1456.0 240.0 1456.0 231.0 1476.0 229.0 1477.0 239.0 small-vehicle 1
1453.0 203.0 1452.0 194.0 1473.0 195.0 1474.0 202.0 small-vehicle 1
1457.0 186.0 1457.0 173.0 1476.0 174.0 1477.0 184.0 small-vehicle 1
1377.0 51.0 1368.0 50.0 1369.0 32.0 1379.0 33.0 small-vehicle 1
1365.0 50.0 1358.0 50.0 1357.0 30.0 1365.0 30.0 small-vehicle 1
1346.0 49.0 1338.0 50.0 1337.0 31.0 1347.0 32.0 small-vehicle 1
1336.0 48.0 1329.0 49.0 1328.0 32.0 1337.0 32.0 small-vehicle 1
1328.0 49.0 1321.0 49.0 1320.0 31.0 1328.0 31.0 small-vehicle 1
1311.0 51.0 1300.0 51.0 1302.0 31.0 1312.0 32.0 small-vehicle 1
1319.0 50.0 1311.0 47.0 1313.0 32.0 1321.0 33.0 small-vehicle 1
1221.0 46.0 1212.0 46.0 1214.0 28.0 1223.0 30.0 small-vehicle 1
988.0 41.0 981.0 41.0 983.0 22.0 990.0 23.0 small-vehicle 1
1213.0 46.0 1204.0 44.0 1204.0 29.0 1213.0 28.0 small-vehicle 1
1203.0 47.0 1194.0 46.0 1196.0 29.0 1205.0 30.0 small-vehicle 1
1195.0 46.0 1185.0 46.0 1186.0 26.0 1195.0 28.0 small-vehicle 1
1185.0 45.0 1174.0 43.0 1176.0 24.0 1185.0 25.0 small-vehicle 1
1108.0 45.0 1099.0 43.0 1100.0 26.0 1109.0 28.0 small-vehicle 1
1099.0 44.0 1090.0 44.0 1090.0 26.0 1100.0 27.0 small-vehicle 1
1090.0 44.0 1079.0 45.0 1081.0 26.0 1090.0 26.0 small-vehicle 1
1072.0 43.0 1063.0 42.0 1065.0 24.0 1073.0 25.0 small-vehicle 1
1017.0 23.0 1027.0 24.0 1027.0 43.0 1019.0 43.0 small-vehicle 1
1019.0 41.0 1010.0 43.0 1006.0 24.0 1016.0 22.0 small-vehicle 1
999.0 42.0 990.0 41.0 992.0 24.0 1001.0 24.0 small-vehicle 1
187.0 467.0 189.0 458.0 211.0 461.0 210.0 471.0 small-vehicle 1
633.0 14.0 643.0 13.0 643.0 33.0 633.0 33.0 small-vehicle 1
571.0 30.0 562.0 30.0 565.0 13.0 573.0 12.0 small-vehicle 1
361.0 1054.0 290.0 1129.0 241.0 1079.0 309.0 1007.0 plane 0
996.0 1566.0 1029.0 1592.0 1010.0 1616.0 978.0 1589.0 plane 0
1048.0 1576.0 1097.0 1615.0 1060.0 1659.0 1013.0 1620.0 plane 0
1159.0 1658.0 1211.0 1691.0 1177.0 1744.0 1127.0 1710.0 plane 0
1205.0 1699.0 1260.0 1734.0 1229.0 1781.0 1177.0 1744.0 plane 0
1263.0 1731.0 1304.0 1757.0 1272.0 1808.0 1231.0 1781.0 plane 0
1306.0 1758.0 1359.0 1792.0 1327.0 1841.0 1276.0 1807.0 plane 0
1365.0 1787.0 1411.0 1825.0 1376.0 1870.0 1330.0 1831.0 plane 0
1017.0 1044.0 1018.0 996.0 1053.0 997.0 1051.0 1044.0 plane 0
997.0 1117.0 999.0 1059.0 1054.0 1062.0 1050.0 1122.0 plane 0
537.0 1189.0 449.0 1134.0 485.0 1077.0 571.0 1131.0 plane 0
448.0 1122.0 362.0 1069.0 403.0 1008.0 485.0 1061.0 plane 0
675.0 1058.0 682.0 1065.0 655.0 1091.0 647.0 1084.0 large-vehicle 0
1557.0 1479.0 1546.0 1477.0 1553.0 1439.0 1566.0 1443.0 large-vehicle 0
674.0 1033.0 680.0 1041.0 650.0 1064.0 644.0 1055.0 large-vehicle 0
675.0 1005.0 682.0 1014.0 653.0 1037.0 646.0 1028.0 large-vehicle 0
676.0 978.0 683.0 986.0 654.0 1010.0 647.0 1002.0 large-vehicle 0
518.0 1020.0 516.0 1030.0 476.0 1024.0 479.0 1011.0 large-vehicle 0
641.0 875.0 586.0 943.0 509.0 879.0 567.0 819.0 plane 0
584.0 759.0 664.0 697.0 727.0 782.0 649.0 841.0 plane 0
248.0 639.0 245.0 690.0 185.0 686.0 187.0 635.0 plane 0
273.0 432.0 235.0 431.0 235.0 394.0 274.0 396.0 plane 0
322.0 427.0 283.0 427.0 284.0 396.0 322.0 397.0 plane 0
616.0 436.0 573.0 434.0 573.0 406.0 616.0 406.0 plane 0
663.0 436.0 622.0 435.0 622.0 407.0 665.0 409.0 plane 0
945.0 1524.0 994.0 1554.0 965.0 1600.0 916.0 1570.0 plane 0
1268.0 1566.0 1212.0 1563.0 1215.0 1510.0 1271.0 1514.0 plane 0
580.0 31.0 571.0 30.0 573.0 15.0 581.0 15.0 small-vehicle 1
1429.0 1583.0 1426.0 1531.0 1470.0 1530.0 1472.0 1581.0 plane 0
733.0 33.0 724.0 33.0 725.0 15.0 735.0 14.0 small-vehicle 1
660.0 32.0 650.0 31.0 650.0 12.0 660.0 13.0 small-vehicle 1
601.0 32.0 589.0 32.0 592.0 14.0 602.0 15.0 small-vehicle 1
369.0 174.0 372.0 167.0 389.0 178.0 384.0 184.0 small-vehicle 1
395.0 187.0 388.0 182.0 398.0 166.0 407.0 174.0 small-vehicle 1
375.0 164.0 379.0 157.0 393.0 168.0 390.0 174.0 small-vehicle 1
378.0 157.0 383.0 150.0 398.0 160.0 394.0 166.0 small-vehicle 1
382.0 148.0 389.0 141.0 403.0 151.0 398.0 158.0 small-vehicle 1
388.0 139.0 391.0 134.0 408.0 144.0 405.0 151.0 small-vehicle 1
416.0 137.0 413.0 144.0 392.0 132.0 399.0 124.0 small-vehicle 1
562.0 30.0 555.0 31.0 556.0 12.0 564.0 13.0 small-vehicle 1
1403.0 1835.0 1444.0 1860.0 1419.0 1900.0 1378.0 1872.0 plane 0
1333.0 1565.0 1284.0 1563.0 1287.0 1514.0 1337.0 1517.0 plane 0
945.0 393.0 1030.0 396.0 1026.0 490.0 943.0 489.0 plane 0
372.0 427.0 331.0 427.0 332.0 398.0 372.0 398.0 plane 0
567.0 433.0 526.0 433.0 525.0 407.0 568.0 407.0 plane 0
615.0 344.0 657.0 345.0 657.0 369.0 615.0 368.0 plane 0
562.0 342.0 602.0 340.0 604.0 365.0 563.0 367.0 plane 0
461.0 340.0 510.0 341.0 507.0 396.0 459.0 393.0 plane 0
1396.0 1749.0 1397.0 1682.0 1467.0 1681.0 1466.0 1751.0 plane 0
1431.0 1651.0 1427.0 1708.0 1391.0 1706.0 1392.0 1649.0 plane 0
1396.0 1677.0 1396.0 1608.0 1466.0 1609.0 1466.0 1680.0 plane 0
1454.0 1563.0 1455.0 1624.0 1398.0 1624.0 1398.0 1566.0 plane 0
1402.0 1566.0 1341.0 1568.0 1339.0 1511.0 1400.0 1509.0 plane 0
1340.0 296.0 1350.0 298.0 1346.0 317.0 1337.0 316.0 small-vehicle 1
1455.0 309.0 1455.0 300.0 1474.0 302.0 1474.0 311.0 small-vehicle 1
1456.0 320.0 1456.0 311.0 1471.0 311.0 1472.0 318.0 small-vehicle 1
1316.0 1472.0 1324.0 1473.0 1324.0 1491.0 1314.0 1490.0 small-vehicle 1
1336.0 1443.0 1327.0 1443.0 1328.0 1427.0 1337.0 1426.0 small-vehicle 1
1325.0 1444.0 1318.0 1443.0 1317.0 1426.0 1326.0 1426.0 small-vehicle 1
1308.0 1446.0 1298.0 1445.0 1299.0 1425.0 1310.0 1426.0 small-vehicle 1
1297.0 1444.0 1288.0 1443.0 1287.0 1426.0 1298.0 1425.0 small-vehicle 1
1288.0 1444.0 1278.0 1444.0 1279.0 1426.0 1287.0 1426.0 small-vehicle 1
1374.0 1469.0 1385.0 1470.0 1386.0 1492.0 1375.0 1491.0 small-vehicle 1
1373.0 1491.0 1365.0 1491.0 1364.0 1469.0 1374.0 1471.0 small-vehicle 1
1354.0 1469.0 1365.0 1470.0 1366.0 1493.0 1355.0 1492.0 small-vehicle 1
1346.0 1473.0 1355.0 1472.0 1355.0 1493.0 1346.0 1493.0 small-vehicle 1
1337.0 1473.0 1346.0 1473.0 1346.0 1493.0 1336.0 1491.0 small-vehicle 1
1324.0 1471.0 1336.0 1473.0 1336.0 1494.0 1325.0 1493.0 small-vehicle 1
1298.0 1471.0 1308.0 1471.0 1306.0 1491.0 1297.0 1490.0 small-vehicle 1
1356.0 1445.0 1346.0 1445.0 1346.0 1426.0 1355.0 1427.0 small-vehicle 1
1287.0 1469.0 1298.0 1470.0 1297.0 1491.0 1287.0 1490.0 small-vehicle 1
1278.0 1472.0 1286.0 1472.0 1286.0 1489.0 1277.0 1488.0 small-vehicle 1
1269.0 1472.0 1278.0 1471.0 1276.0 1489.0 1269.0 1489.0 small-vehicle 1
1260.0 1471.0 1268.0 1471.0 1269.0 1490.0 1259.0 1489.0 small-vehicle 1
1248.0 1470.0 1259.0 1471.0 1258.0 1487.0 1249.0 1488.0 small-vehicle 1
1249.0 1492.0 1240.0 1493.0 1241.0 1471.0 1249.0 1471.0 small-vehicle 1
1230.0 1469.0 1240.0 1469.0 1238.0 1488.0 1230.0 1486.0 small-vehicle 1
1221.0 1470.0 1230.0 1472.0 1229.0 1487.0 1220.0 1487.0 small-vehicle 1
1458.0 1322.0 1458.0 1312.0 1481.0 1313.0 1482.0 1322.0 small-vehicle 1
1480.0 1302.0 1480.0 1309.0 1464.0 1310.0 1463.0 1303.0 small-vehicle 1
1463.0 1301.0 1463.0 1292.0 1481.0 1292.0 1483.0 1302.0 small-vehicle 1
1346.0 1444.0 1337.0 1444.0 1336.0 1427.0 1345.0 1426.0 small-vehicle 1
1374.0 1446.0 1365.0 1446.0 1366.0 1427.0 1375.0 1427.0 small-vehicle 1
1462.0 1273.0 1461.0 1264.0 1482.0 1266.0 1482.0 1274.0 small-vehicle 1
1415.0 1139.0 1415.0 1130.0 1435.0 1133.0 1434.0 1141.0 small-vehicle 1
1611.0 2047.0 1620.0 2047.0 1619.0 2059.0 1611.0 2060.0 small-vehicle 1
1600.0 1875.0 1609.0 1874.0 1610.0 1892.0 1602.0 1892.0 small-vehicle 1
1620.0 1628.0 1610.0 1628.0 1609.0 1611.0 1619.0 1609.0 small-vehicle 1
1641.0 557.0 1642.0 546.0 1659.0 549.0 1659.0 558.0 small-vehicle 1
1665.0 508.0 1666.0 517.0 1649.0 516.0 1648.0 507.0 small-vehicle 1
1587.0 110.0 1596.0 110.0 1596.0 129.0 1588.0 129.0 small-vehicle 1
1457.0 95.0 1455.0 85.0 1472.0 83.0 1473.0 94.0 small-vehicle 1
1416.0 1088.0 1415.0 1078.0 1433.0 1078.0 1432.0 1087.0 small-vehicle 1
1415.0 1097.0 1415.0 1087.0 1430.0 1088.0 1432.0 1098.0 small-vehicle 1
1414.0 1106.0 1414.0 1097.0 1432.0 1099.0 1434.0 1107.0 small-vehicle 1
1414.0 1131.0 1414.0 1122.0 1434.0 1121.0 1434.0 1130.0 small-vehicle 1
1434.0 1140.0 1434.0 1149.0 1415.0 1151.0 1415.0 1142.0 small-vehicle 1
1374.0 1428.0 1385.0 1428.0 1385.0 1448.0 1376.0 1448.0 small-vehicle 1
1415.0 1158.0 1415.0 1150.0 1433.0 1150.0 1433.0 1159.0 small-vehicle 1
1434.0 1161.0 1435.0 1169.0 1415.0 1170.0 1414.0 1162.0 small-vehicle 1
1416.0 1233.0 1417.0 1224.0 1437.0 1224.0 1435.0 1234.0 small-vehicle 1
1414.0 1241.0 1415.0 1234.0 1435.0 1234.0 1436.0 1243.0 small-vehicle 1
1433.0 1245.0 1434.0 1255.0 1416.0 1254.0 1415.0 1245.0 small-vehicle 1
1435.0 1256.0 1434.0 1263.0 1416.0 1263.0 1416.0 1255.0 small-vehicle 1
1435.0 1274.0 1436.0 1281.0 1416.0 1282.0 1416.0 1272.0 small-vehicle 1
1418.0 1293.0 1417.0 1282.0 1436.0 1284.0 1436.0 1292.0 small-vehicle 1
1417.0 1300.0 1415.0 1292.0 1434.0 1292.0 1436.0 1301.0 small-vehicle 1
1416.0 1311.0 1415.0 1302.0 1436.0 1302.0 1436.0 1311.0 small-vehicle 1
1434.0 1312.0 1434.0 1322.0 1417.0 1323.0 1414.0 1314.0 small-vehicle 1
1469.0 1275.0 1468.0 1284.0 1452.0 1284.0 1452.0 1275.0 small-vehicle 1
1477.0 1246.0 1478.0 1253.0 1461.0 1255.0 1460.0 1246.0 small-vehicle 1
1474.0 320.0 1473.0 328.0 1456.0 329.0 1455.0 320.0 small-vehicle 1
1398.0 602.0 1387.0 602.0 1386.0 584.0 1398.0 584.0 small-vehicle 1
1310.0 712.0 1301.0 713.0 1301.0 692.0 1312.0 692.0 small-vehicle 1
1312.0 696.0 1323.0 696.0 1323.0 714.0 1312.0 714.0 small-vehicle 1
1332.0 714.0 1323.0 713.0 1321.0 695.0 1332.0 695.0 small-vehicle 1
1332.0 697.0 1341.0 695.0 1343.0 716.0 1333.0 716.0 small-vehicle 1
1349.0 694.0 1359.0 694.0 1361.0 717.0 1350.0 718.0 small-vehicle 1
1360.0 696.0 1369.0 696.0 1370.0 715.0 1360.0 715.0 small-vehicle 1
1370.0 696.0 1378.0 695.0 1379.0 717.0 1370.0 716.0 small-vehicle 1
1389.0 697.0 1397.0 696.0 1397.0 713.0 1389.0 713.0 small-vehicle 1
1417.0 688.0 1415.0 678.0 1434.0 677.0 1436.0 686.0 small-vehicle 1
1416.0 697.0 1414.0 688.0 1432.0 686.0 1433.0 696.0 small-vehicle 1
1411.0 666.0 1412.0 658.0 1432.0 659.0 1433.0 668.0 small-vehicle 1
1386.0 603.0 1377.0 603.0 1377.0 584.0 1385.0 585.0 small-vehicle 1
1319.0 741.0 1330.0 741.0 1330.0 759.0 1320.0 758.0 small-vehicle 1
1335.0 587.0 1342.0 593.0 1327.0 603.0 1322.0 594.0 small-vehicle 1
1314.0 579.0 1313.0 569.0 1334.0 572.0 1334.0 582.0 small-vehicle 1
1414.0 408.0 1412.0 396.0 1430.0 396.0 1431.0 405.0 small-vehicle 1
1410.0 432.0 1409.0 423.0 1428.0 425.0 1430.0 433.0 small-vehicle 1
1410.0 449.0 1410.0 440.0 1427.0 441.0 1427.0 450.0 small-vehicle 1
1457.0 412.0 1456.0 403.0 1471.0 404.0 1473.0 412.0 small-vehicle 1
1473.0 414.0 1473.0 423.0 1455.0 424.0 1454.0 414.0 small-vehicle 1
1456.0 385.0 1454.0 377.0 1476.0 375.0 1475.0 386.0 small-vehicle 1
1456.0 358.0 1457.0 349.0 1476.0 348.0 1476.0 356.0 small-vehicle 1
1456.0 348.0 1456.0 338.0 1475.0 338.0 1476.0 348.0 small-vehicle 1
1472.0 329.0 1472.0 337.0 1456.0 337.0 1455.0 330.0 small-vehicle 1
1319.0 759.0 1309.0 757.0 1310.0 741.0 1319.0 742.0 small-vehicle 1
1359.0 762.0 1349.0 761.0 1349.0 737.0 1358.0 738.0 small-vehicle 1
1478.0 1236.0 1478.0 1244.0 1462.0 1244.0 1461.0 1237.0 small-vehicle 1
1461.0 1121.0 1461.0 1111.0 1481.0 1112.0 1481.0 1122.0 small-vehicle 1
1464.0 1237.0 1462.0 1227.0 1479.0 1226.0 1481.0 1235.0 small-vehicle 1
1463.0 1225.0 1461.0 1217.0 1479.0 1219.0 1479.0 1226.0 small-vehicle 1
1458.0 1217.0 1457.0 1208.0 1477.0 1208.0 1478.0 1218.0 small-vehicle 1
1462.0 1206.0 1459.0 1196.0 1476.0 1197.0 1479.0 1206.0 small-vehicle 1
1463.0 1196.0 1461.0 1187.0 1479.0 1188.0 1478.0 1196.0 small-vehicle 1
1464.0 1187.0 1461.0 1178.0 1479.0 1178.0 1480.0 1187.0 small-vehicle 1
1479.0 1168.0 1479.0 1176.0 1462.0 1176.0 1463.0 1167.0 small-vehicle 1
1463.0 1167.0 1463.0 1158.0 1479.0 1158.0 1480.0 1166.0 small-vehicle 1
1463.0 1160.0 1461.0 1151.0 1479.0 1150.0 1480.0 1159.0 small-vehicle 1
1461.0 1151.0 1459.0 1140.0 1479.0 1139.0 1479.0 1150.0 small-vehicle 1
1463.0 1129.0 1461.0 1121.0 1478.0 1121.0 1478.0 1130.0 small-vehicle 1
1464.0 1110.0 1461.0 1101.0 1481.0 1101.0 1481.0 1109.0 small-vehicle 1
1368.0 743.0 1377.0 743.0 1376.0 761.0 1368.0 759.0 small-vehicle 1
1461.0 1100.0 1461.0 1092.0 1479.0 1092.0 1479.0 1100.0 small-vehicle 1
1465.0 1091.0 1463.0 1081.0 1480.0 1083.0 1480.0 1092.0 small-vehicle 1
1457.0 1069.0 1457.0 1058.0 1479.0 1060.0 1479.0 1071.0 small-vehicle 1
1478.0 1033.0 1477.0 1043.0 1458.0 1043.0 1458.0 1033.0 small-vehicle 1
1475.0 1025.0 1475.0 1032.0 1458.0 1031.0 1459.0 1024.0 small-vehicle 1
1431.0 1023.0 1442.0 1024.0 1441.0 1046.0 1431.0 1045.0 small-vehicle 1
1415.0 995.0 1416.0 985.0 1434.0 987.0 1435.0 995.0 small-vehicle 1
1461.0 1013.0 1459.0 1004.0 1478.0 1005.0 1477.0 1014.0 small-vehicle 1
1462.0 994.0 1462.0 985.0 1479.0 986.0 1479.0 995.0 small-vehicle 1
1414.0 976.0 1414.0 967.0 1433.0 968.0 1434.0 977.0 small-vehicle 1
1397.0 760.0 1387.0 760.0 1387.0 743.0 1397.0 744.0 small-vehicle 1
433.0 244.0 396.0 300.0 333.0 258.0 373.0 201.0 plane 0
