imagesource:GoogleEarth
gsd:0.546476117644
1284.0 170.0 1284.0 176.0 1255.0 174.0 1254.0 167.0 large-vehicle 0
2022.0 963.0 2022.0 958.0 2032.0 957.0 2033.0 962.0 small-vehicle 1
1909.0 900.0 1915.0 900.0 1915.0 909.0 1910.0 909.0 small-vehicle 1
1904.0 908.0 1911.0 909.0 1911.0 919.0 1905.0 919.0 small-vehicle 1
2359.0 835.0 2359.0 840.0 2351.0 840.0 2349.0 835.0 small-vehicle 1
2340.0 823.0 2346.0 822.0 2346.0 832.0 2340.0 831.0 small-vehicle 1
1984.0 692.0 1984.0 687.0 1997.0 687.0 1996.0 692.0 small-vehicle 1
1968.0 658.0 1967.0 664.0 1955.0 664.0 1955.0 658.0 small-vehicle 1
1971.0 637.0 1967.0 632.0 1975.0 625.0 1979.0 629.0 large-vehicle 1
2368.0 638.0 2369.0 643.0 2359.0 644.0 2359.0 639.0 small-vehicle 1
2416.0 648.0 2414.0 653.0 2401.0 648.0 2402.0 642.0 small-vehicle 1
2429.0 642.0 2429.0 647.0 2413.0 646.0 2413.0 642.0 small-vehicle 1
1985.0 602.0 1981.0 598.0 1991.0 592.0 1995.0 597.0 small-vehicle 1
1978.0 594.0 1979.0 599.0 1971.0 601.0 1970.0 598.0 small-vehicle 1
1980.0 587.0 1981.0 592.0 1972.0 594.0 1971.0 590.0 small-vehicle 1
1957.0 584.0 1957.0 578.0 1967.0 579.0 1968.0 584.0 small-vehicle 1
1974.0 504.0 1974.0 498.0 1986.0 499.0 1986.0 505.0 small-vehicle 1
1966.0 508.0 1966.0 505.0 1978.0 505.0 1979.0 509.0 small-vehicle 1
1973.0 528.0 1972.0 523.0 1985.0 524.0 1984.0 529.0 small-vehicle 1
1969.0 569.0 1968.0 573.0 1956.0 573.0 1956.0 569.0 small-vehicle 1
1967.0 529.0 1967.0 534.0 1955.0 534.0 1954.0 530.0 small-vehicle 1
1965.0 484.0 1970.0 484.0 1969.0 496.0 1964.0 495.0 small-vehicle 1
1955.0 495.0 1960.0 492.0 1965.0 502.0 1960.0 505.0 small-vehicle 1
1971.0 311.0 1976.0 309.0 1984.0 316.0 1980.0 320.0 small-vehicle 1
2169.0 199.0 2174.0 200.0 2172.0 211.0 2166.0 209.0 small-vehicle 1
2157.0 200.0 2165.0 199.0 2164.0 211.0 2157.0 211.0 small-vehicle 1
2422.0 346.0 2416.0 349.0 2411.0 338.0 2417.0 333.0 small-vehicle 1
2493.0 299.0 2498.0 301.0 2495.0 312.0 2490.0 311.0 small-vehicle 1
2348.0 278.0 2348.0 272.0 2369.0 273.0 2369.0 278.0 large-vehicle 1
1973.0 185.0 1975.0 190.0 1959.0 196.0 1958.0 189.0 small-vehicle 1
1976.0 140.0 1976.0 144.0 1966.0 145.0 1965.0 141.0 small-vehicle 1
2219.0 1015.0 2218.0 1020.0 2203.0 1020.0 2203.0 1015.0 small-vehicle 1
2357.0 995.0 2362.0 998.0 2360.0 1005.0 2354.0 1003.0 small-vehicle 1
1940.0 144.0 1940.0 150.0 1927.0 150.0 1927.0 145.0 small-vehicle 1
2321.0 1087.0 2317.0 1085.0 2320.0 1075.0 2326.0 1077.0 small-vehicle 1
1543.0 423.0 1543.0 419.0 1555.0 419.0 1555.0 424.0 small-vehicle 1
1544.0 428.0 1544.0 424.0 1555.0 425.0 1555.0 429.0 small-vehicle 1
1544.0 436.0 1545.0 430.0 1554.0 431.0 1554.0 436.0 small-vehicle 1
1583.0 433.0 1589.0 434.0 1589.0 446.0 1582.0 446.0 small-vehicle 1
1589.0 434.0 1594.0 434.0 1594.0 445.0 1588.0 445.0 small-vehicle 1
1593.0 432.0 1599.0 432.0 1599.0 445.0 1593.0 445.0 small-vehicle 1
1612.0 434.0 1618.0 433.0 1619.0 445.0 1613.0 444.0 small-vehicle 1
1619.0 434.0 1623.0 434.0 1624.0 442.0 1620.0 442.0 small-vehicle 1
1624.0 435.0 1629.0 434.0 1629.0 445.0 1624.0 445.0 small-vehicle 1
1656.0 398.0 1662.0 399.0 1659.0 411.0 1654.0 409.0 small-vehicle 1
1967.0 794.0 1967.0 788.0 1979.0 788.0 1980.0 793.0 small-vehicle 1
1823.0 145.0 1824.0 141.0 1835.0 141.0 1835.0 145.0 small-vehicle 1
1813.0 376.0 1808.0 377.0 1808.0 367.0 1814.0 366.0 small-vehicle 1
1821.0 375.0 1816.0 375.0 1814.0 364.0 1820.0 364.0 small-vehicle 1
1828.0 375.0 1822.0 375.0 1822.0 364.0 1827.0 365.0 small-vehicle 1
2384.0 834.0 2389.0 840.0 2376.0 849.0 2372.0 846.0 small-vehicle 1
2387.0 679.0 2391.0 679.0 2392.0 692.0 2386.0 692.0 small-vehicle 1
1958.0 578.0 1958.0 573.0 1969.0 574.0 1969.0 578.0 small-vehicle 1
1906.0 881.0 1907.0 873.0 1921.0 875.0 1920.0 882.0 small-vehicle 1
1811.0 547.0 1818.0 549.0 1812.0 560.0 1807.0 557.0 small-vehicle 1
1972.0 541.0 1972.0 534.0 1985.0 534.0 1986.0 540.0 small-vehicle 1
1854.0 685.0 1854.0 690.0 1844.0 691.0 1843.0 686.0 small-vehicle 1
1820.0 652.0 1823.0 649.0 1832.0 657.0 1829.0 661.0 small-vehicle 1
2008.0 792.0 2011.0 786.0 2022.0 791.0 2019.0 796.0 small-vehicle 1
1867.0 839.0 1868.0 844.0 1856.0 847.0 1856.0 842.0 small-vehicle 1
1892.0 861.0 1897.0 865.0 1890.0 872.0 1886.0 869.0 small-vehicle 1
1842.0 943.0 1846.0 941.0 1852.0 946.0 1849.0 950.0 small-vehicle 1
1867.0 997.0 1869.0 992.0 1879.0 997.0 1878.0 1002.0 small-vehicle 1
2429.0 1098.0 2434.0 1094.0 2441.0 1104.0 2437.0 1107.0 small-vehicle 1
1964.0 147.0 1964.0 152.0 1951.0 153.0 1951.0 147.0 small-vehicle 1
2043.0 79.0 2043.0 73.0 2054.0 74.0 2055.0 80.0 small-vehicle 1
1541.0 416.0 1542.0 421.0 1528.0 420.0 1528.0 416.0 small-vehicle 1
964.0 650.0 962.0 655.0 953.0 651.0 956.0 646.0 small-vehicle 1
1078.0 1049.0 1078.0 1044.0 1089.0 1043.0 1089.0 1048.0 small-vehicle 1
958.0 987.0 959.0 981.0 971.0 982.0 971.0 987.0 small-vehicle 1
739.0 136.0 743.0 132.0 750.0 141.0 747.0 145.0 small-vehicle 1
497.0 481.0 503.0 478.0 508.0 489.0 502.0 491.0 small-vehicle 1
493.0 485.0 497.0 482.0 502.0 492.0 498.0 494.0 small-vehicle 1
487.0 488.0 491.0 484.0 497.0 495.0 492.0 497.0 small-vehicle 1
787.0 251.0 784.0 253.0 779.0 245.0 782.0 243.0 small-vehicle 1
769.0 255.0 765.0 258.0 760.0 249.0 764.0 246.0 small-vehicle 1
971.0 262.0 974.0 256.0 985.0 264.0 982.0 269.0 small-vehicle 1
652.0 512.0 660.0 513.0 658.0 529.0 652.0 529.0 small-vehicle 1
729.0 887.0 731.0 882.0 743.0 888.0 740.0 893.0 small-vehicle 1
206.0 515.0 209.0 513.0 217.0 521.0 213.0 525.0 small-vehicle 1
575.0 169.0 579.0 173.0 568.0 179.0 562.0 174.0 small-vehicle 1
187.0 29.0 193.0 33.0 186.0 43.0 181.0 38.0 small-vehicle 1
976.0 440.0 947.0 499.0 879.0 459.0 911.0 404.0 plane 0
867.0 844.0 978.0 840.0 982.0 958.0 874.0 963.0 plane 0
1044.0 448.0 1076.0 399.0 1133.0 442.0 1098.0 490.0 plane 0
1233.0 914.0 1213.0 974.0 1143.0 949.0 1167.0 890.0 plane 0
1295.0 876.0 1254.0 925.0 1192.0 871.0 1237.0 825.0 plane 0
1402.0 484.0 1412.0 417.0 1480.0 426.0 1472.0 491.0 plane 0
1999.0 583.0 1991.0 518.0 2060.0 506.0 2070.0 574.0 plane 0
1844.0 778.0 1854.0 871.0 1751.0 879.0 1744.0 786.0 plane 0
1889.0 889.0 1982.0 893.0 1978.0 993.0 1888.0 990.0 plane 0
2318.0 691.0 2350.0 779.0 2257.0 813.0 2224.0 728.0 plane 0
2337.0 611.0 2333.0 703.0 2232.0 701.0 2233.0 605.0 plane 0
2332.0 516.0 2331.0 589.0 2246.0 590.0 2245.0 515.0 plane 0
2313.0 353.0 2313.0 444.0 2209.0 444.0 2211.0 357.0 plane 0
392.0 566.0 455.0 605.0 409.0 678.0 348.0 641.0 plane 0
716.0 214.0 664.0 222.0 650.0 160.0 703.0 149.0 plane 0
1026.0 661.0 1022.0 664.0 1019.0 655.0 1023.0 654.0 small-vehicle 1
933.0 668.0 936.0 664.0 944.0 670.0 942.0 672.0 small-vehicle 1
2043.0 94.0 2043.0 88.0 2055.0 88.0 2055.0 94.0 small-vehicle 1
1027.0 724.0 1028.0 729.0 1019.0 731.0 1017.0 726.0 small-vehicle 1
2055.0 95.0 2054.0 100.0 2041.0 100.0 2042.0 95.0 small-vehicle 1
2134.0 97.0 2136.0 102.0 2126.0 105.0 2125.0 101.0 small-vehicle 1
2234.0 71.0 2233.0 66.0 2245.0 65.0 2246.0 70.0 small-vehicle 1
2287.0 102.0 2289.0 107.0 2278.0 111.0 2277.0 105.0 small-vehicle 1
2315.0 81.0 2315.0 86.0 2303.0 87.0 2303.0 82.0 small-vehicle 1
2332.0 76.0 2331.0 81.0 2320.0 79.0 2321.0 75.0 small-vehicle 1
2334.0 626.0 2334.0 630.0 2323.0 631.0 2323.0 627.0 small-vehicle 1
2491.0 488.0 2484.0 487.0 2485.0 477.0 2491.0 478.0 small-vehicle 1
2391.0 466.0 2391.0 472.0 2380.0 472.0 2378.0 467.0 small-vehicle 1
2314.0 419.0 2318.0 425.0 2308.0 431.0 2304.0 426.0 small-vehicle 1
2378.0 383.0 2376.0 378.0 2388.0 378.0 2387.0 382.0 small-vehicle 1
2388.0 368.0 2388.0 374.0 2377.0 373.0 2377.0 369.0 small-vehicle 1
2377.0 359.0 2378.0 355.0 2388.0 356.0 2387.0 360.0 small-vehicle 1
2378.0 354.0 2378.0 349.0 2388.0 349.0 2387.0 353.0 small-vehicle 1
2378.0 343.0 2378.0 338.0 2387.0 339.0 2388.0 344.0 small-vehicle 1
2376.0 329.0 2376.0 322.0 2387.0 323.0 2387.0 328.0 small-vehicle 1
2505.0 299.0 2510.0 299.0 2508.0 312.0 2501.0 311.0 small-vehicle 1
2483.0 300.0 2487.0 301.0 2482.0 313.0 2478.0 309.0 small-vehicle 1
2457.0 303.0 2460.0 305.0 2456.0 314.0 2453.0 311.0 small-vehicle 1
2434.0 305.0 2438.0 305.0 2435.0 316.0 2430.0 314.0 small-vehicle 1
2429.0 302.0 2434.0 303.0 2431.0 314.0 2425.0 313.0 small-vehicle 1
2423.0 303.0 2428.0 304.0 2424.0 313.0 2420.0 311.0 small-vehicle 1
2418.0 303.0 2423.0 303.0 2420.0 312.0 2415.0 311.0 small-vehicle 1
2411.0 303.0 2417.0 303.0 2415.0 313.0 2410.0 311.0 small-vehicle 1
2499.0 272.0 2499.0 267.0 2511.0 268.0 2511.0 272.0 small-vehicle 1
2486.0 104.0 2486.0 109.0 2476.0 110.0 2475.0 105.0 small-vehicle 1
2434.0 70.0 2435.0 74.0 2421.0 75.0 2421.0 71.0 small-vehicle 1
865.0 459.0 871.0 462.0 867.0 473.0 861.0 472.0 small-vehicle 1
934.0 485.0 934.0 490.0 922.0 487.0 922.0 482.0 small-vehicle 1
1541.0 414.0 1541.0 408.0 1554.0 410.0 1553.0 415.0 small-vehicle 1
1543.0 422.0 1543.0 426.0 1533.0 427.0 1533.0 422.0 small-vehicle 1
1290.0 179.0 1289.0 172.0 1302.0 173.0 1303.0 178.0 small-vehicle 1
1286.0 438.0 1286.0 432.0 1298.0 433.0 1298.0 439.0 small-vehicle 1
1287.0 843.0 1287.0 847.0 1274.0 848.0 1274.0 844.0 small-vehicle 1
1415.0 906.0 1413.0 900.0 1423.0 898.0 1424.0 904.0 small-vehicle 1
1390.0 867.0 1386.0 866.0 1386.0 857.0 1391.0 857.0 small-vehicle 1
1437.0 852.0 1438.0 846.0 1454.0 854.0 1452.0 859.0 large-vehicle 1
1436.0 841.0 1436.0 848.0 1415.0 848.0 1415.0 840.0 large-vehicle 1
1433.0 870.0 1431.0 875.0 1415.0 871.0 1416.0 866.0 large-vehicle 1
1403.0 800.0 1403.0 805.0 1392.0 805.0 1391.0 800.0 small-vehicle 1
1385.0 690.0 1385.0 683.0 1397.0 682.0 1397.0 688.0 small-vehicle 1
1385.0 695.0 1385.0 690.0 1396.0 689.0 1396.0 695.0 small-vehicle 1
1415.0 692.0 1415.0 688.0 1424.0 688.0 1424.0 693.0 small-vehicle 1
1410.0 679.0 1409.0 672.0 1424.0 672.0 1425.0 677.0 small-vehicle 1
1382.0 588.0 1382.0 583.0 1394.0 584.0 1394.0 588.0 small-vehicle 1
1388.0 559.0 1389.0 562.0 1379.0 563.0 1379.0 559.0 small-vehicle 1
1589.0 35.0 1594.0 35.0 1592.0 45.0 1588.0 44.0 small-vehicle 1
1579.0 34.0 1583.0 34.0 1583.0 44.0 1579.0 44.0 small-vehicle 1
1573.0 32.0 1578.0 33.0 1577.0 43.0 1573.0 43.0 small-vehicle 1
1569.0 34.0 1572.0 34.0 1572.0 43.0 1568.0 43.0 small-vehicle 1
1564.0 34.0 1568.0 35.0 1568.0 44.0 1564.0 44.0 small-vehicle 1
1559.0 35.0 1564.0 36.0 1563.0 44.0 1558.0 44.0 small-vehicle 1
1553.0 35.0 1557.0 35.0 1557.0 44.0 1553.0 44.0 small-vehicle 1
1552.0 45.0 1548.0 44.0 1548.0 36.0 1553.0 36.0 small-vehicle 1
1543.0 34.0 1547.0 35.0 1547.0 44.0 1543.0 44.0 small-vehicle 1
1542.0 45.0 1537.0 45.0 1537.0 36.0 1541.0 36.0 small-vehicle 1
1644.0 66.0 1649.0 66.0 1650.0 76.0 1645.0 76.0 small-vehicle 1
1655.0 76.0 1650.0 75.0 1650.0 66.0 1656.0 66.0 small-vehicle 1
1655.0 66.0 1659.0 66.0 1660.0 76.0 1656.0 76.0 small-vehicle 1
1675.0 77.0 1670.0 75.0 1671.0 66.0 1676.0 66.0 small-vehicle 1
1665.0 67.0 1670.0 67.0 1671.0 75.0 1666.0 76.0 small-vehicle 1
1684.0 67.0 1689.0 66.0 1692.0 75.0 1686.0 77.0 small-vehicle 1
1284.0 830.0 1284.0 835.0 1271.0 835.0 1271.0 830.0 small-vehicle 1
1132.0 397.0 1126.0 394.0 1132.0 383.0 1137.0 385.0 small-vehicle 1
1673.0 42.0 1668.0 42.0 1669.0 32.0 1673.0 32.0 small-vehicle 1
938.0 665.0 941.0 660.0 951.0 668.0 948.0 671.0 small-vehicle 1
1213.0 179.0 1214.0 175.0 1227.0 178.0 1226.0 183.0 small-vehicle 1
1119.0 371.0 1117.0 377.0 1100.0 371.0 1104.0 366.0 small-vehicle 1
1060.0 327.0 1061.0 331.0 1051.0 336.0 1047.0 333.0 small-vehicle 1
1053.0 322.0 1056.0 328.0 1045.0 332.0 1041.0 329.0 small-vehicle 1
1048.0 319.0 1050.0 324.0 1040.0 330.0 1037.0 325.0 small-vehicle 1
1040.0 313.0 1043.0 315.0 1035.0 321.0 1031.0 319.0 small-vehicle 1
1055.0 461.0 1060.0 465.0 1053.0 475.0 1048.0 469.0 small-vehicle 1
940.0 679.0 938.0 683.0 929.0 679.0 931.0 674.0 small-vehicle 1
1263.0 49.0 1263.0 44.0 1273.0 44.0 1274.0 49.0 small-vehicle 1
1155.0 20.0 1161.0 20.0 1161.0 32.0 1155.0 32.0 small-vehicle 1
1131.0 31.0 1131.0 26.0 1141.0 26.0 1142.0 30.0 small-vehicle 1
1132.0 37.0 1131.0 32.0 1141.0 31.0 1142.0 36.0 small-vehicle 1
1198.0 51.0 1194.0 53.0 1193.0 42.0 1198.0 41.0 small-vehicle 1
1194.0 52.0 1188.0 52.0 1188.0 42.0 1193.0 42.0 small-vehicle 1
1187.0 53.0 1184.0 51.0 1183.0 42.0 1187.0 43.0 small-vehicle 1
1184.0 53.0 1179.0 53.0 1178.0 43.0 1183.0 43.0 small-vehicle 1
1178.0 53.0 1173.0 53.0 1173.0 43.0 1178.0 42.0 small-vehicle 1
1172.0 54.0 1168.0 54.0 1168.0 44.0 1171.0 44.0 small-vehicle 1
1168.0 54.0 1162.0 54.0 1162.0 44.0 1167.0 44.0 small-vehicle 1
1158.0 53.0 1152.0 54.0 1152.0 44.0 1156.0 43.0 small-vehicle 1
1131.0 44.0 1130.0 38.0 1142.0 38.0 1142.0 43.0 small-vehicle 1
1042.0 41.0 1046.0 38.0 1052.0 47.0 1047.0 50.0 small-vehicle 1
1062.0 68.0 1059.0 70.0 1052.0 63.0 1055.0 59.0 small-vehicle 1
1090.0 102.0 1086.0 106.0 1079.0 98.0 1083.0 95.0 small-vehicle 1
1166.0 123.0 1164.0 127.0 1153.0 121.0 1155.0 118.0 small-vehicle 1
1192.0 159.0 1189.0 164.0 1181.0 160.0 1181.0 155.0 small-vehicle 1
1146.0 345.0 1152.0 344.0 1153.0 356.0 1147.0 356.0 small-vehicle 1
984.0 678.0 982.0 682.0 971.0 678.0 973.0 673.0 small-vehicle 1
930.0 673.0 932.0 669.0 940.0 673.0 937.0 676.0 small-vehicle 1
1696.0 76.0 1691.0 76.0 1689.0 65.0 1695.0 65.0 small-vehicle 1
1678.0 31.0 1683.0 31.0 1683.0 39.0 1678.0 40.0 small-vehicle 1
1537.0 401.0 1536.0 405.0 1525.0 406.0 1525.0 401.0 small-vehicle 1
1528.0 105.0 1523.0 105.0 1522.0 95.0 1527.0 95.0 small-vehicle 1
1505.0 80.0 1505.0 76.0 1514.0 76.0 1515.0 80.0 small-vehicle 1
1507.0 76.0 1506.0 71.0 1515.0 71.0 1515.0 76.0 small-vehicle 1
1505.0 70.0 1506.0 66.0 1516.0 66.0 1515.0 71.0 small-vehicle 1
1505.0 37.0 1504.0 31.0 1514.0 31.0 1515.0 36.0 small-vehicle 1
1564.0 102.0 1558.0 102.0 1558.0 92.0 1563.0 92.0 small-vehicle 1
1605.0 101.0 1599.0 101.0 1598.0 91.0 1604.0 90.0 small-vehicle 1
1639.0 99.0 1633.0 99.0 1631.0 89.0 1637.0 88.0 small-vehicle 1
1674.0 100.0 1669.0 99.0 1668.0 89.0 1673.0 89.0 small-vehicle 1
1680.0 99.0 1674.0 99.0 1673.0 89.0 1679.0 89.0 small-vehicle 1
1695.0 99.0 1690.0 99.0 1688.0 88.0 1694.0 88.0 small-vehicle 1
1572.0 113.0 1572.0 118.0 1562.0 117.0 1562.0 112.0 small-vehicle 1
1561.0 119.0 1561.0 122.0 1552.0 123.0 1552.0 119.0 small-vehicle 1
1400.0 75.0 1399.0 70.0 1409.0 70.0 1409.0 74.0 small-vehicle 1
1375.0 85.0 1375.0 79.0 1387.0 79.0 1387.0 85.0 small-vehicle 1
1375.0 102.0 1375.0 96.0 1388.0 96.0 1389.0 101.0 small-vehicle 1
1401.0 107.0 1400.0 101.0 1409.0 101.0 1408.0 106.0 small-vehicle 1
1376.0 110.0 1375.0 106.0 1386.0 105.0 1386.0 110.0 small-vehicle 1
1457.0 140.0 1452.0 140.0 1451.0 129.0 1456.0 129.0 small-vehicle 1
1403.0 124.0 1403.0 119.0 1414.0 120.0 1414.0 124.0 small-vehicle 1
1386.0 159.0 1386.0 164.0 1373.0 163.0 1373.0 158.0 small-vehicle 1
1354.0 156.0 1355.0 161.0 1343.0 161.0 1343.0 156.0 small-vehicle 1
1538.0 120.0 1539.0 123.0 1529.0 124.0 1529.0 121.0 small-vehicle 1
1599.0 112.0 1600.0 117.0 1589.0 118.0 1589.0 113.0 small-vehicle 1
1641.0 116.0 1642.0 121.0 1631.0 121.0 1631.0 116.0 small-vehicle 1
1845.0 601.0 1848.0 604.0 1838.0 609.0 1836.0 606.0 small-vehicle 1
1377.0 404.0 1377.0 407.0 1370.0 407.0 1369.0 404.0 small-vehicle 1
1420.0 384.0 1426.0 384.0 1425.0 395.0 1420.0 395.0 small-vehicle 1
1415.0 383.0 1420.0 384.0 1420.0 394.0 1415.0 394.0 small-vehicle 1
1403.0 381.0 1410.0 383.0 1407.0 393.0 1402.0 392.0 small-vehicle 1
1514.0 81.0 1514.0 85.0 1505.0 84.0 1505.0 81.0 small-vehicle 1
1533.0 105.0 1529.0 105.0 1528.0 95.0 1533.0 95.0 small-vehicle 1
1623.0 42.0 1619.0 42.0 1619.0 34.0 1623.0 34.0 small-vehicle 1
1538.0 103.0 1536.0 104.0 1532.0 93.0 1537.0 93.0 small-vehicle 1
1390.0 416.0 1391.0 411.0 1398.0 413.0 1398.0 418.0 small-vehicle 1
1710.0 63.0 1705.0 64.0 1705.0 55.0 1710.0 55.0 small-vehicle 1
1705.0 63.0 1699.0 64.0 1697.0 55.0 1703.0 54.0 small-vehicle 1
1664.0 65.0 1659.0 65.0 1659.0 56.0 1665.0 56.0 small-vehicle 1
1654.0 65.0 1649.0 65.0 1649.0 55.0 1654.0 56.0 small-vehicle 1
1645.0 66.0 1639.0 65.0 1638.0 55.0 1645.0 54.0 small-vehicle 1
1628.0 56.0 1635.0 56.0 1635.0 67.0 1629.0 68.0 small-vehicle 1
1615.0 67.0 1610.0 67.0 1610.0 57.0 1614.0 57.0 small-vehicle 1
1609.0 67.0 1614.0 67.0 1615.0 78.0 1610.0 78.0 small-vehicle 1
1614.0 67.0 1620.0 67.0 1620.0 77.0 1615.0 77.0 small-vehicle 1
1606.0 66.0 1610.0 66.0 1609.0 78.0 1605.0 77.0 small-vehicle 1
1600.0 67.0 1605.0 67.0 1605.0 77.0 1601.0 77.0 small-vehicle 1
1595.0 67.0 1599.0 67.0 1601.0 78.0 1595.0 77.0 small-vehicle 1
1590.0 68.0 1594.0 67.0 1594.0 77.0 1589.0 77.0 small-vehicle 1
1578.0 56.0 1584.0 56.0 1584.0 67.0 1579.0 67.0 small-vehicle 1
1567.0 57.0 1572.0 56.0 1573.0 67.0 1569.0 67.0 small-vehicle 1
1559.0 57.0 1564.0 57.0 1564.0 69.0 1560.0 69.0 small-vehicle 1
1559.0 67.0 1554.0 67.0 1554.0 57.0 1559.0 56.0 small-vehicle 1
1554.0 69.0 1550.0 69.0 1549.0 58.0 1553.0 59.0 small-vehicle 1
1544.0 59.0 1549.0 58.0 1550.0 69.0 1545.0 69.0 small-vehicle 1
1545.0 69.0 1539.0 69.0 1538.0 57.0 1545.0 57.0 small-vehicle 1
1558.0 67.0 1564.0 68.0 1565.0 79.0 1559.0 79.0 small-vehicle 1
1555.0 69.0 1558.0 68.0 1559.0 79.0 1555.0 79.0 small-vehicle 1
1550.0 69.0 1555.0 69.0 1555.0 79.0 1550.0 79.0 small-vehicle 1
1544.0 69.0 1548.0 69.0 1549.0 78.0 1545.0 79.0 small-vehicle 1
1537.0 69.0 1543.0 70.0 1544.0 81.0 1538.0 81.0 small-vehicle 1
1554.0 105.0 1548.0 105.0 1548.0 93.0 1554.0 93.0 small-vehicle 1
1543.0 94.0 1549.0 94.0 1549.0 105.0 1543.0 105.0 small-vehicle 1
1539.0 94.0 1543.0 94.0 1543.0 106.0 1539.0 106.0 small-vehicle 1
643.0 263.0 584.0 277.0 564.0 201.0 623.0 188.0 plane 0
