imagesource:GoogleEarth
gsd:0.272210276005
1373.0 577.0 1382.0 577.0 1383.0 597.0 1374.0 597.0 large-vehicle 0
1875.0 925.0 1876.0 968.0 1846.0 970.0 1844.0 925.0 plane 0
1729.0 386.0 1688.0 385.0 1689.0 355.0 1730.0 357.0 plane 0
1711.0 326.0 1753.0 329.0 1750.0 357.0 1711.0 354.0 plane 0
1769.0 387.0 1735.0 387.0 1736.0 357.0 1768.0 358.0 plane 0
1801.0 328.0 1847.0 332.0 1844.0 363.0 1799.0 360.0 plane 0
1819.0 388.0 1778.0 390.0 1775.0 361.0 1817.0 357.0 plane 0
1865.0 393.0 1822.0 392.0 1823.0 363.0 1866.0 364.0 plane 0
1599.0 231.0 1557.0 230.0 1557.0 200.0 1599.0 200.0 plane 0
1689.0 233.0 1647.0 234.0 1647.0 203.0 1689.0 202.0 plane 0
1728.0 233.0 1691.0 236.0 1689.0 203.0 1726.0 199.0 plane 0
1777.0 236.0 1734.0 235.0 1733.0 206.0 1778.0 207.0 plane 0
1819.0 237.0 1784.0 236.0 1785.0 207.0 1821.0 210.0 plane 0
2016.0 240.0 1974.0 238.0 1974.0 208.0 2016.0 209.0 plane 0
2053.0 243.0 2017.0 242.0 2018.0 210.0 2055.0 211.0 plane 0
2103.0 244.0 2063.0 241.0 2065.0 211.0 2105.0 214.0 plane 0
2147.0 244.0 2105.0 239.0 2110.0 210.0 2150.0 214.0 plane 0
2033.0 382.0 1992.0 381.0 1993.0 350.0 2035.0 352.0 plane 0
2060.0 328.0 2101.0 330.0 2099.0 358.0 2060.0 357.0 plane 0
1684.0 388.0 1645.0 386.0 1645.0 357.0 1684.0 357.0 plane 0
1634.0 386.0 1600.0 383.0 1603.0 354.0 1638.0 357.0 plane 0
1590.0 386.0 1556.0 386.0 1556.0 354.0 1591.0 355.0 plane 0
1415.0 382.0 1374.0 382.0 1374.0 351.0 1415.0 351.0 plane 0
1233.0 377.0 1195.0 375.0 1195.0 345.0 1233.0 348.0 plane 0
1278.0 378.0 1240.0 375.0 1242.0 346.0 1279.0 349.0 plane 0
1301.0 402.0 1262.0 399.0 1265.0 371.0 1303.0 375.0 plane 0
1325.0 376.0 1285.0 374.0 1285.0 346.0 1326.0 347.0 plane 0
1366.0 378.0 1332.0 378.0 1332.0 349.0 1368.0 350.0 plane 0
1345.0 402.0 1308.0 403.0 1308.0 376.0 1345.0 377.0 plane 0
1390.0 405.0 1350.0 400.0 1353.0 373.0 1393.0 377.0 plane 0
1398.0 317.0 1440.0 319.0 1437.0 347.0 1397.0 345.0 plane 0
1546.0 386.0 1508.0 383.0 1510.0 355.0 1548.0 359.0 plane 0
1432.0 406.0 1393.0 402.0 1398.0 372.0 1435.0 376.0 plane 0
1455.0 381.0 1422.0 382.0 1422.0 352.0 1454.0 352.0 plane 0
1480.0 398.0 1443.0 396.0 1444.0 372.0 1483.0 373.0 plane 0
1444.0 319.0 1479.0 320.0 1478.0 349.0 1445.0 348.0 plane 0
1506.0 384.0 1466.0 381.0 1467.0 352.0 1506.0 353.0 plane 0
1488.0 322.0 1526.0 323.0 1525.0 352.0 1485.0 351.0 plane 0
1537.0 320.0 1577.0 324.0 1572.0 354.0 1531.0 348.0 plane 0
2107.0 331.0 2143.0 332.0 2142.0 360.0 2107.0 359.0 plane 0
2151.0 333.0 2192.0 335.0 2188.0 366.0 2149.0 363.0 plane 0
2191.0 331.0 2240.0 332.0 2238.0 362.0 2193.0 360.0 plane 0
2155.0 970.0 2156.0 934.0 2184.0 934.0 2183.0 971.0 plane 0
1761.0 961.0 1761.0 1002.0 1730.0 1001.0 1732.0 960.0 plane 0
1762.0 1006.0 1759.0 1046.0 1728.0 1043.0 1729.0 1004.0 plane 0
1865.0 1074.0 1868.0 1036.0 1894.0 1038.0 1891.0 1076.0 plane 0
2092.0 1063.0 2093.0 1101.0 2060.0 1104.0 2057.0 1063.0 plane 0
2085.0 997.0 2084.0 1037.0 2058.0 1035.0 2061.0 996.0 plane 0
1927.0 1013.0 1927.0 975.0 1954.0 977.0 1952.0 1014.0 plane 0
2093.0 861.0 2090.0 898.0 2063.0 897.0 2065.0 858.0 plane 0
2177.0 944.0 2194.0 906.0 2221.0 919.0 2203.0 957.0 plane 0
1765.0 875.0 1765.0 915.0 1732.0 916.0 1733.0 874.0 plane 0
1971.0 865.0 1972.0 822.0 2001.0 823.0 2000.0 866.0 plane 0
2096.0 793.0 2097.0 829.0 2067.0 831.0 2065.0 794.0 plane 0
2096.0 724.0 2095.0 763.0 2061.0 761.0 2064.0 721.0 plane 0
1807.0 761.0 1845.0 758.0 1845.0 787.0 1809.0 789.0 plane 0
1814.0 831.0 1815.0 792.0 1843.0 793.0 1841.0 833.0 plane 0
1879.0 790.0 1879.0 832.0 1847.0 832.0 1848.0 790.0 plane 0
1876.0 836.0 1875.0 875.0 1848.0 875.0 1848.0 835.0 plane 0
1765.0 920.0 1764.0 958.0 1730.0 957.0 1732.0 918.0 plane 0
1761.0 832.0 1756.0 874.0 1726.0 870.0 1731.0 830.0 plane 0
2254.0 390.0 2213.0 388.0 2214.0 360.0 2258.0 364.0 plane 0
2208.0 522.0 2166.0 520.0 2167.0 493.0 2210.0 494.0 plane 0
2208.0 386.0 2173.0 384.0 2175.0 361.0 2208.0 363.0 plane 0
2168.0 386.0 2127.0 386.0 2127.0 357.0 2169.0 358.0 plane 0
2122.0 386.0 2080.0 384.0 2082.0 354.0 2123.0 355.0 plane 0
2328.0 337.0 2367.0 338.0 2367.0 366.0 2328.0 364.0 plane 0
2345.0 392.0 2305.0 390.0 2306.0 363.0 2346.0 364.0 plane 0
2482.0 396.0 2439.0 394.0 2440.0 366.0 2483.0 368.0 plane 0
2673.0 969.0 2713.0 973.0 2710.0 1001.0 2669.0 996.0 plane 0
2299.0 524.0 2260.0 524.0 2259.0 494.0 2299.0 494.0 plane 0
1759.0 793.0 1758.0 828.0 1733.0 828.0 1733.0 791.0 plane 0
2128.0 493.0 2165.0 495.0 2164.0 529.0 2126.0 526.0 plane 0
2337.0 680.0 2337.0 638.0 2365.0 638.0 2363.0 681.0 plane 0
2325.0 898.0 2326.0 857.0 2356.0 858.0 2354.0 898.0 plane 0
2336.0 952.0 2337.0 901.0 2376.0 903.0 2373.0 953.0 plane 0
1887.0 473.0 1886.0 517.0 1855.0 517.0 1855.0 472.0 plane 0
1813.0 482.0 1805.0 524.0 1774.0 518.0 1783.0 476.0 plane 0
1886.0 523.0 1883.0 560.0 1854.0 558.0 1856.0 521.0 plane 0
1213.0 398.0 1172.0 397.0 1174.0 367.0 1214.0 370.0 plane 0
1167.0 395.0 1124.0 393.0 1124.0 366.0 1168.0 367.0 plane 0
1123.0 391.0 1087.0 403.0 1076.0 375.0 1115.0 362.0 plane 0
937.0 379.0 923.0 411.0 893.0 400.0 908.0 366.0 plane 0
975.0 213.0 974.0 256.0 939.0 254.0 940.0 211.0 plane 0
969.0 264.0 968.0 313.0 933.0 310.0 936.0 264.0 plane 0
967.0 329.0 966.0 363.0 937.0 362.0 938.0 328.0 plane 0
936.0 231.0 900.0 232.0 899.0 204.0 936.0 204.0 plane 0
936.0 282.0 899.0 278.0 902.0 250.0 938.0 253.0 plane 0
938.0 328.0 895.0 328.0 897.0 300.0 939.0 301.0 plane 0
931.0 377.0 898.0 375.0 897.0 342.0 932.0 342.0 plane 0
895.0 211.0 892.0 255.0 853.0 254.0 854.0 208.0 plane 0
338.0 407.0 344.0 368.0 373.0 372.0 367.0 411.0 plane 0
882.0 240.0 881.0 280.0 851.0 279.0 852.0 238.0 plane 0
897.0 266.0 895.0 308.0 862.0 308.0 861.0 265.0 plane 0
876.0 290.0 875.0 333.0 845.0 331.0 845.0 290.0 plane 0
893.0 321.0 885.0 368.0 845.0 360.0 854.0 315.0 plane 0
867.0 355.0 865.0 389.0 838.0 391.0 837.0 355.0 plane 0
896.0 375.0 892.0 423.0 855.0 421.0 857.0 373.0 plane 0
994.0 508.0 994.0 466.0 1025.0 468.0 1023.0 512.0 plane 0
385.0 196.0 400.0 215.0 364.0 244.0 348.0 223.0 helicopter 0
338.0 448.0 342.0 410.0 371.0 412.0 368.0 451.0 plane 0
1082.0 501.0 1043.0 503.0 1042.0 468.0 1082.0 468.0 plane 0
355.0 819.0 354.0 861.0 325.0 860.0 325.0 818.0 plane 0
170.0 300.0 169.0 345.0 130.0 345.0 131.0 298.0 plane 0
107.0 396.0 107.0 356.0 133.0 356.0 134.0 397.0 plane 0
103.0 445.0 102.0 406.0 129.0 408.0 127.0 446.0 plane 0
118.0 496.0 100.0 458.0 128.0 443.0 145.0 484.0 plane 0
63.0 571.0 66.0 529.0 95.0 530.0 91.0 575.0 plane 0
351.0 1054.0 351.0 1090.0 323.0 1090.0 323.0 1053.0 plane 0
353.0 916.0 353.0 955.0 321.0 954.0 321.0 914.0 plane 0
360.0 727.0 358.0 768.0 330.0 767.0 332.0 724.0 plane 0
294.0 378.0 288.0 414.0 260.0 409.0 266.0 373.0 plane 0
360.0 681.0 359.0 722.0 329.0 721.0 330.0 680.0 plane 0
360.0 631.0 357.0 673.0 328.0 672.0 329.0 629.0 plane 0
360.0 589.0 356.0 623.0 329.0 622.0 332.0 585.0 plane 0
362.0 539.0 359.0 580.0 331.0 578.0 333.0 537.0 plane 0
277.0 469.0 276.0 511.0 245.0 507.0 247.0 468.0 plane 0
281.0 426.0 279.0 467.0 246.0 464.0 248.0 424.0 plane 0
192.0 511.0 191.0 469.0 223.0 467.0 225.0 510.0 plane 0
1041.0 462.0 1041.0 492.0 1015.0 492.0 1015.0 460.0 plane 0
1081.0 539.0 1037.0 537.0 1037.0 506.0 1082.0 506.0 plane 0
1139.0 372.0 1106.0 372.0 1105.0 344.0 1140.0 344.0 plane 0
1242.0 222.0 1202.0 222.0 1204.0 194.0 1242.0 195.0 plane 0
1259.0 773.0 1223.0 752.0 1238.0 727.0 1273.0 750.0 plane 0
1287.0 775.0 1256.0 753.0 1273.0 729.0 1304.0 752.0 plane 0
1329.0 784.0 1289.0 759.0 1308.0 727.0 1347.0 751.0 plane 0
1359.0 784.0 1332.0 753.0 1354.0 735.0 1380.0 764.0 plane 0
1387.0 793.0 1357.0 768.0 1372.0 743.0 1405.0 768.0 plane 0
1379.0 473.0 1378.0 461.0 1408.0 461.0 1409.0 471.0 large-vehicle 0
1193.0 218.0 1155.0 219.0 1154.0 191.0 1192.0 190.0 plane 0
1283.0 221.0 1245.0 223.0 1243.0 196.0 1282.0 195.0 plane 0
1248.0 1002.0 1290.0 1005.0 1288.0 1033.0 1249.0 1030.0 plane 0
1328.0 227.0 1289.0 224.0 1292.0 196.0 1330.0 201.0 plane 0
1086.0 314.0 1123.0 316.0 1121.0 342.0 1084.0 338.0 plane 0
1131.0 313.0 1168.0 315.0 1166.0 342.0 1128.0 340.0 plane 0
1175.0 317.0 1213.0 319.0 1212.0 344.0 1175.0 344.0 plane 0
1219.0 315.0 1261.0 319.0 1258.0 346.0 1217.0 342.0 plane 0
1263.0 315.0 1302.0 315.0 1302.0 344.0 1262.0 344.0 plane 0
1352.0 316.0 1393.0 318.0 1392.0 346.0 1352.0 347.0 plane 0
1287.0 924.0 1249.0 916.0 1255.0 889.0 1293.0 898.0 plane 0
1133.0 998.0 1175.0 1000.0 1174.0 1030.0 1131.0 1026.0 plane 0
1086.0 542.0 1088.0 506.0 1110.0 507.0 1109.0 542.0 plane 0
1243.0 508.0 1284.0 512.0 1281.0 537.0 1241.0 532.0 plane 0
1082.0 498.0 1083.0 469.0 1110.0 470.0 1108.0 499.0 plane 0
1096.0 455.0 1135.0 459.0 1132.0 487.0 1095.0 484.0 plane 0
1154.0 462.0 1149.0 503.0 1116.0 497.0 1121.0 458.0 plane 0
1152.0 504.0 1148.0 542.0 1120.0 540.0 1122.0 502.0 plane 0
1203.0 521.0 1162.0 521.0 1162.0 493.0 1203.0 493.0 plane 0
1208.0 500.0 1205.0 461.0 1238.0 459.0 1240.0 498.0 plane 0
1207.0 542.0 1206.0 504.0 1241.0 504.0 1241.0 541.0 plane 0
1307.0 513.0 1264.0 514.0 1264.0 487.0 1307.0 485.0 plane 0
1111.0 983.0 1139.0 1009.0 1119.0 1030.0 1092.0 1004.0 plane 0
1289.0 509.0 1330.0 510.0 1329.0 531.0 1291.0 531.0 plane 0
1291.0 463.0 1332.0 468.0 1328.0 495.0 1288.0 490.0 plane 0
1244.0 463.0 1287.0 461.0 1288.0 491.0 1247.0 492.0 plane 0
1326.0 678.0 1326.0 665.0 1366.0 666.0 1366.0 677.0 large-vehicle 0
1312.0 541.0 1314.0 584.0 1283.0 583.0 1280.0 544.0 plane 0
1191.0 849.0 1160.0 821.0 1178.0 799.0 1211.0 829.0 plane 0
1117.0 931.0 1119.0 975.0 1087.0 975.0 1087.0 933.0 plane 0
1877.0 881.0 1876.0 923.0 1843.0 923.0 1844.0 879.0 plane 0
1811.0 965.0 1814.0 925.0 1843.0 926.0 1841.0 966.0 plane 0
2741.0 1083.0 2741.0 1076.0 2758.0 1075.0 2758.0 1083.0 small-vehicle 1
1810.0 918.0 1811.0 882.0 1837.0 883.0 1835.0 919.0 plane 0
1479.0 933.0 1477.0 924.0 1496.0 923.0 1497.0 933.0 small-vehicle 1
1477.0 944.0 1476.0 934.0 1498.0 935.0 1497.0 943.0 small-vehicle 1
1478.0 954.0 1478.0 944.0 1498.0 945.0 1498.0 954.0 small-vehicle 1
1477.0 964.0 1478.0 953.0 1496.0 953.0 1496.0 964.0 small-vehicle 1
1494.0 964.0 1494.0 975.0 1475.0 975.0 1475.0 964.0 small-vehicle 1
1477.0 992.0 1476.0 980.0 1497.0 980.0 1497.0 991.0 small-vehicle 1
1477.0 1001.0 1477.0 992.0 1495.0 992.0 1496.0 1002.0 small-vehicle 1
1474.0 1011.0 1474.0 1001.0 1494.0 1002.0 1495.0 1011.0 small-vehicle 1
1476.0 1022.0 1475.0 1011.0 1494.0 1012.0 1495.0 1020.0 small-vehicle 1
1536.0 825.0 1537.0 816.0 1555.0 818.0 1556.0 827.0 small-vehicle 1
1536.0 835.0 1535.0 825.0 1552.0 825.0 1554.0 835.0 small-vehicle 1
1535.0 875.0 1534.0 864.0 1555.0 864.0 1555.0 874.0 small-vehicle 1
1534.0 863.0 1533.0 853.0 1553.0 854.0 1555.0 864.0 small-vehicle 1
1537.0 883.0 1536.0 874.0 1556.0 875.0 1556.0 883.0 small-vehicle 1
1537.0 926.0 1536.0 915.0 1555.0 915.0 1555.0 925.0 small-vehicle 1
1533.0 947.0 1532.0 936.0 1557.0 935.0 1557.0 947.0 small-vehicle 1
1641.0 841.0 1641.0 832.0 1661.0 832.0 1662.0 841.0 small-vehicle 1
1476.0 921.0 1477.0 912.0 1498.0 915.0 1496.0 924.0 small-vehicle 1
1497.0 904.0 1497.0 911.0 1478.0 910.0 1479.0 903.0 small-vehicle 1
1478.0 901.0 1478.0 891.0 1498.0 893.0 1498.0 901.0 small-vehicle 1
1497.0 793.0 1497.0 801.0 1477.0 800.0 1477.0 792.0 small-vehicle 1
1452.0 651.0 1443.0 651.0 1443.0 633.0 1452.0 633.0 small-vehicle 1
1479.0 633.0 1489.0 632.0 1489.0 655.0 1478.0 654.0 small-vehicle 1
1427.0 704.0 1418.0 702.0 1420.0 685.0 1429.0 686.0 small-vehicle 1
1430.0 684.0 1440.0 684.0 1438.0 706.0 1429.0 704.0 small-vehicle 1
1448.0 706.0 1439.0 705.0 1441.0 683.0 1449.0 685.0 small-vehicle 1
1459.0 703.0 1449.0 703.0 1450.0 685.0 1460.0 685.0 small-vehicle 1
1481.0 706.0 1471.0 706.0 1470.0 685.0 1481.0 685.0 small-vehicle 1
1479.0 812.0 1478.0 802.0 1499.0 802.0 1500.0 811.0 small-vehicle 1
1478.0 891.0 1477.0 883.0 1500.0 883.0 1500.0 892.0 small-vehicle 1
1479.0 821.0 1479.0 812.0 1497.0 812.0 1498.0 822.0 small-vehicle 1
1478.0 830.0 1479.0 822.0 1499.0 823.0 1499.0 830.0 small-vehicle 1
1479.0 840.0 1479.0 832.0 1500.0 832.0 1501.0 841.0 small-vehicle 1
1479.0 850.0 1480.0 841.0 1498.0 843.0 1499.0 852.0 small-vehicle 1
1478.0 862.0 1478.0 852.0 1497.0 853.0 1498.0 862.0 small-vehicle 1
1477.0 872.0 1475.0 862.0 1498.0 863.0 1498.0 873.0 small-vehicle 1
1497.0 875.0 1498.0 882.0 1476.0 882.0 1476.0 873.0 small-vehicle 1
1641.0 824.0 1641.0 815.0 1660.0 820.0 1660.0 827.0 small-vehicle 1
1640.0 812.0 1640.0 804.0 1659.0 804.0 1659.0 813.0 small-vehicle 1
1639.0 802.0 1639.0 792.0 1662.0 792.0 1661.0 802.0 small-vehicle 1
2663.0 1100.0 2653.0 1100.0 2653.0 1079.0 2664.0 1081.0 small-vehicle 1
2356.0 697.0 2356.0 686.0 2375.0 688.0 2376.0 698.0 small-vehicle 1
2353.0 709.0 2353.0 702.0 2375.0 703.0 2373.0 712.0 small-vehicle 1
2315.0 986.0 2315.0 995.0 2297.0 995.0 2295.0 987.0 small-vehicle 1
2296.0 1029.0 2298.0 1020.0 2318.0 1024.0 2316.0 1032.0 small-vehicle 1
2620.0 1029.0 2630.0 1029.0 2629.0 1048.0 2621.0 1049.0 small-vehicle 1
2630.0 1030.0 2640.0 1028.0 2639.0 1048.0 2630.0 1048.0 small-vehicle 1
2651.0 1099.0 2641.0 1099.0 2641.0 1080.0 2651.0 1080.0 small-vehicle 1
2696.0 1100.0 2686.0 1100.0 2687.0 1081.0 2697.0 1083.0 small-vehicle 1
1969.0 711.0 1970.0 701.0 1993.0 703.0 1993.0 713.0 small-vehicle 1
2686.0 1099.0 2676.0 1100.0 2674.0 1080.0 2685.0 1080.0 small-vehicle 1
2637.0 1103.0 2628.0 1102.0 2628.0 1080.0 2638.0 1082.0 small-vehicle 1
2652.0 1028.0 2661.0 1028.0 2663.0 1050.0 2652.0 1050.0 small-vehicle 1
2239.0 726.0 2242.0 718.0 2259.0 720.0 2257.0 727.0 small-vehicle 1
2208.0 783.0 2209.0 774.0 2230.0 776.0 2229.0 785.0 small-vehicle 1
2209.0 803.0 2210.0 793.0 2229.0 795.0 2228.0 804.0 small-vehicle 1
2209.0 817.0 2210.0 807.0 2228.0 809.0 2228.0 816.0 small-vehicle 1
1797.0 666.0 1800.0 658.0 1820.0 662.0 1818.0 671.0 small-vehicle 1
1877.0 964.0 1888.0 966.0 1889.0 942.0 1878.0 941.0 small-vehicle 1
1640.0 791.0 1640.0 781.0 1659.0 781.0 1660.0 791.0 small-vehicle 1
1528.0 1053.0 1528.0 1041.0 1555.0 1042.0 1553.0 1052.0 small-vehicle 1
1643.0 770.0 1642.0 758.0 1664.0 759.0 1665.0 770.0 small-vehicle 1
1642.0 755.0 1640.0 747.0 1662.0 745.0 1663.0 754.0 small-vehicle 1
1532.0 994.0 1533.0 985.0 1553.0 985.0 1554.0 994.0 small-vehicle 1
1530.0 1001.0 1531.0 993.0 1553.0 993.0 1553.0 1002.0 small-vehicle 1
1530.0 1012.0 1531.0 1001.0 1553.0 1001.0 1554.0 1013.0 small-vehicle 1
1531.0 1023.0 1531.0 1012.0 1553.0 1013.0 1553.0 1022.0 small-vehicle 1
1533.0 1033.0 1532.0 1023.0 1552.0 1022.0 1551.0 1033.0 small-vehicle 1
1716.0 821.0 1717.0 829.0 1700.0 833.0 1699.0 825.0 small-vehicle 1
1689.0 679.0 1689.0 687.0 1672.0 689.0 1671.0 681.0 small-vehicle 1
1715.0 796.0 1716.0 807.0 1693.0 809.0 1692.0 799.0 small-vehicle 1
1715.0 785.0 1717.0 794.0 1699.0 798.0 1697.0 788.0 small-vehicle 1
1708.0 765.0 1712.0 776.0 1692.0 780.0 1689.0 771.0 small-vehicle 1
1704.0 750.0 1708.0 759.0 1691.0 765.0 1686.0 756.0 small-vehicle 1
1699.0 719.0 1701.0 730.0 1679.0 731.0 1677.0 721.0 small-vehicle 1
1720.0 687.0 1725.0 696.0 1705.0 704.0 1702.0 694.0 small-vehicle 1
1693.0 688.0 1694.0 697.0 1675.0 701.0 1674.0 693.0 small-vehicle 1
1440.0 650.0 1430.0 650.0 1431.0 632.0 1441.0 633.0 small-vehicle 1
1412.0 631.0 1422.0 631.0 1422.0 651.0 1412.0 651.0 small-vehicle 1
1400.0 631.0 1409.0 631.0 1409.0 650.0 1401.0 649.0 small-vehicle 1
401.0 445.0 400.0 434.0 424.0 433.0 425.0 444.0 small-vehicle 1
411.0 354.0 411.0 346.0 430.0 347.0 429.0 356.0 small-vehicle 1
429.0 360.0 428.0 369.0 409.0 368.0 409.0 359.0 small-vehicle 1
430.0 371.0 431.0 381.0 412.0 380.0 412.0 372.0 small-vehicle 1
431.0 383.0 430.0 392.0 409.0 392.0 409.0 383.0 small-vehicle 1
405.0 407.0 406.0 398.0 428.0 400.0 427.0 410.0 small-vehicle 1
426.0 411.0 426.0 418.0 408.0 418.0 408.0 410.0 small-vehicle 1
404.0 430.0 403.0 420.0 424.0 422.0 424.0 431.0 small-vehicle 1
355.0 362.0 357.0 353.0 378.0 355.0 377.0 364.0 small-vehicle 1
414.0 330.0 414.0 323.0 433.0 322.0 432.0 330.0 small-vehicle 1
359.0 351.0 358.0 341.0 379.0 342.0 378.0 352.0 small-vehicle 1
356.0 337.0 357.0 326.0 377.0 329.0 377.0 339.0 small-vehicle 1
358.0 323.0 359.0 315.0 379.0 317.0 377.0 326.0 small-vehicle 1
183.0 444.0 190.0 450.0 180.0 462.0 172.0 455.0 small-vehicle 1
206.0 740.0 215.0 738.0 215.0 761.0 205.0 760.0 small-vehicle 1
161.0 1057.0 160.0 1066.0 143.0 1066.0 143.0 1058.0 small-vehicle 1
979.0 1076.0 979.0 1086.0 957.0 1085.0 956.0 1076.0 small-vehicle 1
410.0 339.0 410.0 330.0 431.0 333.0 430.0 341.0 small-vehicle 1
411.0 321.0 411.0 312.0 432.0 312.0 432.0 321.0 small-vehicle 1
1050.0 1107.0 1042.0 1100.0 1056.0 1087.0 1062.0 1093.0 small-vehicle 1
1884.0 620.0 1882.0 660.0 1852.0 659.0 1854.0 618.0 plane 0
1814.0 877.0 1812.0 835.0 1841.0 835.0 1842.0 878.0 plane 0
350.0 1009.0 349.0 1049.0 318.0 1049.0 318.0 1009.0 plane 0
356.0 872.0 354.0 906.0 325.0 905.0 327.0 870.0 plane 0
1415.0 231.0 1373.0 230.0 1375.0 194.0 1416.0 196.0 plane 0
1759.0 326.0 1797.0 329.0 1795.0 355.0 1757.0 352.0 plane 0
1810.0 545.0 1809.0 583.0 1783.0 583.0 1782.0 543.0 plane 0
1887.0 567.0 1887.0 609.0 1856.0 610.0 1855.0 567.0 plane 0
1970.0 794.0 1971.0 755.0 2005.0 756.0 2004.0 796.0 plane 0
412.0 306.0 412.0 297.0 430.0 298.0 429.0 308.0 small-vehicle 1
2003.0 928.0 2003.0 900.0 2031.0 901.0 2031.0 929.0 plane 0
2006.0 1002.0 2005.0 960.0 2033.0 960.0 2032.0 1003.0 plane 0
2091.0 931.0 2091.0 965.0 2060.0 965.0 2059.0 930.0 plane 0
2340.0 997.0 2339.0 955.0 2371.0 956.0 2371.0 997.0 plane 0
2155.0 1010.0 2155.0 976.0 2186.0 976.0 2186.0 1012.0 plane 0
2418.0 339.0 2460.0 338.0 2461.0 367.0 2417.0 368.0 plane 0
2526.0 397.0 2483.0 398.0 2484.0 364.0 2526.0 365.0 plane 0
1051.0 1128.0 1040.0 1128.0 1042.0 1108.0 1052.0 1109.0 small-vehicle 1
1128.0 1064.0 1127.0 1071.0 1107.0 1072.0 1105.0 1064.0 small-vehicle 1
1390.0 632.0 1398.0 632.0 1398.0 650.0 1389.0 650.0 small-vehicle 1
1287.0 628.0 1282.0 623.0 1299.0 614.0 1304.0 621.0 small-vehicle 1
1323.0 703.0 1315.0 701.0 1318.0 684.0 1326.0 686.0 small-vehicle 1
1333.0 704.0 1323.0 702.0 1328.0 681.0 1336.0 684.0 small-vehicle 1
1354.0 705.0 1344.0 703.0 1346.0 684.0 1356.0 686.0 small-vehicle 1
1363.0 705.0 1356.0 703.0 1358.0 686.0 1366.0 687.0 small-vehicle 1
1408.0 704.0 1397.0 703.0 1399.0 681.0 1409.0 683.0 small-vehicle 1
1418.0 706.0 1408.0 705.0 1409.0 684.0 1419.0 686.0 small-vehicle 1
1302.0 602.0 1305.0 612.0 1287.0 618.0 1281.0 610.0 small-vehicle 1
1286.0 639.0 1283.0 631.0 1303.0 624.0 1305.0 633.0 small-vehicle 1
1304.0 701.0 1294.0 701.0 1294.0 681.0 1305.0 681.0 small-vehicle 1
1288.0 650.0 1285.0 642.0 1304.0 636.0 1308.0 644.0 small-vehicle 1
1307.0 646.0 1309.0 639.0 1325.0 648.0 1321.0 654.0 small-vehicle 1
1305.0 634.0 1310.0 628.0 1327.0 636.0 1321.0 643.0 small-vehicle 1
1305.0 623.0 1310.0 615.0 1327.0 625.0 1321.0 633.0 small-vehicle 1
1306.0 612.0 1311.0 603.0 1328.0 614.0 1323.0 621.0 small-vehicle 1
1364.0 612.0 1374.0 613.0 1374.0 629.0 1364.0 630.0 small-vehicle 1
1379.0 630.0 1388.0 629.0 1386.0 649.0 1378.0 649.0 small-vehicle 1
1314.0 703.0 1305.0 702.0 1305.0 677.0 1316.0 680.0 small-vehicle 1
1284.0 681.0 1294.0 681.0 1295.0 700.0 1285.0 700.0 small-vehicle 1
1154.0 1076.0 1153.0 1066.0 1180.0 1067.0 1179.0 1077.0 small-vehicle 1
1354.0 514.0 1342.0 512.0 1345.0 487.0 1357.0 488.0 small-vehicle 1
1157.0 785.0 1145.0 786.0 1146.0 758.0 1158.0 757.0 small-vehicle 1
1146.0 787.0 1134.0 786.0 1134.0 759.0 1146.0 760.0 small-vehicle 1
1165.0 742.0 1155.0 742.0 1156.0 720.0 1165.0 721.0 small-vehicle 1
1092.0 686.0 1102.0 686.0 1102.0 708.0 1091.0 709.0 small-vehicle 1
1140.0 690.0 1140.0 680.0 1163.0 680.0 1162.0 691.0 small-vehicle 1
1066.0 673.0 1076.0 674.0 1076.0 693.0 1065.0 693.0 small-vehicle 1
1089.0 707.0 1078.0 706.0 1078.0 683.0 1089.0 682.0 small-vehicle 1
1262.0 589.0 1273.0 592.0 1266.0 608.0 1257.0 605.0 small-vehicle 1
1283.0 701.0 1273.0 699.0 1274.0 681.0 1283.0 683.0 small-vehicle 1
1242.0 606.0 1247.0 597.0 1263.0 609.0 1256.0 616.0 small-vehicle 1
1242.0 618.0 1247.0 610.0 1261.0 621.0 1256.0 627.0 small-vehicle 1
1241.0 628.0 1243.0 622.0 1261.0 632.0 1256.0 638.0 small-vehicle 1
1238.0 639.0 1241.0 630.0 1261.0 643.0 1257.0 649.0 small-vehicle 1
1239.0 649.0 1243.0 642.0 1261.0 652.0 1255.0 660.0 small-vehicle 1
1263.0 702.0 1253.0 701.0 1253.0 680.0 1264.0 681.0 small-vehicle 1
1273.0 701.0 1263.0 700.0 1263.0 680.0 1273.0 681.0 small-vehicle 1
181.0 266.0 175.0 307.0 146.0 303.0 149.0 262.0 plane 0
