imagesource:GoogleEarth
gsd:0.287359486226
732.0 195.0 723.0 196.0 721.0 180.0 731.0 180.0 small-vehicle 1
675.0 275.0 674.0 283.0 653.0 282.0 654.0 273.0 small-vehicle 1
485.0 384.0 407.0 381.0 407.0 305.0 490.0 307.0 baseball-diamond 0
147.0 481.0 294.0 481.0 293.0 626.0 146.0 625.0 baseball-diamond 0
113.0 853.0 152.0 853.0 152.0 936.0 113.0 936.0 tennis-court 0
164.0 853.0 203.0 853.0 203.0 935.0 164.0 935.0 tennis-court 0
227.0 852.0 267.0 852.0 267.0 934.0 227.0 934.0 tennis-court 0
279.0 852.0 320.0 852.0 320.0 935.0 279.0 935.0 tennis-court 0
364.0 852.0 403.0 852.0 403.0 934.0 364.0 934.0 tennis-court 0
416.0 850.0 455.0 850.0 455.0 933.0 416.0 933.0 tennis-court 0
466.0 850.0 505.0 850.0 505.0 934.0 466.0 934.0 tennis-court 0
517.0 850.0 556.0 850.0 556.0 933.0 517.0 933.0 tennis-court 0
682.0 608.0 715.0 608.0 715.0 624.0 682.0 624.0 swimming-pool 0
326.0 759.0 355.0 759.0 355.0 809.0 326.0 809.0 tennis-court 0
384.0 759.0 413.0 759.0 413.0 808.0 384.0 808.0 tennis-court 0
140.0 99.0 133.0 87.0 157.0 68.0 167.0 80.0 large-vehicle 0
90.0 145.0 87.0 135.0 108.0 127.0 112.0 137.0 small-vehicle 0
33.0 203.0 47.0 201.0 47.0 226.0 32.0 226.0 large-vehicle 0
519.0 383.0 519.0 371.0 541.0 373.0 542.0 382.0 small-vehicle 0
63.0 567.0 79.0 567.0 80.0 599.0 63.0 597.0 large-vehicle 0
520.0 780.0 519.0 769.0 538.0 771.0 538.0 782.0 small-vehicle 0
633.0 822.0 644.0 820.0 645.0 839.0 635.0 840.0 small-vehicle 0
669.0 708.0 671.0 717.0 651.0 720.0 651.0 708.0 small-vehicle 0
713.0 753.0 705.0 760.0 692.0 746.0 699.0 738.0 small-vehicle 0
708.0 465.0 716.0 462.0 723.0 478.0 713.0 480.0 small-vehicle 0
291.0 423.0 293.0 415.0 319.0 418.0 318.0 428.0 small-vehicle 1
285.0 435.0 285.0 426.0 304.0 427.0 304.0 436.0 small-vehicle 1
77.0 631.0 86.0 631.0 88.0 650.0 78.0 651.0 small-vehicle 1
676.0 477.0 668.0 471.0 678.0 458.0 686.0 464.0 small-vehicle 1
127.0 196.0 222.0 196.0 221.0 291.0 126.0 290.0 baseball-diamond 0
