imagesource:GoogleEarth
gsd:1.0644504964
368.0 520.0 371.0 521.0 365.0 527.0 363.0 525.0 ship 1
408.0 435.0 411.0 437.0 407.0 446.0 404.0 445.0 ship 1
315.0 438.0 319.0 438.0 319.0 449.0 316.0 449.0 ship 1
327.0 496.0 330.0 496.0 333.0 505.0 330.0 506.0 ship 1
345.0 495.0 349.0 494.0 350.0 505.0 346.0 505.0 ship 1
334.0 495.0 338.0 495.0 338.0 505.0 335.0 506.0 ship 1
960.0 1087.0 1010.0 1080.0 1012.0 1092.0 962.0 1099.0 bridge 0
957.0 1067.0 1006.0 1061.0 1009.0 1073.0 959.0 1080.0 bridge 0
4279.0 477.0 4362.0 459.0 4365.0 471.0 4282.0 492.0 bridge 0
4274.0 459.0 4358.0 439.0 4361.0 452.0 4278.0 472.0 bridge 0
3499.0 657.0 3501.0 668.0 3731.0 614.0 3729.0 604.0 bridge 0
3494.0 640.0 3496.0 651.0 3730.0 595.0 3727.0 586.0 bridge 0
3036.0 764.0 3121.0 744.0 3123.0 758.0 3040.0 779.0 bridge 0
3031.0 746.0 3119.0 725.0 3121.0 738.0 3034.0 759.0 bridge 0
2137.0 927.0 2140.0 939.0 2189.0 932.0 2186.0 920.0 bridge 0
2135.0 908.0 2137.0 920.0 2186.0 913.0 2183.0 901.0 bridge 0
1897.0 960.0 1897.0 970.0 1251.0 1059.0 1249.0 1048.0 bridge 0
413.0 437.0 415.0 438.0 412.0 445.0 410.0 445.0 ship 1
403.0 434.0 406.0 436.0 403.0 443.0 400.0 442.0 ship 1
376.0 521.0 378.0 523.0 375.0 529.0 373.0 528.0 ship 1
398.0 434.0 401.0 435.0 397.0 443.0 395.0 442.0 ship 1
383.0 522.0 385.0 523.0 382.0 528.0 380.0 527.0 ship 1
388.0 521.0 390.0 523.0 386.0 529.0 384.0 528.0 ship 1
327.0 431.0 329.0 432.0 325.0 437.0 323.0 436.0 ship 1
330.0 431.0 332.0 432.0 329.0 438.0 326.0 436.0 ship 1
333.0 431.0 335.0 433.0 332.0 438.0 330.0 437.0 ship 1
338.0 432.0 339.0 433.0 336.0 437.0 335.0 436.0 ship 1
354.0 433.0 356.0 434.0 353.0 439.0 351.0 438.0 ship 1
358.0 432.0 360.0 434.0 357.0 438.0 355.0 437.0 ship 1
364.0 432.0 366.0 433.0 363.0 438.0 361.0 437.0 ship 1
369.0 433.0 371.0 434.0 367.0 439.0 365.0 437.0 ship 1
377.0 432.0 380.0 434.0 376.0 439.0 374.0 437.0 ship 1
381.0 433.0 383.0 435.0 380.0 439.0 378.0 438.0 ship 1
385.0 434.0 387.0 435.0 384.0 440.0 382.0 439.0 ship 1
389.0 434.0 391.0 435.0 388.0 441.0 385.0 440.0 ship 1
394.0 434.0 396.0 436.0 393.0 442.0 391.0 440.0 ship 1
1898.0 941.0 1898.0 951.0 1248.0 1040.0 1247.0 1030.0 bridge 0
