imagesource:GoogleEarth
gsd:0.295984439271
2538.0 431.0 2543.0 436.0 2533.0 445.0 2529.0 442.0 small-vehicle 1
2305.0 2165.0 2290.0 2154.0 2317.0 2115.0 2330.0 2125.0 ship 1
2380.0 1631.0 2369.0 1645.0 2327.0 1614.0 2338.0 1600.0 ship 0
2368.0 1645.0 2358.0 1657.0 2317.0 1626.0 2328.0 1613.0 ship 0
2475.0 1706.0 2469.0 1720.0 2427.0 1701.0 2434.0 1687.0 ship 0
2474.0 1729.0 2468.0 1740.0 2421.0 1717.0 2428.0 1703.0 ship 0
2470.0 1742.0 2460.0 1759.0 2416.0 1733.0 2426.0 1719.0 ship 0
2568.0 1857.0 2550.0 1864.0 2536.0 1825.0 2552.0 1818.0 ship 0
2478.0 2018.0 2471.0 2031.0 2429.0 2008.0 2437.0 1993.0 ship 0
2471.0 2031.0 2462.0 2046.0 2418.0 2023.0 2429.0 2008.0 ship 0
2144.0 1868.0 2162.0 1865.0 2168.0 1910.0 2151.0 1912.0 ship 0
2067.0 1954.0 2080.0 1943.0 2127.0 1982.0 2114.0 1995.0 ship 1
2459.0 2224.0 2446.0 2212.0 2495.0 2167.0 2504.0 2179.0 ship 0
2548.0 418.0 2553.0 422.0 2544.0 430.0 2540.0 426.0 small-vehicle 1
2427.0 2311.0 2415.0 2300.0 2450.0 2269.0 2459.0 2281.0 ship 1
2186.0 2265.0 2199.0 2251.0 2252.0 2304.0 2234.0 2319.0 ship 0
1982.0 2238.0 2004.0 2221.0 2070.0 2300.0 2046.0 2318.0 ship 0
2130.0 2423.0 2138.0 2390.0 2238.0 2414.0 2231.0 2446.0 ship 0
2318.0 2508.0 2306.0 2493.0 2349.0 2466.0 2361.0 2479.0 ship 0
2451.0 2493.0 2457.0 2472.0 2513.0 2490.0 2508.0 2508.0 ship 0
2473.0 2753.0 2484.0 2725.0 2571.0 2762.0 2563.0 2788.0 ship 0
2400.0 2876.0 2416.0 2861.0 2468.0 2916.0 2453.0 2932.0 ship 0
1640.0 1838.0 1657.0 1823.0 1687.0 1859.0 1669.0 1874.0 ship 1
1957.0 1837.0 1944.0 1843.0 1914.0 1795.0 1929.0 1786.0 ship 0
2389.0 1611.0 2382.0 1626.0 2341.0 1605.0 2348.0 1587.0 ship 0
2495.0 1691.0 2504.0 1681.0 2540.0 1708.0 2528.0 1721.0 ship 1
2506.0 1682.0 2516.0 1670.0 2548.0 1699.0 2540.0 1709.0 ship 1
2120.0 1360.0 2102.0 1356.0 2112.0 1324.0 2128.0 1329.0 ship 1
2500.0 526.0 2598.0 402.0 2857.0 636.0 2759.0 751.0 soccer-ball-field 0
496.0 940.0 514.0 876.0 684.0 923.0 666.0 980.0 ship 0
2111.0 1602.0 2031.0 1541.0 2460.0 988.0 2540.0 1050.0 harbor 0
619.0 735.0 611.0 728.0 630.0 703.0 639.0 713.0 ship 1
600.0 775.0 587.0 769.0 600.0 737.0 615.0 744.0 ship 0
2167.0 1289.0 2148.0 1300.0 2123.0 1262.0 2142.0 1250.0 ship 0
2058.0 1012.0 2072.0 1012.0 2074.0 1042.0 2061.0 1042.0 ship 1
2051.0 1095.0 2035.0 1096.0 2035.0 1061.0 2050.0 1060.0 ship 1
2690.0 1831.0 2689.0 1846.0 2652.0 1844.0 2653.0 1829.0 ship 0
2646.0 1858.0 2648.0 1844.0 2700.0 1848.0 2700.0 1864.0 ship 0
2663.0 1949.0 2646.0 1947.0 2650.0 1899.0 2667.0 1900.0 ship 1
2570.0 2044.0 2584.0 2037.0 2604.0 2075.0 2590.0 2083.0 ship 0
2556.0 2048.0 2568.0 2042.0 2589.0 2082.0 2577.0 2089.0 ship 0
2578.0 2090.0 2564.0 2097.0 2542.0 2054.0 2556.0 2048.0 ship 0
2523.0 2055.0 2538.0 2048.0 2561.0 2094.0 2548.0 2101.0 ship 0
2509.0 2058.0 2522.0 2052.0 2543.0 2090.0 2532.0 2098.0 ship 0
2908.0 2166.0 2888.0 2165.0 2888.0 2121.0 2908.0 2120.0 ship 0
2696.0 2213.0 2682.0 2204.0 2708.0 2170.0 2720.0 2178.0 ship 1
2564.0 2320.0 2551.0 2310.0 2584.0 2271.0 2596.0 2283.0 ship 0
2622.0 2523.0 2600.0 2517.0 2618.0 2459.0 2637.0 2466.0 ship 0
2214.0 1230.0 2198.0 1229.0 2201.0 1202.0 2217.0 1203.0 ship 0
1817.0 1774.0 1833.0 1756.0 1891.0 1807.0 1874.0 1825.0 ship 0
1849.0 1522.0 1838.0 1512.0 1872.0 1483.0 1880.0 1493.0 ship 1
1979.0 1714.0 1935.0 1716.0 1926.0 1646.0 1970.0 1643.0 ship 1
1815.0 930.0 1804.0 932.0 1799.0 906.0 1811.0 903.0 ship 0
1480.0 1125.0 1466.0 1124.0 1470.0 1075.0 1485.0 1075.0 ship 0
1601.0 933.0 1580.0 925.0 1594.0 879.0 1614.0 887.0 ship 0
1486.0 973.0 1473.0 965.0 1496.0 932.0 1508.0 940.0 ship 0
1602.0 774.0 1620.0 764.0 1650.0 806.0 1635.0 817.0 ship 0
1334.0 996.0 1350.0 980.0 1410.0 1034.0 1395.0 1053.0 ship 1
590.0 988.0 598.0 965.0 670.0 988.0 661.0 1012.0 ship 0
1160.0 978.0 1146.0 966.0 1179.0 929.0 1190.0 940.0 ship 0
1239.0 1072.0 1218.0 1067.0 1231.0 1010.0 1250.0 1015.0 ship 0
1320.0 1365.0 1309.0 1350.0 1356.0 1318.0 1364.0 1332.0 ship 1
1280.0 1290.0 1267.0 1277.0 1308.0 1242.0 1319.0 1255.0 ship 0
1181.0 1215.0 1171.0 1208.0 1192.0 1174.0 1202.0 1181.0 ship 0
1008.0 1211.0 991.0 1205.0 1011.0 1153.0 1028.0 1159.0 ship 0
1111.0 1304.0 1129.0 1288.0 1190.0 1358.0 1174.0 1375.0 ship 0
1301.0 1448.0 1302.0 1463.0 1260.0 1469.0 1258.0 1456.0 ship 0
1340.0 1490.0 1349.0 1503.0 1318.0 1526.0 1307.0 1515.0 ship 0
947.0 2862.0 964.0 2853.0 1013.0 2915.0 997.0 2927.0 ship 0
669.0 685.0 664.0 698.0 620.0 684.0 626.0 670.0 ship 1
620.0 655.0 631.0 664.0 608.0 698.0 596.0 691.0 ship 0
606.0 646.0 618.0 653.0 595.0 690.0 583.0 682.0 ship 0
579.0 626.0 592.0 637.0 565.0 671.0 552.0 662.0 ship 0
564.0 617.0 578.0 626.0 550.0 660.0 536.0 653.0 ship 0
1993.0 944.0 1979.0 950.0 1958.0 905.0 1972.0 898.0 ship 0
1573.0 1048.0 1562.0 1040.0 1580.0 1014.0 1591.0 1022.0 ship 0
1930.0 1478.0 1916.0 1471.0 1930.0 1439.0 1944.0 1445.0 ship 1
1671.0 995.0 1659.0 988.0 1673.0 958.0 1683.0 964.0 ship 0
2004.0 1371.0 1983.0 1370.0 1985.0 1319.0 2005.0 1320.0 ship 0
2019.0 1181.0 1998.0 1180.0 1998.0 1135.0 2016.0 1136.0 ship 0
1929.0 1310.0 1910.0 1304.0 1923.0 1258.0 1940.0 1263.0 ship 0
1853.0 1421.0 1842.0 1410.0 1870.0 1382.0 1880.0 1392.0 ship 0
1699.0 1421.0 1682.0 1418.0 1688.0 1369.0 1705.0 1372.0 ship 0
1827.0 1235.0 1819.0 1224.0 1852.0 1202.0 1858.0 1211.0 ship 1
1716.0 1639.0 1711.0 1626.0 1754.0 1608.0 1760.0 1622.0 ship 1
1602.0 1570.0 1596.0 1552.0 1658.0 1534.0 1662.0 1554.0 ship 0
1572.0 1385.0 1560.0 1375.0 1603.0 1334.0 1616.0 1345.0 ship 0
1944.0 1243.0 1931.0 1233.0 1950.0 1204.0 1963.0 1214.0 ship 0
1664.0 1266.0 1650.0 1277.0 1626.0 1244.0 1638.0 1233.0 ship 0
1484.0 1265.0 1469.0 1274.0 1445.0 1240.0 1462.0 1230.0 ship 0
1561.0 1201.0 1547.0 1202.0 1546.0 1168.0 1559.0 1169.0 ship 0
1750.0 1176.0 1731.0 1168.0 1742.0 1132.0 1758.0 1138.0 ship 0
1836.0 1157.0 1821.0 1150.0 1837.0 1112.0 1851.0 1117.0 ship 0
1660.0 1122.0 1647.0 1115.0 1660.0 1085.0 1674.0 1091.0 ship 0
1744.0 1063.0 1724.0 1058.0 1736.0 1005.0 1754.0 1008.0 ship 0
1841.0 1050.0 1824.0 1049.0 1828.0 1004.0 1844.0 1006.0 ship 0
1964.0 1027.0 1955.0 1035.0 1937.0 1011.0 1947.0 1004.0 ship 0
1889.0 983.0 1878.0 986.0 1869.0 963.0 1882.0 959.0 ship 0
1774.0 1001.0 1758.0 1006.0 1744.0 966.0 1762.0 959.0 ship 0
585.0 764.0 580.0 775.0 549.0 757.0 555.0 748.0 ship 1
486.0 696.0 502.0 671.0 600.0 737.0 587.0 760.0 ship 0
503.0 669.0 519.0 645.0 619.0 714.0 603.0 738.0 ship 0
2877.0 903.0 2881.0 897.0 2892.0 905.0 2888.0 911.0 small-vehicle 1
2909.0 932.0 2911.0 926.0 2923.0 932.0 2920.0 939.0 small-vehicle 1
2926.0 944.0 2930.0 939.0 2941.0 949.0 2937.0 954.0 small-vehicle 1
2942.0 958.0 2946.0 954.0 2956.0 963.0 2952.0 966.0 small-vehicle 1
2961.0 939.0 2964.0 934.0 2976.0 948.0 2973.0 951.0 small-vehicle 1
2549.0 592.0 2552.0 587.0 2564.0 597.0 2561.0 603.0 small-vehicle 1
2522.0 567.0 2525.0 562.0 2536.0 571.0 2531.0 575.0 small-vehicle 1
2492.0 579.0 2495.0 575.0 2507.0 585.0 2503.0 589.0 small-vehicle 1
2587.0 664.0 2591.0 659.0 2600.0 666.0 2598.0 671.0 small-vehicle 1
2568.0 648.0 2571.0 643.0 2583.0 652.0 2582.0 657.0 small-vehicle 1
2555.0 636.0 2558.0 630.0 2568.0 639.0 2564.0 643.0 small-vehicle 1
2634.0 734.0 2637.0 729.0 2649.0 739.0 2645.0 744.0 small-vehicle 1
2670.0 826.0 2675.0 828.0 2672.0 843.0 2667.0 841.0 small-vehicle 1
2648.0 716.0 2651.0 710.0 2663.0 720.0 2660.0 726.0 small-vehicle 1
2633.0 702.0 2637.0 697.0 2650.0 708.0 2646.0 714.0 small-vehicle 1
2664.0 694.0 2667.0 689.0 2678.0 697.0 2676.0 703.0 small-vehicle 1
2645.0 678.0 2648.0 674.0 2659.0 681.0 2657.0 686.0 small-vehicle 1
2633.0 666.0 2636.0 662.0 2645.0 671.0 2642.0 673.0 small-vehicle 1
2945.0 927.0 2948.0 921.0 2959.0 930.0 2956.0 936.0 small-vehicle 1
3031.0 1087.0 3034.0 1092.0 3025.0 1103.0 3019.0 1097.0 small-vehicle 1
3017.0 1105.0 3021.0 1110.0 3010.0 1120.0 3005.0 1114.0 small-vehicle 1
3005.0 1120.0 3012.0 1124.0 2998.0 1136.0 2993.0 1130.0 small-vehicle 1
2891.0 915.0 2894.0 909.0 2903.0 917.0 2900.0 922.0 small-vehicle 1
2807.0 813.0 2810.0 807.0 2823.0 814.0 2819.0 820.0 small-vehicle 1
2994.0 1166.0 2998.0 1170.0 2987.0 1182.0 2983.0 1178.0 small-vehicle 1
2823.0 826.0 2828.0 819.0 2840.0 828.0 2835.0 836.0 small-vehicle 1
2558.0 405.0 2562.0 409.0 2555.0 419.0 2550.0 414.0 small-vehicle 1
2581.0 374.0 2586.0 378.0 2577.0 390.0 2572.0 386.0 small-vehicle 1
2182.0 1550.0 2176.0 1560.0 2153.0 1548.0 2157.0 1539.0 ship 1
1679.0 1933.0 1711.0 1906.0 1770.0 1964.0 1740.0 1992.0 ship 0
2403.0 320.0 2406.0 314.0 2419.0 322.0 2414.0 328.0 small-vehicle 1
2383.0 340.0 2387.0 334.0 2399.0 343.0 2396.0 348.0 small-vehicle 1
2369.0 490.0 2374.0 495.0 2364.0 504.0 2361.0 501.0 small-vehicle 1
2363.0 485.0 2367.0 488.0 2358.0 499.0 2355.0 497.0 small-vehicle 1
2355.0 478.0 2361.0 481.0 2352.0 493.0 2347.0 488.0 small-vehicle 1
2545.0 749.0 2548.0 743.0 2560.0 752.0 2557.0 757.0 small-vehicle 1
2509.0 803.0 2512.0 799.0 2523.0 806.0 2520.0 810.0 small-vehicle 1
2544.0 836.0 2547.0 831.0 2560.0 840.0 2558.0 845.0 small-vehicle 1
2564.0 813.0 2567.0 809.0 2581.0 819.0 2578.0 824.0 small-vehicle 1
2616.0 769.0 2617.0 762.0 2631.0 766.0 2629.0 773.0 small-vehicle 1
2642.0 754.0 2648.0 749.0 2656.0 762.0 2651.0 767.0 small-vehicle 1
2654.0 745.0 2659.0 740.0 2667.0 750.0 2663.0 754.0 small-vehicle 1
2626.0 748.0 2629.0 743.0 2642.0 750.0 2638.0 755.0 small-vehicle 1
2881.0 870.0 2885.0 865.0 2896.0 875.0 2893.0 879.0 small-vehicle 1
2869.0 861.0 2872.0 856.0 2883.0 862.0 2880.0 867.0 small-vehicle 1
2856.0 849.0 2860.0 844.0 2869.0 852.0 2866.0 857.0 small-vehicle 1
2841.0 838.0 2844.0 831.0 2858.0 841.0 2854.0 846.0 small-vehicle 1
3014.0 1131.0 3017.0 1137.0 3007.0 1146.0 3003.0 1141.0 small-vehicle 1
3043.0 1103.0 3049.0 1108.0 3039.0 1120.0 3035.0 1115.0 small-vehicle 1
1792.0 840.0 1799.0 828.0 1819.0 842.0 1813.0 856.0 ship 1
2581.0 623.0 2583.0 616.0 2592.0 622.0 2589.0 630.0 small-vehicle 1
2535.0 582.0 2539.0 574.0 2551.0 586.0 2547.0 590.0 small-vehicle 1
2477.0 567.0 2482.0 562.0 2493.0 571.0 2488.0 578.0 small-vehicle 1
2455.0 557.0 2454.0 550.0 2471.0 549.0 2470.0 558.0 small-vehicle 1
2430.0 537.0 2434.0 542.0 2424.0 556.0 2419.0 553.0 small-vehicle 1
2305.0 435.0 2310.0 439.0 2303.0 450.0 2300.0 446.0 small-vehicle 1
2312.0 439.0 2320.0 444.0 2311.0 453.0 2307.0 450.0 small-vehicle 1
2322.0 450.0 2325.0 452.0 2318.0 464.0 2313.0 459.0 small-vehicle 1
2328.0 454.0 2332.0 458.0 2324.0 469.0 2321.0 466.0 small-vehicle 1
2334.0 459.0 2340.0 465.0 2332.0 473.0 2329.0 471.0 small-vehicle 1
2345.0 465.0 2348.0 470.0 2338.0 480.0 2335.0 477.0 small-vehicle 1
2521.0 421.0 2527.0 426.0 2520.0 436.0 2515.0 432.0 small-vehicle 1
2566.0 366.0 2570.0 371.0 2562.0 378.0 2559.0 376.0 small-vehicle 1
2535.0 403.0 2541.0 408.0 2534.0 418.0 2529.0 415.0 small-vehicle 1
2543.0 408.0 2547.0 411.0 2541.0 422.0 2536.0 419.0 small-vehicle 1
2570.0 387.0 2574.0 392.0 2566.0 405.0 2560.0 399.0 small-vehicle 1
2577.0 348.0 2583.0 353.0 2575.0 362.0 2572.0 357.0 small-vehicle 1
2577.0 367.0 2580.0 370.0 2571.0 381.0 2567.0 377.0 small-vehicle 1
2592.0 357.0 2596.0 362.0 2587.0 373.0 2584.0 369.0 small-vehicle 1
2035.0 1541.0 2055.0 1518.0 2098.0 1555.0 2081.0 1574.0 ship 1
2248.0 1524.0 2271.0 1539.0 2251.0 1579.0 2228.0 1568.0 ship 1
1558.0 1586.0 1575.0 1584.0 1577.0 1611.0 1559.0 1613.0 ship 1
2567.0 613.0 2571.0 605.0 2583.0 612.0 2581.0 620.0 small-vehicle 1
2592.0 633.0 2594.0 627.0 2608.0 635.0 2601.0 643.0 small-vehicle 1
3053.0 1089.0 3058.0 1093.0 3050.0 1106.0 3044.0 1101.0 small-vehicle 1
2605.0 645.0 2608.0 639.0 2621.0 648.0 2619.0 655.0 small-vehicle 1
3069.0 1074.0 3074.0 1077.0 3064.0 1089.0 3057.0 1084.0 small-vehicle 1
3095.0 1001.0 3100.0 1005.0 3088.0 1019.0 3083.0 1012.0 small-vehicle 1
2790.0 800.0 2794.0 792.0 2807.0 802.0 2802.0 808.0 small-vehicle 1
2775.0 787.0 2781.0 780.0 2792.0 789.0 2789.0 797.0 small-vehicle 1
2355.0 689.0 2361.0 694.0 2349.0 705.0 2344.0 701.0 small-vehicle 1
2356.0 660.0 2361.0 666.0 2352.0 676.0 2348.0 672.0 small-vehicle 1
2720.0 841.0 2725.0 848.0 2711.0 856.0 2707.0 852.0 small-vehicle 1
2694.0 844.0 2701.0 848.0 2692.0 860.0 2687.0 855.0 small-vehicle 1
2560.0 826.0 2562.0 821.0 2580.0 826.0 2577.0 834.0 small-vehicle 1
2574.0 807.0 2578.0 801.0 2589.0 812.0 2585.0 816.0 small-vehicle 1
2538.0 761.0 2544.0 753.0 2555.0 760.0 2551.0 768.0 small-vehicle 1
2520.0 785.0 2524.0 778.0 2537.0 787.0 2532.0 794.0 small-vehicle 1
2503.0 813.0 2504.0 807.0 2517.0 810.0 2515.0 820.0 small-vehicle 1
2670.0 798.0 2674.0 809.0 2658.0 813.0 2655.0 805.0 small-vehicle 1
2687.0 807.0 2692.0 813.0 2674.0 824.0 2671.0 819.0 small-vehicle 1
2619.0 754.0 2624.0 750.0 2637.0 759.0 2633.0 765.0 small-vehicle 1
2568.0 718.0 2574.0 713.0 2585.0 723.0 2581.0 728.0 small-vehicle 1
2680.0 710.0 2684.0 704.0 2696.0 714.0 2691.0 718.0 small-vehicle 1
2616.0 690.0 2622.0 686.0 2636.0 694.0 2630.0 701.0 small-vehicle 1
2601.0 678.0 2605.0 672.0 2618.0 682.0 2613.0 688.0 small-vehicle 1
2618.0 657.0 2622.0 651.0 2633.0 659.0 2630.0 665.0 small-vehicle 1
554.0 608.0 565.0 617.0 536.0 650.0 524.0 643.0 ship 0
