imagesource:GoogleEarth
gsd:1.18295458062
2245.0 2014.0 2247.0 2011.0 2256.0 2016.0 2255.0 2019.0 ship 1
588.0 806.0 590.0 809.0 577.0 821.0 575.0 819.0 ship 1
1415.0 512.0 1433.0 528.0 1327.0 644.0 1307.0 628.0 ship 1
1298.0 328.0 1328.0 353.0 1192.0 508.0 1160.0 480.0 ship 0
1926.0 152.0 1953.0 168.0 1940.0 190.0 1913.0 175.0 baseball-diamond 0
1790.0 816.0 1817.0 816.0 1817.0 844.0 1790.0 844.0 storage-tank 0
1828.0 742.0 1866.0 742.0 1866.0 777.0 1828.0 777.0 storage-tank 0
1745.0 751.0 1777.0 751.0 1777.0 785.0 1745.0 785.0 storage-tank 0
1715.0 818.0 1743.0 818.0 1743.0 850.0 1715.0 850.0 storage-tank 0
1634.0 752.0 1668.0 752.0 1668.0 789.0 1634.0 789.0 storage-tank 0
1542.0 887.0 1575.0 887.0 1575.0 920.0 1542.0 920.0 storage-tank 0
1438.0 859.0 1470.0 859.0 1470.0 895.0 1438.0 895.0 storage-tank 0
1790.0 1251.0 1819.0 1251.0 1819.0 1280.0 1790.0 1280.0 storage-tank 0
1878.0 1202.0 1913.0 1202.0 1913.0 1239.0 1878.0 1239.0 storage-tank 0
1911.0 1161.0 1944.0 1161.0 1944.0 1198.0 1911.0 1198.0 storage-tank 0
1835.0 1128.0 1873.0 1128.0 1873.0 1168.0 1835.0 1168.0 storage-tank 0
1883.0 971.0 1919.0 971.0 1919.0 1011.0 1883.0 1011.0 storage-tank 0
1485.0 469.0 1512.0 493.0 1332.0 693.0 1302.0 667.0 ship 0
1215.0 612.0 1228.0 625.0 1186.0 670.0 1172.0 657.0 ship 0
1235.0 694.0 1254.0 712.0 1179.0 791.0 1159.0 773.0 ship 1
1932.0 1939.0 1938.0 1931.0 1958.0 1951.0 1951.0 1957.0 ship 0
1696.0 1359.0 1714.0 1388.0 885.0 1731.0 871.0 1704.0 bridge 0
2097.0 1882.0 2087.0 1880.0 2090.0 1862.0 2100.0 1864.0 ship 1
1970.0 1881.0 1962.0 1880.0 1964.0 1865.0 1971.0 1866.0 ship 1
1912.0 1917.0 1904.0 1914.0 1910.0 1901.0 1918.0 1904.0 ship 1
2055.0 1961.0 2048.0 1955.0 2058.0 1944.0 2063.0 1950.0 ship 1
2058.0 2007.0 2055.0 1998.0 2073.0 1993.0 2075.0 2002.0 ship 1
1768.0 1846.0 1774.0 1825.0 1829.0 1842.0 1822.0 1864.0 ship 0
1155.0 672.0 1140.0 664.0 1176.0 612.0 1189.0 621.0 ship 0
2185.0 2016.0 2165.0 1999.0 2284.0 1847.0 2302.0 1864.0 harbor 0
1161.0 1073.0 1139.0 1075.0 1122.0 914.0 1145.0 912.0 ship 0
1156.0 829.0 1163.0 823.0 1176.0 839.0 1170.0 845.0 ship 0
1130.0 800.0 1145.0 794.0 1168.0 843.0 1152.0 851.0 ship 0
1177.0 840.0 1187.0 849.0 1148.0 887.0 1140.0 879.0 ship 0
1152.0 651.0 1140.0 644.0 1157.0 619.0 1170.0 627.0 ship 1
1858.0 1046.0 1897.0 1046.0 1897.0 1084.0 1858.0 1084.0 storage-tank 0
1927.0 1078.0 1966.0 1078.0 1966.0 1120.0 1927.0 1120.0 storage-tank 0
1951.0 1007.0 1989.0 1007.0 1989.0 1046.0 1951.0 1046.0 storage-tank 0
707.0 791.0 703.0 785.0 729.0 768.0 734.0 775.0 ship 0
2137.0 1290.0 2166.0 1290.0 2166.0 1317.0 2137.0 1317.0 storage-tank 0
2140.0 1259.0 2164.0 1259.0 2164.0 1284.0 2140.0 1284.0 storage-tank 0
2080.0 1256.0 2117.0 1256.0 2117.0 1296.0 2080.0 1296.0 storage-tank 0
626.0 834.0 630.0 842.0 609.0 856.0 604.0 849.0 ship 1
633.0 840.0 638.0 848.0 618.0 859.0 614.0 853.0 ship 1
710.0 796.0 706.0 790.0 732.0 775.0 736.0 782.0 ship 0
736.0 754.0 741.0 761.0 703.0 787.0 698.0 781.0 ship 0
2062.0 1334.0 2102.0 1334.0 2102.0 1373.0 2062.0 1373.0 storage-tank 0
698.0 782.0 692.0 774.0 731.0 746.0 736.0 755.0 ship 0
726.0 731.0 736.0 747.0 597.0 856.0 584.0 841.0 harbor 0
667.0 648.0 678.0 664.0 530.0 781.0 518.0 765.0 harbor 0
599.0 569.0 612.0 588.0 459.0 708.0 446.0 689.0 harbor 0
605.0 731.0 597.0 722.0 646.0 683.0 654.0 692.0 ship 0
608.0 586.0 617.0 596.0 598.0 612.0 589.0 602.0 ship 0
2142.0 1344.0 2178.0 1344.0 2178.0 1383.0 2142.0 1383.0 storage-tank 0
2112.0 1426.0 2150.0 1426.0 2150.0 1464.0 2112.0 1464.0 storage-tank 0
1812.0 1366.0 1839.0 1366.0 1839.0 1393.0 1812.0 1393.0 storage-tank 0
2077.0 1136.0 2117.0 1136.0 2117.0 1174.0 2077.0 1174.0 storage-tank 0
1768.0 1371.0 1785.0 1371.0 1785.0 1389.0 1768.0 1389.0 storage-tank 0
1768.0 1411.0 1782.0 1411.0 1782.0 1426.0 1768.0 1426.0 storage-tank 0
1806.0 1412.0 1824.0 1412.0 1824.0 1431.0 1806.0 1431.0 storage-tank 0
1856.0 1423.0 1880.0 1423.0 1880.0 1447.0 1856.0 1447.0 storage-tank 0
1869.0 1317.0 1904.0 1317.0 1904.0 1358.0 1869.0 1358.0 storage-tank 0
2019.0 1140.0 2054.0 1140.0 2054.0 1174.0 2019.0 1174.0 storage-tank 0
2113.0 1577.0 2133.0 1577.0 2133.0 1598.0 2113.0 1598.0 storage-tank 0
2185.0 1430.0 2227.0 1430.0 2227.0 1473.0 2185.0 1473.0 storage-tank 0
2152.0 1583.0 2169.0 1583.0 2169.0 1602.0 2152.0 1602.0 storage-tank 0
2053.0 1552.0 2088.0 1552.0 2088.0 1591.0 2053.0 1591.0 storage-tank 0
2173.0 1532.0 2206.0 1532.0 2206.0 1567.0 2173.0 1567.0 storage-tank 0
2096.0 1506.0 2137.0 1506.0 2137.0 1546.0 2096.0 1546.0 storage-tank 0
2019.0 1491.0 2059.0 1491.0 2059.0 1529.0 2019.0 1529.0 storage-tank 0
2052.0 1421.0 2081.0 1421.0 2081.0 1449.0 2052.0 1449.0 storage-tank 0
592.0 811.0 594.0 814.0 580.0 826.0 578.0 824.0 ship 1
577.0 796.0 582.0 799.0 568.0 812.0 565.0 809.0 ship 1
2243.0 2017.0 2245.0 2014.0 2253.0 2020.0 2251.0 2023.0 ship 1
557.0 793.0 553.0 795.0 546.0 784.0 548.0 780.0 ship 1
2139.0 1927.0 2145.0 1928.0 2142.0 1939.0 2138.0 1938.0 ship 1
2127.0 1959.0 2130.0 1961.0 2123.0 1969.0 2120.0 1966.0 ship 1
1987.0 1994.0 1986.0 1991.0 1994.0 1985.0 1996.0 1988.0 ship 1
1973.0 1980.0 1972.0 1976.0 1985.0 1975.0 1985.0 1979.0 ship 1
2080.0 1956.0 2086.0 1956.0 2084.0 1967.0 2080.0 1967.0 ship 1
2122.0 1913.0 2125.0 1916.0 2115.0 1923.0 2113.0 1921.0 ship 1
2067.0 1925.0 2071.0 1922.0 2074.0 1930.0 2071.0 1932.0 ship 1
2020.0 1922.0 2024.0 1920.0 2028.0 1929.0 2025.0 1932.0 ship 1
2026.0 1881.0 2031.0 1881.0 2029.0 1895.0 2024.0 1894.0 ship 1
2045.0 1903.0 2049.0 1903.0 2049.0 1912.0 2044.0 1913.0 ship 1
2054.0 1866.0 2057.0 1868.0 2051.0 1876.0 2050.0 1874.0 ship 1
2074.0 1883.0 2077.0 1884.0 2073.0 1893.0 2070.0 1892.0 ship 1
2094.0 1896.0 2099.0 1896.0 2097.0 1907.0 2092.0 1906.0 ship 1
2118.0 1890.0 2122.0 1891.0 2117.0 1902.0 2114.0 1900.0 ship 1
2168.0 1877.0 2171.0 1877.0 2172.0 1887.0 2168.0 1887.0 ship 1
2147.0 1913.0 2151.0 1916.0 2145.0 1923.0 2143.0 1921.0 ship 1
2159.0 1897.0 2162.0 1896.0 2164.0 1908.0 2160.0 1909.0 ship 1
2207.0 1912.0 2214.0 1913.0 2214.0 1921.0 2207.0 1921.0 ship 1
2222.0 1994.0 2226.0 1998.0 2221.0 2008.0 2215.0 2004.0 ship 1
2240.0 2020.0 2242.0 2017.0 2250.0 2024.0 2248.0 2027.0 ship 1
2263.0 2047.0 2265.0 2044.0 2275.0 2048.0 2273.0 2052.0 ship 1
2266.0 2044.0 2267.0 2040.0 2277.0 2045.0 2276.0 2048.0 ship 1
2266.0 2040.0 2268.0 2036.0 2278.0 2039.0 2277.0 2043.0 ship 1
2286.0 2033.0 2289.0 2029.0 2298.0 2038.0 2295.0 2040.0 ship 1
2283.0 2037.0 2286.0 2034.0 2294.0 2041.0 2292.0 2045.0 ship 1
2141.0 2026.0 2150.0 2023.0 2155.0 2041.0 2143.0 2043.0 ship 1
2190.0 1928.0 2196.0 1925.0 2200.0 1935.0 2194.0 1937.0 ship 1
2099.0 2014.0 2100.0 2019.0 2088.0 2023.0 2087.0 2019.0 ship 1
2127.0 1984.0 2129.0 1988.0 2121.0 1995.0 2118.0 1992.0 ship 1
2186.0 2002.0 2181.0 2009.0 2167.0 1998.0 2172.0 1993.0 ship 1
2140.0 1972.0 2144.0 1972.0 2143.0 1982.0 2139.0 1981.0 ship 1
2156.0 1943.0 2161.0 1944.0 2160.0 1956.0 2155.0 1955.0 ship 1
2186.0 1943.0 2191.0 1945.0 2189.0 1954.0 2184.0 1952.0 ship 1
2143.0 1865.0 2145.0 1864.0 2149.0 1869.0 2148.0 1871.0 ship 1
2173.0 1866.0 2176.0 1866.0 2176.0 1874.0 2174.0 1874.0 ship 1
2149.0 1840.0 2153.0 1837.0 2156.0 1849.0 2153.0 1850.0 ship 1
582.0 903.0 582.0 898.0 597.0 897.0 598.0 902.0 ship 1
1779.0 1787.0 1790.0 1775.0 1814.0 1792.0 1806.0 1804.0 ship 0
1416.0 1252.0 1414.0 1248.0 1423.0 1243.0 1425.0 1247.0 ship 1
1417.0 1261.0 1417.0 1257.0 1427.0 1257.0 1427.0 1260.0 ship 1
1527.0 1365.0 1529.0 1369.0 1519.0 1372.0 1518.0 1368.0 ship 1
595.0 952.0 589.0 955.0 582.0 938.0 587.0 936.0 ship 1
590.0 938.0 584.0 934.0 593.0 919.0 599.0 922.0 ship 1
587.0 896.0 583.0 892.0 593.0 883.0 595.0 888.0 ship 1
1800.0 1767.0 1802.0 1769.0 1796.0 1778.0 1794.0 1775.0 ship 1
1103.0 624.0 1108.0 618.0 1125.0 634.0 1120.0 639.0 ship 1
1098.0 632.0 1103.0 626.0 1120.0 637.0 1113.0 647.0 ship 1
1092.0 639.0 1096.0 633.0 1115.0 647.0 1110.0 655.0 ship 1
638.0 1505.0 637.0 1510.0 626.0 1509.0 627.0 1503.0 ship 1
907.0 714.0 901.0 715.0 895.0 703.0 901.0 699.0 ship 1
553.0 798.0 549.0 800.0 539.0 788.0 544.0 785.0 ship 1
1797.0 1764.0 1800.0 1768.0 1794.0 1776.0 1791.0 1773.0 ship 1
1804.0 1769.0 1805.0 1772.0 1801.0 1781.0 1798.0 1779.0 ship 1
2126.0 1854.0 2128.0 1853.0 2133.0 1858.0 2131.0 1860.0 ship 1
1994.0 1862.0 1998.0 1858.0 2010.0 1870.0 2006.0 1876.0 ship 1
2116.0 1864.0 2119.0 1864.0 2118.0 1874.0 2115.0 1874.0 ship 1
2096.0 1855.0 2099.0 1853.0 2102.0 1863.0 2098.0 1864.0 ship 1
2108.0 1840.0 2111.0 1838.0 2113.0 1846.0 2111.0 1846.0 ship 1
2076.0 1852.0 2080.0 1854.0 2076.0 1861.0 2073.0 1860.0 ship 1
2057.0 1834.0 2061.0 1834.0 2060.0 1845.0 2055.0 1844.0 ship 1
2033.0 1846.0 2036.0 1848.0 2030.0 1856.0 2027.0 1854.0 ship 1
1999.0 1942.0 2001.0 1946.0 1988.0 1954.0 1986.0 1950.0 ship 1
1811.0 1774.0 1813.0 1776.0 1808.0 1786.0 1805.0 1784.0 ship 1
1985.0 1924.0 1988.0 1927.0 1978.0 1935.0 1976.0 1933.0 ship 1
1958.0 1906.0 1961.0 1908.0 1953.0 1917.0 1951.0 1915.0 ship 1
2060.0 1807.0 2064.0 1804.0 2070.0 1815.0 2066.0 1816.0 ship 1
1954.0 1846.0 1957.0 1849.0 1949.0 1858.0 1946.0 1856.0 ship 1
1814.0 1784.0 1815.0 1780.0 1825.0 1784.0 1824.0 1787.0 ship 1
1814.0 1776.0 1816.0 1778.0 1812.0 1788.0 1809.0 1786.0 ship 1
617.0 587.0 628.0 600.0 605.0 620.0 595.0 609.0 ship 0
