imagesource:GoogleEarth
gsd:null
7828.0 1685.0 7828.0 1701.0 7803.0 1705.0 7800.0 1692.0 ship 1
2418.0 1239.0 2414.0 1249.0 2379.0 1232.0 2383.0 1222.0 ship 0
2313.0 1033.0 2307.0 1047.0 2277.0 1034.0 2283.0 1020.0 ship 0
2463.0 1020.0 2453.0 1031.0 2423.0 1007.0 2430.0 997.0 ship 0
2866.0 1141.0 2863.0 1147.0 2834.0 1134.0 2837.0 1127.0 ship 0
2807.0 1232.0 2805.0 1240.0 2781.0 1235.0 2782.0 1226.0 ship 0
2677.0 1193.0 2671.0 1203.0 2636.0 1189.0 2642.0 1178.0 ship 0
2776.0 1399.0 2773.0 1410.0 2733.0 1399.0 2734.0 1389.0 ship 0
2655.0 1370.0 2652.0 1379.0 2621.0 1371.0 2623.0 1360.0 ship 0
2646.0 1360.0 2644.0 1367.0 2630.0 1363.0 2631.0 1358.0 ship 1
2429.0 1398.0 2433.0 1384.0 2508.0 1415.0 2502.0 1431.0 ship 0
2303.0 2785.0 2267.0 2787.0 2252.0 2580.0 2289.0 2578.0 ship 0
2529.0 1533.0 2523.0 1549.0 2452.0 1523.0 2456.0 1508.0 ship 0
2839.0 1829.0 2823.0 1856.0 2694.0 1758.0 2713.0 1732.0 ship 0
2546.0 2282.0 2517.0 2293.0 2463.0 2139.0 2492.0 2128.0 ship 0
2486.0 2203.0 2471.0 2209.0 2450.0 2143.0 2461.0 2137.0 ship 0
2759.0 2793.0 2734.0 2785.0 2783.0 2632.0 2806.0 2641.0 ship 0
2619.0 3286.0 2597.0 3268.0 2728.0 3126.0 2747.0 3146.0 ship 0
2715.0 3194.0 2707.0 3189.0 2735.0 3159.0 2741.0 3166.0 ship 0
2140.0 3572.0 2116.0 3538.0 2327.0 3397.0 2348.0 3433.0 ship 0
2350.0 776.0 2347.0 783.0 2332.0 778.0 2335.0 771.0 ship 0
2371.0 793.0 2367.0 803.0 2328.0 784.0 2332.0 776.0 ship 0
2684.0 611.0 2678.0 627.0 2638.0 607.0 2644.0 594.0 ship 0
2918.0 644.0 2911.0 657.0 2829.0 621.0 2835.0 605.0 ship 0
3729.0 2569.0 3730.0 2598.0 3569.0 2594.0 3571.0 2566.0 ship 0
3623.0 2555.0 3616.0 2564.0 3589.0 2546.0 3594.0 2535.0 ship 0
3836.0 2994.0 3821.0 2968.0 3965.0 2874.0 3981.0 2899.0 ship 0
3919.0 2956.0 3910.0 2944.0 3979.0 2898.0 3987.0 2915.0 ship 0
3546.0 3196.0 3537.0 3155.0 3744.0 3104.0 3755.0 3140.0 ship 0
3157.0 3463.0 3138.0 3442.0 3289.0 3300.0 3311.0 3325.0 ship 0
3298.0 2720.0 3262.0 2706.0 3330.0 2513.0 3363.0 2524.0 ship 0
3047.0 2340.0 3019.0 2336.0 3055.0 2150.0 3078.0 2156.0 ship 0
3080.0 2238.0 3063.0 2233.0 3074.0 2162.0 3092.0 2166.0 ship 0
3402.0 1831.0 3390.0 1859.0 3251.0 1779.0 3266.0 1756.0 ship 0
3273.0 1436.0 3272.0 1449.0 3208.0 1447.0 3207.0 1435.0 ship 0
2996.0 1391.0 2988.0 1407.0 2922.0 1373.0 2928.0 1358.0 ship 0
3180.0 1301.0 3176.0 1312.0 3127.0 1291.0 3132.0 1282.0 ship 0
3325.0 1238.0 3318.0 1247.0 3279.0 1225.0 3285.0 1216.0 ship 0
3126.0 1095.0 3120.0 1109.0 3057.0 1082.0 3064.0 1069.0 ship 0
3307.0 922.0 3300.0 936.0 3232.0 896.0 3238.0 882.0 ship 0
3246.0 692.0 3238.0 708.0 3168.0 675.0 3176.0 659.0 ship 0
2253.0 3445.0 2244.0 3434.0 2311.0 3389.0 2318.0 3402.0 ship 0
2114.0 2401.0 2088.0 2402.0 2078.0 2241.0 2106.0 2240.0 ship 0
7819.0 1473.0 7823.0 1459.0 7845.0 1464.0 7842.0 1477.0 ship 1
706.0 874.0 705.0 881.0 688.0 878.0 688.0 871.0 ship 0
1533.0 694.0 1530.0 706.0 1490.0 694.0 1493.0 685.0 ship 0
1403.0 773.0 1399.0 782.0 1375.0 772.0 1378.0 765.0 ship 0
1188.0 1036.0 1182.0 1043.0 1164.0 1030.0 1168.0 1024.0 ship 0
1257.0 1239.0 1251.0 1250.0 1216.0 1231.0 1221.0 1220.0 ship 0
1161.0 1717.0 1149.0 1742.0 982.0 1648.0 994.0 1622.0 ship 0
1072.0 2216.0 1063.0 2244.0 878.0 2184.0 888.0 2153.0 ship 0
1007.0 1027.0 1003.0 1032.0 980.0 1022.0 984.0 1016.0 ship 0
698.0 883.0 698.0 889.0 683.0 888.0 683.0 881.0 ship 0
857.0 919.0 855.0 926.0 836.0 921.0 837.0 913.0 ship 0
2124.0 2315.0 2109.0 2317.0 2105.0 2242.0 2121.0 2242.0 ship 0
869.0 1056.0 868.0 1064.0 815.0 1053.0 817.0 1042.0 ship 0
857.0 1060.0 854.0 1067.0 818.0 1060.0 821.0 1053.0 ship 0
832.0 1271.0 831.0 1285.0 762.0 1273.0 764.0 1257.0 ship 0
548.0 3939.0 584.0 3944.0 567.0 4075.0 524.0 4073.0 ship 0
418.0 2591.0 390.0 2622.0 219.0 2472.0 246.0 2441.0 ship 0
774.0 1850.0 777.0 1872.0 618.0 1903.0 615.0 1878.0 ship 0
287.0 1472.0 280.0 1486.0 210.0 1454.0 217.0 1438.0 ship 0
556.0 1332.0 549.0 1348.0 468.0 1314.0 473.0 1295.0 ship 0
1787.0 702.0 1781.0 717.0 1720.0 696.0 1723.0 682.0 ship 0
1965.0 669.0 1964.0 681.0 1909.0 675.0 1909.0 663.0 ship 0
1700.0 884.0 1698.0 892.0 1679.0 886.0 1679.0 878.0 ship 0
1938.0 920.0 1931.0 928.0 1893.0 903.0 1900.0 892.0 ship 0
2131.0 2292.0 2124.0 2294.0 2124.0 2274.0 2129.0 2274.0 ship 0
2290.0 1429.0 2285.0 1445.0 2211.0 1411.0 2217.0 1395.0 ship 0
2198.0 1205.0 2192.0 1218.0 2125.0 1185.0 2133.0 1170.0 ship 0
2195.0 1066.0 2187.0 1076.0 2161.0 1053.0 2167.0 1044.0 ship 0
2197.0 671.0 2194.0 685.0 2130.0 671.0 2133.0 656.0 ship 0
1452.0 930.0 1446.0 941.0 1397.0 918.0 1401.0 909.0 ship 0
1422.0 1126.0 1418.0 1134.0 1383.0 1116.0 1387.0 1107.0 ship 0
1414.0 1352.0 1409.0 1368.0 1335.0 1351.0 1337.0 1337.0 ship 0
1380.0 1356.0 1378.0 1364.0 1358.0 1360.0 1359.0 1352.0 ship 0
1463.0 2530.0 1425.0 2547.0 1354.0 2345.0 1391.0 2332.0 ship 0
1718.0 3038.0 1689.0 3014.0 1824.0 2826.0 1853.0 2851.0 ship 0
1979.0 1781.0 1967.0 1776.0 1992.0 1714.0 2004.0 1721.0 ship 0
1710.0 1829.0 1712.0 1858.0 1550.0 1870.0 1551.0 1839.0 ship 0
2035.0 1391.0 2030.0 1407.0 1956.0 1376.0 1963.0 1362.0 ship 0
2031.0 1041.0 2027.0 1051.0 1990.0 1029.0 1994.0 1020.0 ship 0
1820.0 1091.0 1815.0 1099.0 1788.0 1083.0 1792.0 1075.0 ship 0
1655.0 1122.0 1643.0 1133.0 1578.0 1080.0 1589.0 1069.0 ship 0
3969.0 1952.0 3979.0 1979.0 3833.0 2029.0 3823.0 1998.0 ship 0
4196.0 1564.0 4199.0 1593.0 4029.0 1602.0 4027.0 1574.0 ship 0
3851.0 1380.0 3858.0 1396.0 3787.0 1433.0 3777.0 1415.0 ship 0
2752.0 784.0 2745.0 792.0 2721.0 773.0 2724.0 763.0 ship 1
4664.0 3098.0 4669.0 3133.0 4420.0 3163.0 4416.0 3130.0 ship 0
4352.0 3616.0 4358.0 3651.0 4106.0 3694.0 4102.0 3650.0 ship 0
4368.0 3619.0 4373.0 3627.0 4362.0 3637.0 4358.0 3632.0 ship 1
4273.0 3684.0 4272.0 3671.0 4355.0 3658.0 4357.0 3676.0 ship 1
4269.0 3627.0 4269.0 3616.0 4342.0 3605.0 4344.0 3613.0 ship 1
3378.0 2479.0 3375.0 2492.0 3356.0 2492.0 3354.0 2481.0 ship 1
2810.0 912.0 2806.0 926.0 2779.0 910.0 2782.0 899.0 ship 1
3064.0 837.0 3055.0 843.0 3024.0 817.0 3033.0 808.0 ship 1
2681.0 921.0 2678.0 933.0 2645.0 919.0 2648.0 910.0 ship 1
3707.0 1217.0 3720.0 1219.0 3714.0 1264.0 3699.0 1261.0 ship 0
2128.0 1138.0 2127.0 1121.0 2143.0 1120.0 2145.0 1130.0 ship 1
1819.0 1326.0 1817.0 1310.0 1841.0 1307.0 1845.0 1318.0 ship 1
2789.0 1764.0 2792.0 1756.0 2804.0 1765.0 2803.0 1776.0 ship 1
2312.0 2513.0 2316.0 2499.0 2331.0 2502.0 2331.0 2515.0 ship 1
2211.0 2567.0 2216.0 2579.0 2203.0 2587.0 2191.0 2578.0 ship 1
1228.0 2070.0 1228.0 2083.0 1202.0 2087.0 1198.0 2072.0 ship 1
8051.0 2390.0 8079.0 2418.0 7885.0 2584.0 7854.0 2557.0 ship 0
7947.0 2532.0 7955.0 2543.0 7901.0 2589.0 7890.0 2578.0 ship 0
4501.0 3097.0 4492.0 3090.0 4514.0 3058.0 4527.0 3062.0 ship 1
4415.0 3056.0 4412.0 3043.0 4433.0 3030.0 4444.0 3048.0 ship 1
3832.0 2880.0 3828.0 2868.0 3851.0 2861.0 3857.0 2872.0 ship 1
3904.0 1785.0 3906.0 1772.0 3934.0 1774.0 3932.0 1784.0 ship 1
6425.0 3640.0 6425.0 3655.0 6408.0 3658.0 6404.0 3645.0 ship 1
6143.0 2246.0 6146.0 2257.0 6129.0 2262.0 6126.0 2248.0 ship 1
5887.0 2051.0 5892.0 2061.0 5876.0 2070.0 5870.0 2061.0 ship 1
4814.0 2451.0 4822.0 2461.0 4766.0 2503.0 4762.0 2498.0 ship 1
4901.0 2394.0 4920.0 2418.0 4777.0 2542.0 4758.0 2518.0 ship 1
3957.0 426.0 3976.0 437.0 3967.0 478.0 3941.0 468.0 plane 0
3455.0 835.0 3450.0 853.0 3373.0 830.0 3378.0 812.0 ship 1
3671.0 730.0 3682.0 739.0 3658.0 802.0 3643.0 792.0 ship 1
4709.0 1370.0 4722.0 1381.0 4689.0 1444.0 4673.0 1437.0 ship 1
4399.0 1050.0 4402.0 1065.0 4354.0 1091.0 4348.0 1079.0 ship 1
4743.0 1183.0 4764.0 1194.0 4718.0 1262.0 4704.0 1251.0 ship 1
4986.0 982.0 4997.0 1000.0 4932.0 1057.0 4915.0 1041.0 ship 1
3504.0 1724.0 3507.0 1733.0 3445.0 1760.0 3442.0 1751.0 ship 1
3571.0 1659.0 3583.0 1686.0 3440.0 1750.0 3429.0 1721.0 ship 1
4265.0 2241.0 4274.0 2267.0 4112.0 2302.0 4108.0 2274.0 ship 1
4708.0 1867.0 4724.0 1901.0 4548.0 1977.0 4538.0 1954.0 ship 1
4284.0 2096.0 4285.0 2107.0 4253.0 2110.0 4249.0 2097.0 ship 1
7917.0 2482.0 7926.0 2495.0 7859.0 2551.0 7849.0 2535.0 ship 0
8024.0 1376.0 8026.0 1401.0 7873.0 1414.0 7871.0 1389.0 ship 0
7765.0 1783.0 7770.0 1814.0 7576.0 1854.0 7570.0 1829.0 ship 0
5392.0 2689.0 5414.0 2699.0 5338.0 2842.0 5313.0 2827.0 ship 0
5415.0 2119.0 5425.0 2144.0 5287.0 2209.0 5275.0 2183.0 ship 0
5348.0 1651.0 5362.0 1679.0 5202.0 1766.0 5184.0 1735.0 ship 0
5469.0 738.0 5457.0 750.0 5388.0 678.0 5400.0 663.0 ship 0
5434.0 455.0 5435.0 473.0 5371.0 473.0 5370.0 453.0 ship 0
5113.0 582.0 5110.0 598.0 5044.0 588.0 5048.0 567.0 ship 0
4778.0 628.0 4787.0 642.0 4710.0 704.0 4697.0 688.0 ship 0
4525.0 703.0 4537.0 716.0 4469.0 788.0 4454.0 770.0 ship 0
4648.0 897.0 4646.0 914.0 4585.0 906.0 4587.0 892.0 ship 0
4401.0 873.0 4404.0 887.0 4354.0 904.0 4349.0 892.0 ship 0
4205.0 807.0 4217.0 818.0 4165.0 868.0 4153.0 853.0 ship 0
3940.0 723.0 3950.0 731.0 3909.0 792.0 3894.0 783.0 ship 0
3704.0 1014.0 3705.0 1028.0 3670.0 1032.0 3668.0 1018.0 ship 0
3442.0 1052.0 3456.0 1063.0 3419.0 1126.0 3400.0 1114.0 ship 0
4033.0 945.0 4027.0 957.0 3971.0 932.0 3975.0 918.0 ship 0
3875.0 922.0 3891.0 928.0 3862.0 1002.0 3845.0 992.0 ship 0
4199.0 1304.0 4203.0 1319.0 4157.0 1337.0 4153.0 1324.0 ship 0
3941.0 1152.0 3957.0 1161.0 3904.0 1231.0 3889.0 1220.0 ship 0
5367.0 2788.0 5381.0 2794.0 5344.0 2870.0 5325.0 2862.0 ship 0
5072.0 3189.0 5024.0 3176.0 5111.0 2919.0 5160.0 2933.0 ship 0
7517.0 2774.0 7519.0 2786.0 7497.0 2789.0 7496.0 2779.0 ship 0
5939.0 2474.0 5955.0 2495.0 5802.0 2614.0 5782.0 2592.0 ship 0
7208.0 3936.0 7198.0 3947.0 7170.0 3922.0 7176.0 3911.0 ship 0
7235.0 1752.0 7233.0 1764.0 7214.0 1764.0 7214.0 1754.0 ship 0
7246.0 1840.0 7252.0 1866.0 7093.0 1904.0 7088.0 1877.0 ship 0
7173.0 1885.0 7177.0 1901.0 7100.0 1923.0 7096.0 1908.0 ship 0
7478.0 1364.0 7462.0 1389.0 7307.0 1277.0 7322.0 1258.0 ship 0
7366.0 1318.0 7357.0 1331.0 7301.0 1293.0 7309.0 1280.0 ship 0
7222.0 879.0 7210.0 892.0 7147.0 846.0 7158.0 832.0 ship 0
6599.0 872.0 6593.0 890.0 6519.0 856.0 6525.0 841.0 ship 0
6821.0 1448.0 6821.0 1476.0 6649.0 1466.0 6653.0 1436.0 ship 0
6667.0 2547.0 6688.0 2573.0 6516.0 2743.0 6489.0 2716.0 ship 0
6135.0 3913.0 6135.0 3883.0 6332.0 3874.0 6335.0 3903.0 ship 0
6433.0 2838.0 6429.0 2844.0 6407.0 2831.0 6411.0 2823.0 ship 0
6473.0 1812.0 6481.0 1845.0 6303.0 1883.0 6297.0 1850.0 ship 0
6001.0 1026.0 6005.0 1045.0 5932.0 1070.0 5927.0 1053.0 ship 0
5701.0 734.0 5720.0 730.0 5739.0 796.0 5720.0 802.0 ship 0
5931.0 1512.0 5952.0 1525.0 5864.0 1648.0 5834.0 1630.0 ship 0
5802.0 2023.0 5793.0 1989.0 5950.0 1925.0 5968.0 1959.0 ship 0
644.0 1181.0 647.0 1193.0 621.0 1196.0 621.0 1183.0 ship 0
