imagesource:GoogleEarth
gsd:0.571711135532
1561.0 1189.0 1562.0 1185.0 1571.0 1186.0 1570.0 1190.0 small-vehicle 1
269.0 1987.0 270.0 1992.0 264.0 1994.0 262.0 1991.0 small-vehicle 1
297.0 1988.0 295.0 1984.0 304.0 1982.0 305.0 1986.0 small-vehicle 1
310.0 1979.0 308.0 1976.0 316.0 1974.0 317.0 1977.0 small-vehicle 1
311.0 1985.0 309.0 1981.0 315.0 1979.0 317.0 1983.0 small-vehicle 1
320.0 1981.0 319.0 1977.0 327.0 1975.0 328.0 1978.0 small-vehicle 1
350.0 1902.0 346.0 1901.0 347.0 1893.0 351.0 1894.0 small-vehicle 1
349.0 1914.0 345.0 1913.0 345.0 1905.0 349.0 1905.0 small-vehicle 1
348.0 1925.0 345.0 1925.0 345.0 1916.0 349.0 1917.0 small-vehicle 1
349.0 1935.0 345.0 1935.0 343.0 1928.0 348.0 1928.0 small-vehicle 1
355.0 1941.0 350.0 1943.0 349.0 1933.0 354.0 1932.0 small-vehicle 1
355.0 1914.0 350.0 1913.0 351.0 1903.0 355.0 1904.0 small-vehicle 1
355.0 1903.0 350.0 1902.0 352.0 1894.0 356.0 1895.0 small-vehicle 1
361.0 1875.0 357.0 1874.0 359.0 1868.0 363.0 1869.0 small-vehicle 1
364.0 1864.0 360.0 1861.0 363.0 1855.0 367.0 1857.0 small-vehicle 1
368.0 1851.0 364.0 1849.0 367.0 1842.0 371.0 1845.0 small-vehicle 1
367.0 1838.0 364.0 1835.0 368.0 1826.0 372.0 1827.0 small-vehicle 1
376.0 1815.0 372.0 1813.0 376.0 1805.0 380.0 1807.0 small-vehicle 1
390.0 1807.0 386.0 1803.0 391.0 1797.0 394.0 1799.0 small-vehicle 1
399.0 1796.0 396.0 1793.0 400.0 1786.0 403.0 1789.0 small-vehicle 1
408.0 1785.0 405.0 1782.0 410.0 1777.0 412.0 1780.0 small-vehicle 1
416.0 1776.0 413.0 1774.0 419.0 1766.0 422.0 1768.0 small-vehicle 1
1001.0 2226.0 999.0 2223.0 1014.0 2213.0 1016.0 2217.0 large-vehicle 1
915.0 2239.0 912.0 2236.0 925.0 2223.0 929.0 2226.0 large-vehicle 1
883.0 2258.0 881.0 2253.0 893.0 2249.0 895.0 2253.0 large-vehicle 1
87.0 2154.0 82.0 2150.0 92.0 2135.0 96.0 2138.0 large-vehicle 1
796.0 2269.0 793.0 2265.0 809.0 2254.0 811.0 2258.0 large-vehicle 1
775.0 2284.0 773.0 2280.0 789.0 2269.0 792.0 2273.0 large-vehicle 1
282.0 1972.0 280.0 1968.0 296.0 1960.0 298.0 1964.0 large-vehicle 1
382.0 1815.0 385.0 1818.0 377.0 1833.0 372.0 1832.0 large-vehicle 1
453.0 1929.0 452.0 1924.0 462.0 1922.0 462.0 1927.0 small-vehicle 1
280.0 1983.0 282.0 1987.0 274.0 1990.0 273.0 1986.0 small-vehicle 1
204.0 1994.0 207.0 1999.0 200.0 2004.0 196.0 2000.0 small-vehicle 1
204.0 1619.0 209.0 1620.0 208.0 1628.0 203.0 1628.0 small-vehicle 1
207.0 2008.0 209.0 2012.0 201.0 2016.0 199.0 2013.0 small-vehicle 1
737.0 2272.0 741.0 2270.0 746.0 2277.0 742.0 2280.0 small-vehicle 1
727.0 2267.0 731.0 2264.0 736.0 2273.0 733.0 2275.0 small-vehicle 1
743.0 2257.0 748.0 2254.0 752.0 2263.0 748.0 2265.0 small-vehicle 1
735.0 2261.0 740.0 2259.0 744.0 2267.0 740.0 2269.0 small-vehicle 1
737.0 2296.0 742.0 2296.0 743.0 2304.0 738.0 2304.0 small-vehicle 1
746.0 2294.0 751.0 2293.0 753.0 2299.0 748.0 2301.0 small-vehicle 1
755.0 2291.0 758.0 2289.0 761.0 2295.0 757.0 2297.0 small-vehicle 1
836.0 2238.0 839.0 2236.0 841.0 2246.0 837.0 2247.0 small-vehicle 1
832.0 2240.0 835.0 2239.0 836.0 2247.0 833.0 2248.0 small-vehicle 1
820.0 2246.0 824.0 2245.0 825.0 2255.0 821.0 2256.0 small-vehicle 1
827.0 2243.0 831.0 2243.0 831.0 2251.0 828.0 2251.0 small-vehicle 1
815.0 2250.0 819.0 2250.0 820.0 2258.0 816.0 2259.0 small-vehicle 1
844.0 2232.0 849.0 2231.0 849.0 2241.0 845.0 2240.0 small-vehicle 1
852.0 2227.0 855.0 2226.0 858.0 2234.0 854.0 2236.0 small-vehicle 1
856.0 2225.0 860.0 2223.0 862.0 2233.0 858.0 2234.0 small-vehicle 1
868.0 2218.0 872.0 2217.0 874.0 2226.0 870.0 2227.0 small-vehicle 1
875.0 2215.0 879.0 2213.0 881.0 2221.0 877.0 2222.0 small-vehicle 1
741.0 2206.0 745.0 2204.0 749.0 2211.0 745.0 2213.0 small-vehicle 1
749.0 2203.0 753.0 2200.0 756.0 2207.0 751.0 2209.0 small-vehicle 1
734.0 2211.0 737.0 2208.0 740.0 2215.0 737.0 2217.0 small-vehicle 1
726.0 2215.0 729.0 2212.0 733.0 2220.0 730.0 2221.0 small-vehicle 1
774.0 2192.0 777.0 2190.0 780.0 2195.0 778.0 2198.0 small-vehicle 1
778.0 2189.0 781.0 2186.0 784.0 2194.0 780.0 2195.0 small-vehicle 1
782.0 2185.0 785.0 2184.0 788.0 2193.0 785.0 2194.0 small-vehicle 1
30.0 2249.0 34.0 2252.0 31.0 2260.0 27.0 2258.0 small-vehicle 1
108.0 2102.0 112.0 2105.0 108.0 2112.0 104.0 2110.0 small-vehicle 1
109.0 2117.0 113.0 2119.0 108.0 2127.0 103.0 2125.0 small-vehicle 1
146.0 2057.0 150.0 2059.0 145.0 2068.0 142.0 2066.0 small-vehicle 1
181.0 2026.0 177.0 2023.0 185.0 2017.0 188.0 2019.0 small-vehicle 1
192.0 1605.0 196.0 1605.0 196.0 1613.0 192.0 1613.0 small-vehicle 1
209.0 1583.0 215.0 1585.0 212.0 1593.0 207.0 1593.0 small-vehicle 1
747.0 2266.0 751.0 2264.0 754.0 2270.0 752.0 2272.0 small-vehicle 1
860.0 1122.0 861.0 1118.0 871.0 1121.0 869.0 1126.0 small-vehicle 1
554.0 1053.0 559.0 1050.0 563.0 1057.0 559.0 1059.0 small-vehicle 1
582.0 954.0 585.0 950.0 592.0 957.0 590.0 960.0 small-vehicle 1
596.0 956.0 599.0 952.0 606.0 958.0 602.0 961.0 small-vehicle 1
671.0 1011.0 674.0 1007.0 680.0 1011.0 678.0 1015.0 small-vehicle 1
645.0 954.0 648.0 951.0 653.0 956.0 651.0 959.0 small-vehicle 1
634.0 936.0 637.0 933.0 642.0 940.0 638.0 943.0 small-vehicle 1
616.0 901.0 619.0 899.0 623.0 907.0 621.0 908.0 small-vehicle 1
916.0 748.0 918.0 744.0 925.0 750.0 923.0 752.0 small-vehicle 1
811.0 712.0 812.0 707.0 820.0 707.0 820.0 712.0 small-vehicle 1
471.0 865.0 474.0 862.0 480.0 868.0 478.0 870.0 small-vehicle 1
338.0 767.0 340.0 763.0 348.0 767.0 346.0 771.0 small-vehicle 1
454.0 692.0 454.0 688.0 466.0 689.0 466.0 693.0 small-vehicle 1
385.0 689.0 386.0 683.0 394.0 684.0 394.0 690.0 small-vehicle 1
240.0 702.0 242.0 698.0 251.0 703.0 249.0 707.0 small-vehicle 1
278.0 722.0 281.0 718.0 289.0 724.0 286.0 727.0 small-vehicle 1
154.0 664.0 156.0 659.0 164.0 663.0 162.0 668.0 small-vehicle 1
302.0 777.0 305.0 773.0 312.0 778.0 310.0 781.0 small-vehicle 1
250.0 748.0 252.0 743.0 260.0 746.0 258.0 750.0 small-vehicle 1
189.0 717.0 191.0 712.0 198.0 715.0 197.0 719.0 small-vehicle 1
207.0 715.0 208.0 711.0 216.0 715.0 214.0 719.0 small-vehicle 1
152.0 695.0 154.0 690.0 162.0 694.0 160.0 698.0 small-vehicle 1
139.0 698.0 139.0 693.0 151.0 695.0 149.0 700.0 small-vehicle 1
86.0 680.0 88.0 674.0 98.0 678.0 96.0 684.0 small-vehicle 1
97.0 677.0 99.0 671.0 108.0 674.0 106.0 679.0 small-vehicle 1
63.0 672.0 65.0 667.0 73.0 670.0 71.0 675.0 small-vehicle 1
136.0 1709.0 160.0 1713.0 152.0 1751.0 128.0 1745.0 basketball-court 0
147.0 1657.0 173.0 1664.0 161.0 1707.0 135.0 1699.0 basketball-court 0
1653.0 1601.0 1701.0 1601.0 1697.0 1719.0 1646.0 1714.0 bridge 0
134.0 1544.0 168.0 1550.0 163.0 1610.0 127.0 1603.0 tennis-court 0
906.0 1099.0 907.0 1095.0 916.0 1097.0 914.0 1102.0 small-vehicle 1
598.0 1152.0 602.0 1149.0 606.0 1158.0 602.0 1160.0 small-vehicle 1
216.0 1563.0 221.0 1566.0 216.0 1576.0 212.0 1573.0 small-vehicle 1
790.0 1150.0 790.0 1147.0 797.0 1146.0 798.0 1150.0 small-vehicle 1
520.0 1712.0 518.0 1709.0 524.0 1705.0 527.0 1707.0 small-vehicle 1
517.0 1680.0 515.0 1676.0 521.0 1671.0 524.0 1674.0 small-vehicle 1
550.0 1656.0 547.0 1652.0 553.0 1647.0 556.0 1650.0 small-vehicle 1
298.0 1502.0 300.0 1507.0 292.0 1510.0 290.0 1507.0 small-vehicle 1
319.0 1494.0 321.0 1499.0 312.0 1502.0 310.0 1500.0 small-vehicle 1
333.0 1485.0 335.0 1489.0 327.0 1494.0 325.0 1491.0 small-vehicle 1
373.0 1449.0 377.0 1450.0 376.0 1459.0 373.0 1459.0 small-vehicle 1
379.0 1445.0 383.0 1445.0 383.0 1454.0 379.0 1453.0 small-vehicle 1
386.0 1436.0 390.0 1435.0 392.0 1445.0 388.0 1445.0 small-vehicle 1
418.0 1412.0 421.0 1415.0 416.0 1424.0 412.0 1422.0 small-vehicle 1
727.0 1513.0 724.0 1511.0 732.0 1505.0 735.0 1507.0 small-vehicle 1
778.0 1468.0 774.0 1465.0 781.0 1458.0 785.0 1461.0 small-vehicle 1
790.0 1464.0 787.0 1459.0 794.0 1453.0 797.0 1455.0 small-vehicle 1
815.0 1430.0 811.0 1426.0 818.0 1418.0 821.0 1421.0 small-vehicle 1
818.0 1438.0 814.0 1436.0 821.0 1427.0 823.0 1428.0 small-vehicle 1
907.0 1318.0 903.0 1315.0 907.0 1308.0 911.0 1309.0 small-vehicle 1
872.0 1331.0 869.0 1327.0 877.0 1321.0 880.0 1325.0 small-vehicle 1
733.0 1358.0 735.0 1353.0 744.0 1357.0 742.0 1361.0 small-vehicle 1
688.0 1316.0 693.0 1314.0 697.0 1320.0 694.0 1323.0 small-vehicle 1
620.0 1213.0 624.0 1211.0 626.0 1220.0 622.0 1221.0 small-vehicle 1
672.0 1269.0 679.0 1269.0 680.0 1280.0 674.0 1280.0 small-vehicle 1
457.0 1110.0 456.0 1106.0 465.0 1104.0 466.0 1107.0 small-vehicle 1
463.0 1120.0 460.0 1117.0 469.0 1112.0 471.0 1115.0 small-vehicle 1
468.0 1137.0 467.0 1133.0 472.0 1130.0 474.0 1133.0 small-vehicle 1
477.0 1151.0 473.0 1147.0 480.0 1141.0 482.0 1145.0 small-vehicle 1
489.0 1165.0 486.0 1162.0 492.0 1157.0 495.0 1159.0 small-vehicle 1
503.0 1175.0 499.0 1172.0 505.0 1165.0 509.0 1168.0 small-vehicle 1
558.0 1289.0 558.0 1284.0 567.0 1283.0 567.0 1287.0 small-vehicle 1
564.0 1310.0 566.0 1315.0 559.0 1320.0 557.0 1317.0 small-vehicle 1
742.0 2270.0 745.0 2266.0 749.0 2274.0 746.0 2276.0 small-vehicle 1
733.0 2277.0 737.0 2275.0 741.0 2280.0 738.0 2283.0 small-vehicle 1
1717.0 1221.0 1717.0 1217.0 1725.0 1218.0 1725.0 1221.0 small-vehicle 1
1129.0 2089.0 1131.0 2092.0 1124.0 2096.0 1123.0 2093.0 small-vehicle 1
1147.0 2077.0 1149.0 2080.0 1143.0 2084.0 1141.0 2081.0 small-vehicle 1
955.0 2260.0 956.0 2263.0 950.0 2266.0 948.0 2264.0 small-vehicle 1
956.0 2251.0 958.0 2254.0 951.0 2259.0 949.0 2257.0 small-vehicle 1
988.0 2231.0 990.0 2234.0 983.0 2238.0 981.0 2235.0 small-vehicle 1
1001.0 2229.0 1003.0 2232.0 996.0 2236.0 995.0 2233.0 small-vehicle 1
721.0 2275.0 723.0 2273.0 727.0 2278.0 725.0 2280.0 small-vehicle 1
724.0 2271.0 726.0 2269.0 731.0 2275.0 729.0 2276.0 small-vehicle 1
737.0 2242.0 740.0 2241.0 744.0 2246.0 741.0 2249.0 small-vehicle 1
11.0 2291.0 15.0 2293.0 10.0 2300.0 7.0 2298.0 small-vehicle 1
354.0 1956.0 357.0 1959.0 350.0 1965.0 348.0 1962.0 small-vehicle 1
126.0 2062.0 129.0 2065.0 124.0 2070.0 122.0 2069.0 small-vehicle 1
125.0 2076.0 127.0 2078.0 123.0 2084.0 120.0 2083.0 small-vehicle 1
133.0 2061.0 136.0 2063.0 132.0 2070.0 129.0 2068.0 small-vehicle 1
145.0 2050.0 148.0 2051.0 146.0 2058.0 142.0 2056.0 small-vehicle 1
134.0 1979.0 134.0 1976.0 141.0 1976.0 142.0 1979.0 small-vehicle 1
133.0 1970.0 132.0 1967.0 139.0 1964.0 140.0 1967.0 small-vehicle 1
132.0 1965.0 132.0 1962.0 140.0 1961.0 140.0 1964.0 small-vehicle 1
126.0 1930.0 126.0 1927.0 134.0 1927.0 134.0 1930.0 small-vehicle 1
126.0 1868.0 128.0 1869.0 126.0 1876.0 124.0 1875.0 small-vehicle 1
140.0 1820.0 143.0 1820.0 143.0 1828.0 140.0 1828.0 small-vehicle 1
201.0 1567.0 204.0 1568.0 202.0 1575.0 199.0 1574.0 small-vehicle 1
206.0 1610.0 209.0 1610.0 209.0 1617.0 205.0 1617.0 small-vehicle 1
259.0 1520.0 261.0 1523.0 253.0 1526.0 252.0 1523.0 small-vehicle 1
250.0 1537.0 251.0 1540.0 244.0 1544.0 242.0 1541.0 small-vehicle 1
259.0 1534.0 260.0 1537.0 253.0 1541.0 252.0 1538.0 small-vehicle 1
280.0 1525.0 281.0 1529.0 275.0 1531.0 274.0 1528.0 small-vehicle 1
294.0 1520.0 295.0 1523.0 288.0 1526.0 287.0 1523.0 small-vehicle 1
442.0 1378.0 444.0 1379.0 440.0 1386.0 438.0 1385.0 small-vehicle 1
369.0 1456.0 372.0 1455.0 372.0 1463.0 369.0 1464.0 small-vehicle 1
1140.0 2084.0 1140.0 2087.0 1135.0 2089.0 1134.0 2086.0 small-vehicle 1
1113.0 2100.0 1114.0 2103.0 1109.0 2107.0 1107.0 2104.0 small-vehicle 1
399.0 1444.0 400.0 1446.0 397.0 1450.0 395.0 1449.0 small-vehicle 1
1105.0 2105.0 1107.0 2108.0 1100.0 2112.0 1099.0 2109.0 small-vehicle 1
1741.0 1216.0 1740.0 1213.0 1749.0 1213.0 1749.0 1217.0 small-vehicle 1
1748.0 1224.0 1748.0 1220.0 1757.0 1221.0 1757.0 1224.0 small-vehicle 1
1780.0 1200.0 1780.0 1196.0 1790.0 1198.0 1789.0 1202.0 small-vehicle 1
1885.0 1226.0 1885.0 1223.0 1892.0 1225.0 1892.0 1227.0 small-vehicle 1
1820.0 1418.0 1819.0 1414.0 1830.0 1413.0 1830.0 1417.0 small-vehicle 1
1781.0 1420.0 1781.0 1417.0 1788.0 1416.0 1788.0 1419.0 small-vehicle 1
1728.0 1417.0 1728.0 1413.0 1737.0 1413.0 1737.0 1416.0 small-vehicle 1
1563.0 1478.0 1563.0 1474.0 1571.0 1474.0 1571.0 1478.0 small-vehicle 1
1660.0 1445.0 1663.0 1448.0 1656.0 1454.0 1654.0 1451.0 small-vehicle 1
1543.0 1384.0 1542.0 1381.0 1550.0 1378.0 1551.0 1381.0 small-vehicle 1
1672.0 1581.0 1675.0 1580.0 1677.0 1587.0 1673.0 1589.0 small-vehicle 1
1551.0 1474.0 1554.0 1473.0 1556.0 1479.0 1553.0 1480.0 small-vehicle 1
1548.0 1475.0 1550.0 1474.0 1553.0 1481.0 1549.0 1482.0 small-vehicle 1
1543.0 1476.0 1546.0 1474.0 1548.0 1483.0 1545.0 1484.0 small-vehicle 1
1535.0 1479.0 1538.0 1477.0 1540.0 1483.0 1537.0 1484.0 small-vehicle 1
1532.0 1480.0 1535.0 1478.0 1537.0 1484.0 1534.0 1485.0 small-vehicle 1
1449.0 1473.0 1447.0 1470.0 1454.0 1468.0 1455.0 1471.0 small-vehicle 1
1434.0 1477.0 1433.0 1475.0 1441.0 1472.0 1442.0 1474.0 small-vehicle 1
1415.0 1484.0 1413.0 1480.0 1419.0 1477.0 1421.0 1480.0 small-vehicle 1
1405.0 1487.0 1404.0 1484.0 1411.0 1481.0 1413.0 1483.0 small-vehicle 1
1315.0 1523.0 1313.0 1519.0 1320.0 1517.0 1322.0 1520.0 small-vehicle 1
1118.0 1598.0 1116.0 1595.0 1124.0 1591.0 1126.0 1594.0 small-vehicle 1
1536.0 1186.0 1536.0 1181.0 1544.0 1182.0 1545.0 1186.0 small-vehicle 1
1188.0 950.0 1191.0 950.0 1193.0 956.0 1190.0 957.0 small-vehicle 1
1014.0 668.0 1012.0 664.0 1021.0 663.0 1022.0 667.0 small-vehicle 1
956.0 1112.0 957.0 1108.0 965.0 1110.0 964.0 1114.0 small-vehicle 1
997.0 1162.0 997.0 1158.0 1005.0 1158.0 1005.0 1162.0 small-vehicle 1
1067.0 1166.0 1067.0 1164.0 1075.0 1164.0 1076.0 1167.0 small-vehicle 1
768.0 1795.0 766.0 1792.0 773.0 1787.0 775.0 1790.0 small-vehicle 1
356.0 1488.0 357.0 1490.0 353.0 1495.0 350.0 1493.0 small-vehicle 1
405.0 1436.0 408.0 1437.0 403.0 1444.0 401.0 1442.0 small-vehicle 1
728.0 2280.0 731.0 2277.0 736.0 2282.0 733.0 2286.0 small-vehicle 1
1554.0 1554.0 1558.0 1551.0 1563.0 1566.0 1559.0 1567.0 large-vehicle 1
1564.0 1548.0 1569.0 1546.0 1574.0 1562.0 1570.0 1563.0 large-vehicle 1
1578.0 1556.0 1583.0 1555.0 1589.0 1573.0 1585.0 1574.0 large-vehicle 1
1563.0 1545.0 1561.0 1540.0 1581.0 1535.0 1582.0 1540.0 large-vehicle 1
1560.0 1538.0 1558.0 1534.0 1578.0 1529.0 1580.0 1534.0 large-vehicle 1
1560.0 1528.0 1558.0 1522.0 1577.0 1516.0 1578.0 1522.0 large-vehicle 1
1555.0 1517.0 1554.0 1510.0 1573.0 1507.0 1575.0 1512.0 large-vehicle 1
1551.0 1501.0 1549.0 1494.0 1566.0 1490.0 1567.0 1496.0 large-vehicle 1
1691.0 1427.0 1691.0 1420.0 1710.0 1419.0 1711.0 1424.0 large-vehicle 1
1699.0 1850.0 1700.0 1847.0 1707.0 1852.0 1705.0 1854.0 small-vehicle 1
1689.0 1859.0 1691.0 1856.0 1697.0 1862.0 1695.0 1864.0 small-vehicle 1
1686.0 1868.0 1688.0 1865.0 1695.0 1869.0 1693.0 1872.0 small-vehicle 1
1682.0 1872.0 1685.0 1869.0 1691.0 1874.0 1688.0 1877.0 small-vehicle 1
1799.0 1835.0 1802.0 1838.0 1798.0 1843.0 1794.0 1840.0 small-vehicle 1
1794.0 1831.0 1798.0 1834.0 1794.0 1840.0 1791.0 1837.0 small-vehicle 1
1237.0 1553.0 1236.0 1550.0 1243.0 1548.0 1244.0 1552.0 small-vehicle 1
1191.0 1568.0 1189.0 1563.0 1198.0 1561.0 1199.0 1566.0 small-vehicle 1
1425.0 1922.0 1427.0 1925.0 1420.0 1932.0 1418.0 1929.0 small-vehicle 1
798.0 2238.0 802.0 2237.0 805.0 2244.0 801.0 2246.0 small-vehicle 1
784.0 2236.0 787.0 2234.0 792.0 2241.0 789.0 2244.0 small-vehicle 1
771.0 2242.0 774.0 2240.0 778.0 2247.0 775.0 2250.0 small-vehicle 1
769.0 2256.0 771.0 2252.0 775.0 2258.0 772.0 2260.0 small-vehicle 1
762.0 2261.0 765.0 2257.0 770.0 2263.0 767.0 2265.0 small-vehicle 1
756.0 2252.0 760.0 2248.0 765.0 2256.0 762.0 2259.0 small-vehicle 1
763.0 2247.0 768.0 2244.0 772.0 2252.0 768.0 2254.0 small-vehicle 1
776.0 2240.0 779.0 2238.0 782.0 2245.0 779.0 2247.0 small-vehicle 1
794.0 2232.0 797.0 2230.0 802.0 2238.0 798.0 2239.0 small-vehicle 1
713.0 2291.0 716.0 2287.0 722.0 2293.0 718.0 2296.0 small-vehicle 1
718.0 2288.0 721.0 2284.0 726.0 2290.0 723.0 2293.0 small-vehicle 1
723.0 2284.0 725.0 2282.0 729.0 2288.0 726.0 2290.0 small-vehicle 1
1558.0 1549.0 1563.0 1548.0 1568.0 1565.0 1564.0 1566.0 large-vehicle 1
1548.0 1552.0 1553.0 1551.0 1557.0 1566.0 1553.0 1568.0 large-vehicle 1
1024.0 2144.0 1025.0 2139.0 1035.0 2139.0 1034.0 2143.0 small-vehicle 1
1532.0 1508.0 1534.0 1513.0 1518.0 1517.0 1516.0 1512.0 large-vehicle 1
1037.0 2141.0 1036.0 2137.0 1046.0 2135.0 1046.0 2140.0 small-vehicle 1
1001.0 2151.0 1000.0 2148.0 1007.0 2146.0 1008.0 2149.0 small-vehicle 1
1021.0 1125.0 1022.0 1120.0 1029.0 1122.0 1028.0 1127.0 small-vehicle 1
1447.0 1199.0 1447.0 1194.0 1457.0 1194.0 1457.0 1199.0 small-vehicle 1
1397.0 1181.0 1397.0 1176.0 1407.0 1177.0 1406.0 1181.0 small-vehicle 1
1197.0 1184.0 1198.0 1179.0 1208.0 1181.0 1207.0 1186.0 small-vehicle 1
1029.0 1074.0 1035.0 1076.0 1031.0 1085.0 1027.0 1083.0 small-vehicle 1
1049.0 1041.0 1053.0 1042.0 1051.0 1051.0 1047.0 1050.0 small-vehicle 1
1064.0 1073.0 1068.0 1074.0 1065.0 1083.0 1061.0 1081.0 small-vehicle 1
1078.0 1035.0 1082.0 1036.0 1078.0 1045.0 1075.0 1043.0 small-vehicle 1
1070.0 815.0 1074.0 811.0 1081.0 821.0 1077.0 824.0 small-vehicle 1
1093.0 874.0 1088.0 873.0 1095.0 849.0 1099.0 852.0 large-vehicle 1
960.0 1239.0 964.0 1242.0 953.0 1258.0 948.0 1255.0 large-vehicle 1
1091.0 983.0 1095.0 985.0 1090.0 1003.0 1085.0 1001.0 large-vehicle 1
1039.0 1073.0 1043.0 1075.0 1036.0 1093.0 1031.0 1090.0 large-vehicle 1
983.0 1182.0 979.0 1180.0 983.0 1173.0 987.0 1174.0 small-vehicle 1
1033.0 1168.0 1034.0 1163.0 1042.0 1163.0 1042.0 1167.0 small-vehicle 1
994.0 1327.0 997.0 1332.0 989.0 1337.0 987.0 1334.0 small-vehicle 1
1095.0 1269.0 1096.0 1273.0 1088.0 1277.0 1086.0 1274.0 small-vehicle 1
1456.0 1183.0 1455.0 1179.0 1465.0 1179.0 1465.0 1183.0 small-vehicle 1
1783.0 1230.0 1784.0 1225.0 1794.0 1226.0 1793.0 1231.0 small-vehicle 1
1850.0 1238.0 1850.0 1234.0 1860.0 1235.0 1859.0 1240.0 small-vehicle 1
1800.0 1225.0 1801.0 1221.0 1810.0 1222.0 1810.0 1226.0 small-vehicle 1
1863.0 1244.0 1863.0 1240.0 1871.0 1242.0 1871.0 1246.0 small-vehicle 1
1541.0 1546.0 1542.0 1550.0 1526.0 1556.0 1524.0 1552.0 large-vehicle 1
1539.0 1541.0 1540.0 1545.0 1523.0 1550.0 1521.0 1546.0 large-vehicle 1
1537.0 1524.0 1538.0 1529.0 1522.0 1531.0 1521.0 1526.0 large-vehicle 1
1536.0 1516.0 1537.0 1522.0 1522.0 1526.0 1519.0 1522.0 large-vehicle 1
1534.0 1512.0 1536.0 1517.0 1520.0 1523.0 1517.0 1517.0 large-vehicle 1
87.0 1643.0 147.0 1653.0 119.0 1769.0 60.0 1758.0 ground-track-field 0
