imagesource:GoogleEarth
gsd:0.559615703388
4473.0 3080.0 4487.0 3090.0 4439.0 3151.0 4426.0 3143.0 bridge 0
3954.0 3020.0 4010.0 3007.0 4030.0 3083.0 3974.0 3101.0 bridge 0
2562.0 912.0 2628.0 892.0 2648.0 924.0 2582.0 946.0 bridge 0
2668.0 1928.0 2680.0 1950.0 2598.0 2003.0 2583.0 1980.0 bridge 0
2778.0 2056.0 2793.0 2079.0 2715.0 2124.0 2703.0 2104.0 bridge 0
2733.0 1971.0 2760.0 2024.0 2665.0 2081.0 2638.0 2026.0 bridge 0
2448.0 1406.0 2533.0 1383.0 2545.0 1433.0 2455.0 1456.0 bridge 0
2018.0 892.0 2050.0 892.0 2058.0 997.0 2025.0 1002.0 bridge 0
1350.0 554.0 1363.0 574.0 1243.0 667.0 1228.0 654.0 bridge 0
3064.0 580.0 3147.0 567.0 3167.0 737.0 3087.0 754.0 ground-track-field 0
