imagesource:GoogleEarth
gsd:0.967916109431
69.0 2423.0 75.0 2417.0 82.0 2428.0 76.0 2432.0 swimming-pool 1
57.0 2269.0 72.0 2269.0 72.0 2284.0 57.0 2284.0 roundabout 0
618.0 31.0 613.0 31.0 614.0 18.0 619.0 18.0 ship 1
668.0 38.0 668.0 33.0 681.0 34.0 681.0 39.0 ship 1
666.0 31.0 667.0 26.0 680.0 29.0 679.0 34.0 ship 1
834.0 584.0 852.0 588.0 820.0 696.0 803.0 691.0 ship 0
815.0 1672.0 805.0 1676.0 788.0 1586.0 799.0 1585.0 ship 0
672.0 1563.0 942.0 1553.0 943.0 1567.0 673.0 1578.0 bridge 0
773.0 500.0 1019.0 538.0 1012.0 565.0 764.0 531.0 bridge 0
