imagesource:GoogleEarth
gsd:0.480025550346
1392.0 2173.0 1389.0 2173.0 1388.0 2167.0 1391.0 2166.0 small-vehicle 1
1135.0 1493.0 1140.0 1491.0 1144.0 1498.0 1140.0 1501.0 small-vehicle 1
829.0 1463.0 830.0 1459.0 837.0 1460.0 837.0 1463.0 small-vehicle 1
525.0 675.0 520.0 680.0 500.0 654.0 506.0 650.0 large-vehicle 0
712.0 663.0 716.0 665.0 709.0 673.0 703.0 670.0 large-vehicle 1
720.0 668.0 723.0 672.0 717.0 682.0 714.0 678.0 large-vehicle 1
724.0 674.0 729.0 676.0 722.0 685.0 718.0 681.0 large-vehicle 1
1365.0 2122.0 1360.0 2122.0 1358.0 2110.0 1364.0 2110.0 large-vehicle 1
1197.0 1721.0 1192.0 1722.0 1189.0 1711.0 1193.0 1707.0 large-vehicle 1
1173.0 1587.0 1169.0 1590.0 1175.0 1598.0 1179.0 1594.0 small-vehicle 1
903.0 1175.0 900.0 1178.0 896.0 1172.0 900.0 1169.0 small-vehicle 1
1311.0 1978.0 1307.0 1980.0 1303.0 1970.0 1307.0 1968.0 large-vehicle 1
850.0 1087.0 846.0 1091.0 841.0 1082.0 846.0 1080.0 small-vehicle 1
839.0 1021.0 843.0 1018.0 850.0 1025.0 846.0 1028.0 small-vehicle 1
843.0 741.0 846.0 745.0 840.0 752.0 836.0 749.0 large-vehicle 1
886.0 715.0 892.0 712.0 893.0 722.0 888.0 723.0 small-vehicle 1
800.0 525.0 803.0 527.0 798.0 534.0 795.0 531.0 large-vehicle 1
811.0 535.0 816.0 538.0 811.0 544.0 807.0 542.0 large-vehicle 1
823.0 546.0 827.0 548.0 822.0 555.0 818.0 552.0 large-vehicle 1
978.0 574.0 982.0 576.0 978.0 584.0 973.0 582.0 small-vehicle 1
930.0 1229.0 924.0 1233.0 914.0 1213.0 919.0 1211.0 large-vehicle 0
566.0 178.0 562.0 178.0 561.0 169.0 568.0 169.0 small-vehicle 1
579.0 187.0 577.0 191.0 568.0 185.0 571.0 181.0 small-vehicle 1
1032.0 1810.0 1033.0 1816.0 1021.0 1818.0 1019.0 1812.0 large-vehicle 1
397.0 432.0 401.0 428.0 420.0 452.0 416.0 454.0 large-vehicle 0
244.0 1277.0 239.0 1275.0 247.0 1267.0 251.0 1269.0 large-vehicle 1
351.0 1168.0 347.0 1167.0 353.0 1161.0 356.0 1163.0 small-vehicle 1
283.0 1229.0 280.0 1227.0 286.0 1221.0 290.0 1222.0 small-vehicle 1
56.0 1476.0 56.0 1471.0 64.0 1471.0 65.0 1475.0 small-vehicle 1
125.0 1467.0 125.0 1462.0 134.0 1462.0 134.0 1466.0 small-vehicle 1
149.0 1589.0 149.0 1585.0 156.0 1586.0 156.0 1591.0 small-vehicle 1
539.0 1646.0 538.0 1642.0 548.0 1641.0 548.0 1644.0 small-vehicle 1
552.0 1646.0 552.0 1641.0 561.0 1641.0 561.0 1646.0 small-vehicle 1
564.0 1645.0 564.0 1641.0 574.0 1641.0 572.0 1645.0 small-vehicle 1
666.0 1664.0 671.0 1665.0 668.0 1674.0 664.0 1672.0 small-vehicle 1
404.0 1780.0 407.0 1780.0 407.0 1791.0 404.0 1791.0 large-vehicle 1
593.0 1873.0 592.0 1878.0 585.0 1877.0 584.0 1873.0 small-vehicle 1
730.0 1697.0 735.0 1694.0 739.0 1701.0 734.0 1703.0 small-vehicle 1
764.0 1740.0 769.0 1737.0 774.0 1742.0 769.0 1745.0 small-vehicle 1
771.0 1749.0 775.0 1746.0 780.0 1751.0 777.0 1754.0 small-vehicle 1
802.0 1786.0 805.0 1782.0 809.0 1787.0 807.0 1789.0 small-vehicle 1
1013.0 515.0 1008.0 512.0 1015.0 503.0 1019.0 505.0 large-vehicle 1
1098.0 375.0 1168.0 375.0 1168.0 444.0 1098.0 444.0 roundabout 0
871.0 273.0 867.0 270.0 878.0 261.0 881.0 267.0 small-vehicle 1
118.0 1065.0 116.0 1061.0 127.0 1058.0 128.0 1061.0 small-vehicle 1
335.0 2020.0 339.0 2017.0 344.0 2027.0 340.0 2029.0 large-vehicle 1
346.0 2018.0 349.0 2017.0 350.0 2026.0 347.0 2026.0 large-vehicle 1
319.0 1190.0 316.0 1187.0 322.0 1180.0 326.0 1182.0 small-vehicle 1
279.0 1237.0 282.0 1239.0 278.0 1248.0 274.0 1245.0 small-vehicle 1
218.0 1317.0 222.0 1318.0 217.0 1326.0 212.0 1324.0 small-vehicle 1
597.0 1644.0 597.0 1640.0 606.0 1639.0 605.0 1643.0 small-vehicle 1
402.0 1106.0 400.0 1103.0 408.0 1096.0 411.0 1100.0 small-vehicle 1
669.0 782.0 671.0 779.0 678.0 785.0 675.0 788.0 small-vehicle 1
1009.0 1278.0 1013.0 1274.0 1018.0 1283.0 1013.0 1285.0 small-vehicle 1
1033.0 1319.0 1037.0 1316.0 1042.0 1323.0 1037.0 1326.0 small-vehicle 1
966.0 1095.0 970.0 1095.0 969.0 1103.0 965.0 1103.0 small-vehicle 1
1061.0 1449.0 1057.0 1452.0 1053.0 1443.0 1057.0 1440.0 small-vehicle 1
1124.0 1502.0 1129.0 1501.0 1133.0 1508.0 1130.0 1511.0 small-vehicle 1
1195.0 1609.0 1199.0 1606.0 1203.0 1613.0 1200.0 1616.0 small-vehicle 1
1195.0 1643.0 1199.0 1640.0 1204.0 1646.0 1201.0 1648.0 small-vehicle 1
1196.0 1662.0 1200.0 1659.0 1204.0 1666.0 1200.0 1668.0 small-vehicle 1
1372.0 2034.0 1376.0 2031.0 1379.0 2040.0 1374.0 2040.0 small-vehicle 1
406.0 1779.0 404.0 1778.0 404.0 1762.0 407.0 1762.0 large-vehicle 1
91.0 1069.0 89.0 1064.0 98.0 1062.0 99.0 1067.0 small-vehicle 1
961.0 254.0 961.0 247.0 991.0 259.0 987.0 265.0 large-vehicle 0
77.0 1069.0 77.0 1066.0 87.0 1065.0 87.0 1068.0 small-vehicle 1
963.0 245.0 966.0 240.0 992.0 252.0 991.0 257.0 large-vehicle 0
976.0 231.0 980.0 226.0 995.0 234.0 991.0 239.0 large-vehicle 0
978.0 225.0 982.0 219.0 999.0 226.0 996.0 232.0 large-vehicle 0
952.0 291.0 955.0 287.0 965.0 293.0 963.0 296.0 large-vehicle 1
965.0 265.0 969.0 262.0 982.0 265.0 978.0 272.0 large-vehicle 1
979.0 334.0 976.0 341.0 944.0 328.0 947.0 323.0 large-vehicle 0
1307.0 133.0 1304.0 131.0 1312.0 124.0 1314.0 127.0 small-vehicle 1
126.0 125.0 129.0 121.0 137.0 128.0 133.0 132.0 large-vehicle 1
182.0 181.0 185.0 176.0 192.0 185.0 189.0 188.0 large-vehicle 1
359.0 397.0 363.0 393.0 371.0 403.0 367.0 406.0 large-vehicle 1
404.0 462.0 407.0 460.0 414.0 466.0 411.0 469.0 small-vehicle 1
458.0 533.0 461.0 530.0 470.0 537.0 466.0 540.0 small-vehicle 1
160.0 691.0 157.0 693.0 151.0 686.0 155.0 683.0 small-vehicle 1
12.0 1077.0 12.0 1073.0 24.0 1072.0 23.0 1077.0 small-vehicle 1
26.0 1077.0 26.0 1072.0 35.0 1072.0 35.0 1075.0 small-vehicle 1
39.0 1076.0 38.0 1072.0 46.0 1070.0 47.0 1073.0 small-vehicle 1
48.0 1074.0 47.0 1070.0 57.0 1068.0 58.0 1071.0 small-vehicle 1
41.0 10.0 45.0 6.0 51.0 15.0 48.0 18.0 large-vehicle 1
