imagesource:GoogleEarth
gsd:0.894439581095
1480.0 153.0 1478.0 150.0 1488.0 139.0 1492.0 142.0 large-vehicle 1
955.0 955.0 952.0 955.0 954.0 938.0 958.0 939.0 large-vehicle 0
19.0 1665.0 22.0 1668.0 12.0 1680.0 9.0 1679.0 large-vehicle 0
60.0 1605.0 64.0 1609.0 57.0 1618.0 52.0 1615.0 large-vehicle 1
145.0 1481.0 148.0 1485.0 138.0 1499.0 134.0 1497.0 large-vehicle 0
605.0 1251.0 606.0 1246.0 621.0 1254.0 617.0 1257.0 large-vehicle 0
403.0 1077.0 406.0 1080.0 398.0 1092.0 394.0 1090.0 large-vehicle 1
356.0 920.0 358.0 921.0 352.0 936.0 350.0 935.0 large-vehicle 0
962.0 329.0 964.0 332.0 959.0 342.0 954.0 341.0 large-vehicle 1
976.0 752.0 973.0 752.0 973.0 731.0 978.0 731.0 large-vehicle 0
1529.0 95.0 1526.0 92.0 1535.0 81.0 1539.0 84.0 large-vehicle 1
1463.0 178.0 1459.0 174.0 1468.0 165.0 1471.0 168.0 large-vehicle 1
1496.0 138.0 1493.0 134.0 1505.0 119.0 1507.0 122.0 large-vehicle 0
1515.0 114.0 1512.0 112.0 1520.0 101.0 1523.0 104.0 large-vehicle 1
949.0 1390.0 948.0 1393.0 942.0 1391.0 944.0 1388.0 small-vehicle 1
969.0 1391.0 969.0 1388.0 975.0 1389.0 975.0 1392.0 small-vehicle 1
358.0 1145.0 363.0 1149.0 356.0 1158.0 351.0 1156.0 large-vehicle 1
840.0 1363.0 838.0 1366.0 830.0 1364.0 831.0 1359.0 large-vehicle 1
987.0 593.0 1018.0 593.0 1018.0 625.0 987.0 625.0 roundabout 0
