imagesource:GoogleEarth
gsd:0.965625106134
1826.0 1979.0 1828.0 1976.0 1841.0 1989.0 1837.0 1991.0 large-vehicle 1
1511.0 89.0 1513.0 90.0 1512.0 94.0 1509.0 94.0 small-vehicle 1
1243.0 1486.0 1242.0 1489.0 1237.0 1486.0 1238.0 1483.0 small-vehicle 1
1165.0 1090.0 1168.0 1091.0 1167.0 1096.0 1164.0 1096.0 small-vehicle 1
1285.0 794.0 1288.0 795.0 1288.0 799.0 1285.0 799.0 small-vehicle 1
1395.0 368.0 1392.0 367.0 1393.0 361.0 1397.0 361.0 small-vehicle 1
1480.0 91.0 1477.0 90.0 1479.0 85.0 1482.0 86.0 small-vehicle 1
1493.0 129.0 1496.0 130.0 1494.0 136.0 1491.0 134.0 small-vehicle 1
1475.0 177.0 1473.0 176.0 1475.0 171.0 1477.0 172.0 small-vehicle 1
372.0 927.0 373.0 924.0 379.0 927.0 377.0 930.0 small-vehicle 1
1539.0 1723.0 1541.0 1720.0 1549.0 1728.0 1547.0 1730.0 large-vehicle 1
1512.0 1690.0 1514.0 1688.0 1518.0 1692.0 1516.0 1694.0 small-vehicle 1
1309.0 1358.0 1312.0 1358.0 1313.0 1363.0 1310.0 1364.0 small-vehicle 1
1316.0 1379.0 1319.0 1378.0 1321.0 1383.0 1318.0 1384.0 small-vehicle 1
275.0 881.0 272.0 884.0 257.0 876.0 259.0 873.0 large-vehicle 1
481.0 1203.0 478.0 1206.0 472.0 1199.0 475.0 1195.0 large-vehicle 1
1263.0 1502.0 1263.0 1504.0 1257.0 1501.0 1258.0 1499.0 small-vehicle 1
1173.0 1431.0 1171.0 1432.0 1167.0 1428.0 1169.0 1426.0 small-vehicle 1
1042.0 1402.0 1039.0 1402.0 1039.0 1397.0 1042.0 1397.0 small-vehicle 1
873.0 1884.0 871.0 1882.0 872.0 1877.0 875.0 1878.0 small-vehicle 1
934.0 1703.0 931.0 1702.0 933.0 1696.0 936.0 1697.0 large-vehicle 1
503.0 1090.0 502.0 1091.0 498.0 1088.0 499.0 1087.0 small-vehicle 1
462.0 1061.0 460.0 1062.0 456.0 1059.0 457.0 1057.0 small-vehicle 1
1647.0 1816.0 1649.0 1813.0 1661.0 1824.0 1659.0 1826.0 large-vehicle 0
1725.0 1887.0 1727.0 1885.0 1739.0 1897.0 1737.0 1899.0 large-vehicle 0
1477.0 1652.0 1481.0 1651.0 1487.0 1661.0 1484.0 1663.0 large-vehicle 1
1393.0 1461.0 1391.0 1463.0 1383.0 1448.0 1385.0 1447.0 large-vehicle 1
1463.0 230.0 1466.0 231.0 1460.0 246.0 1457.0 245.0 large-vehicle 1
946.0 1241.0 948.0 1239.0 960.0 1250.0 958.0 1252.0 large-vehicle 1
484.0 1308.0 483.0 1311.0 476.0 1308.0 477.0 1305.0 small-vehicle 1
501.0 1272.0 499.0 1275.0 495.0 1271.0 497.0 1268.0 small-vehicle 1
500.0 1245.0 497.0 1247.0 493.0 1242.0 495.0 1240.0 small-vehicle 1
422.0 956.0 423.0 953.0 438.0 961.0 436.0 964.0 small-vehicle 1
482.0 1258.0 480.0 1261.0 476.0 1257.0 478.0 1254.0 small-vehicle 1
254.0 872.0 255.0 868.0 261.0 871.0 260.0 873.0 small-vehicle 1
1793.0 1954.0 1796.0 1951.0 1810.0 1964.0 1808.0 1967.0 large-vehicle 1
1367.0 436.0 1364.0 436.0 1365.0 430.0 1368.0 430.0 small-vehicle 1
1236.0 859.0 1239.0 858.0 1237.0 865.0 1234.0 865.0 small-vehicle 1
1183.0 944.0 1180.0 944.0 1180.0 937.0 1182.0 937.0 small-vehicle 1
1336.0 1448.0 1339.0 1447.0 1341.0 1453.0 1339.0 1453.0 small-vehicle 1
1060.0 1402.0 1063.0 1404.0 1061.0 1409.0 1058.0 1408.0 small-vehicle 1
979.0 1639.0 982.0 1640.0 981.0 1646.0 977.0 1645.0 small-vehicle 1
1478.0 1677.0 1475.0 1680.0 1461.0 1669.0 1464.0 1666.0 large-vehicle 1
1498.0 49.0 1495.0 48.0 1498.0 40.0 1502.0 42.0 large-vehicle 1
484.0 1304.0 482.0 1306.0 476.0 1304.0 477.0 1300.0 small-vehicle 1
1450.0 188.0 1447.0 186.0 1450.0 180.0 1453.0 181.0 small-vehicle 1
1455.0 251.0 1458.0 251.0 1455.0 261.0 1452.0 260.0 small-vehicle 1
1581.0 1764.0 1579.0 1767.0 1574.0 1762.0 1576.0 1760.0 small-vehicle 1
1596.0 1783.0 1594.0 1785.0 1590.0 1780.0 1591.0 1778.0 small-vehicle 1
1699.0 1842.0 1696.0 1845.0 1689.0 1839.0 1692.0 1836.0 large-vehicle 1
1862.0 2021.0 1864.0 2019.0 1877.0 2032.0 1874.0 2035.0 large-vehicle 1
1344.0 576.0 1347.0 577.0 1345.0 584.0 1342.0 582.0 small-vehicle 1
1275.0 1108.0 1279.0 1107.0 1281.0 1125.0 1277.0 1126.0 large-vehicle 1
1141.0 1154.0 1143.0 1155.0 1142.0 1160.0 1139.0 1159.0 small-vehicle 1
1117.0 1220.0 1119.0 1222.0 1118.0 1227.0 1115.0 1227.0 small-vehicle 1
1042.0 1390.0 1039.0 1390.0 1040.0 1384.0 1044.0 1385.0 small-vehicle 1
1060.0 1350.0 1058.0 1353.0 1050.0 1347.0 1053.0 1344.0 large-vehicle 1
1180.0 910.0 1175.0 909.0 1176.0 890.0 1180.0 890.0 large-vehicle 1
1196.0 958.0 1193.0 957.0 1196.0 951.0 1198.0 952.0 small-vehicle 1
1189.0 992.0 1186.0 993.0 1185.0 986.0 1188.0 985.0 small-vehicle 1
1223.0 895.0 1226.0 896.0 1224.0 904.0 1221.0 903.0 small-vehicle 1
1213.0 899.0 1209.0 898.0 1211.0 893.0 1214.0 893.0 small-vehicle 1
852.0 1208.0 854.0 1204.0 861.0 1210.0 859.0 1213.0 small-vehicle 1
794.0 2143.0 790.0 2141.0 793.0 2135.0 796.0 2136.0 small-vehicle 1
783.0 2149.0 780.0 2148.0 782.0 2141.0 785.0 2142.0 small-vehicle 1
821.0 2039.0 818.0 2038.0 822.0 2027.0 826.0 2029.0 large-vehicle 1
833.0 2018.0 829.0 2016.0 835.0 2003.0 838.0 2005.0 large-vehicle 1
485.0 1299.0 483.0 1302.0 477.0 1298.0 480.0 1295.0 small-vehicle 1
675.0 1546.0 760.0 1526.0 795.0 1652.0 705.0 1675.0 ground-track-field 0
