imagesource:GoogleEarth
gsd:0.478347891389
1583.0 1476.0 1582.0 1482.0 1555.0 1483.0 1554.0 1476.0 large-vehicle 1
1649.0 116.0 1648.0 120.0 1638.0 115.0 1641.0 112.0 small-vehicle 1
1855.0 117.0 1850.0 115.0 1853.0 103.0 1858.0 103.0 small-vehicle 1
1789.0 95.0 1793.0 97.0 1792.0 104.0 1788.0 105.0 small-vehicle 1
1680.0 214.0 1682.0 209.0 1696.0 212.0 1694.0 216.0 small-vehicle 1
1623.0 232.0 1620.0 228.0 1629.0 219.0 1632.0 222.0 small-vehicle 1
1620.0 227.0 1617.0 222.0 1627.0 213.0 1630.0 217.0 small-vehicle 1
1617.0 190.0 1624.0 190.0 1624.0 206.0 1617.0 206.0 small-vehicle 1
1618.0 223.0 1614.0 219.0 1624.0 209.0 1627.0 213.0 small-vehicle 1
1648.0 136.0 1646.0 141.0 1636.0 138.0 1636.0 134.0 small-vehicle 1
1647.0 132.0 1646.0 134.0 1639.0 133.0 1639.0 131.0 small-vehicle 1
1648.0 128.0 1647.0 131.0 1638.0 126.0 1639.0 124.0 small-vehicle 1
1637.0 107.0 1639.0 103.0 1647.0 109.0 1646.0 112.0 small-vehicle 1
1625.0 1476.0 1624.0 1480.0 1613.0 1480.0 1613.0 1476.0 small-vehicle 1
1494.0 128.0 1490.0 128.0 1489.0 117.0 1493.0 117.0 small-vehicle 1
1810.0 23.0 1810.0 18.0 1819.0 18.0 1820.0 23.0 small-vehicle 1
1811.0 16.0 1813.0 11.0 1821.0 13.0 1821.0 18.0 small-vehicle 1
1924.0 28.0 1923.0 32.0 1913.0 30.0 1915.0 26.0 small-vehicle 1
1927.0 17.0 1926.0 22.0 1916.0 21.0 1917.0 17.0 small-vehicle 1
2017.0 33.0 2020.0 28.0 2032.0 33.0 2030.0 37.0 small-vehicle 1
2033.0 87.0 2036.0 91.0 2026.0 96.0 2025.0 92.0 small-vehicle 1
2028.0 116.0 2029.0 121.0 2017.0 121.0 2017.0 116.0 small-vehicle 1
1717.0 286.0 1715.0 280.0 1726.0 277.0 1728.0 282.0 small-vehicle 1
2027.0 961.0 2046.0 961.0 2046.0 981.0 2027.0 981.0 storage-tank 0
1862.0 120.0 1858.0 118.0 1860.0 107.0 1864.0 109.0 small-vehicle 1
1898.0 84.0 1899.0 79.0 1907.0 80.0 1905.0 85.0 small-vehicle 1
1903.0 64.0 1903.0 60.0 1912.0 62.0 1912.0 65.0 small-vehicle 1
1904.0 42.0 1906.0 37.0 1921.0 40.0 1920.0 45.0 small-vehicle 1
1688.0 1471.0 1689.0 1476.0 1678.0 1477.0 1678.0 1472.0 small-vehicle 1
1530.0 912.0 1529.0 908.0 1540.0 904.0 1541.0 908.0 small-vehicle 1
1533.0 874.0 1534.0 880.0 1521.0 885.0 1520.0 878.0 small-vehicle 1
2040.0 759.0 2045.0 757.0 2047.0 767.0 2043.0 768.0 small-vehicle 1
2035.0 760.0 2039.0 758.0 2041.0 768.0 2037.0 770.0 small-vehicle 1
2030.0 762.0 2034.0 760.0 2037.0 770.0 2032.0 772.0 small-vehicle 1
2024.0 763.0 2029.0 762.0 2032.0 772.0 2029.0 774.0 small-vehicle 1
2020.0 765.0 2025.0 763.0 2027.0 774.0 2023.0 774.0 small-vehicle 1
1670.0 635.0 1674.0 635.0 1677.0 643.0 1672.0 643.0 small-vehicle 1
1658.0 655.0 1657.0 651.0 1666.0 647.0 1667.0 652.0 small-vehicle 1
1554.0 675.0 1548.0 677.0 1545.0 661.0 1550.0 659.0 small-vehicle 1
1866.0 357.0 1871.0 357.0 1871.0 367.0 1867.0 368.0 small-vehicle 1
1882.0 364.0 1882.0 360.0 1890.0 358.0 1890.0 362.0 small-vehicle 1
1888.0 352.0 1889.0 355.0 1882.0 360.0 1880.0 357.0 small-vehicle 1
1419.0 408.0 1416.0 403.0 1428.0 395.0 1431.0 399.0 small-vehicle 1
1753.0 179.0 1757.0 179.0 1757.0 186.0 1752.0 187.0 small-vehicle 1
1771.0 254.0 1766.0 254.0 1766.0 240.0 1771.0 241.0 small-vehicle 1
1737.0 285.0 1742.0 284.0 1743.0 296.0 1739.0 296.0 small-vehicle 1
1800.0 351.0 1795.0 351.0 1795.0 343.0 1800.0 342.0 small-vehicle 1
1885.0 338.0 1885.0 344.0 1864.0 344.0 1864.0 338.0 large-vehicle 1
1910.0 36.0 1911.0 31.0 1922.0 33.0 1921.0 38.0 small-vehicle 1
2022.0 941.0 2043.0 941.0 2043.0 961.0 2022.0 961.0 storage-tank 0
