imagesource:GoogleEarth
gsd:0.954911058768
1979.0 1314.0 1980.0 1320.0 1973.0 1322.0 1971.0 1316.0 swimming-pool 1
1269.0 191.0 1271.0 195.0 1256.0 203.0 1254.0 200.0 large-vehicle 1
1193.0 1433.0 1194.0 1438.0 1187.0 1441.0 1186.0 1436.0 swimming-pool 1
1288.0 1525.0 1293.0 1525.0 1295.0 1534.0 1289.0 1535.0 swimming-pool 1
1368.0 1301.0 1423.0 1301.0 1423.0 1358.0 1368.0 1358.0 roundabout 0
1439.0 1173.0 1441.0 1178.0 1425.0 1184.0 1423.0 1180.0 large-vehicle 1
1459.0 1225.0 1460.0 1229.0 1445.0 1235.0 1443.0 1231.0 large-vehicle 1
1199.0 366.0 1195.0 369.0 1186.0 352.0 1189.0 349.0 large-vehicle 1
1187.0 342.0 1183.0 344.0 1175.0 329.0 1179.0 326.0 large-vehicle 1
1467.0 112.0 1465.0 109.0 1483.0 102.0 1484.0 106.0 large-vehicle 1
1243.0 1665.0 1248.0 1664.0 1248.0 1670.0 1244.0 1670.0 swimming-pool 1
1340.0 159.0 1342.0 163.0 1326.0 170.0 1324.0 165.0 large-vehicle 1
862.0 1500.0 865.0 1504.0 861.0 1510.0 857.0 1508.0 swimming-pool 1
897.0 1582.0 904.0 1583.0 904.0 1590.0 898.0 1590.0 swimming-pool 1
1147.0 1604.0 1152.0 1603.0 1154.0 1613.0 1149.0 1614.0 swimming-pool 1
893.0 2045.0 898.0 2046.0 895.0 2057.0 890.0 2056.0 swimming-pool 1
975.0 2015.0 980.0 2015.0 980.0 2020.0 975.0 2020.0 swimming-pool 1
935.0 2066.0 935.0 2070.0 927.0 2070.0 927.0 2065.0 swimming-pool 1
1219.0 1528.0 1223.0 1528.0 1224.0 1535.0 1220.0 1536.0 swimming-pool 1
1670.0 1936.0 1677.0 1936.0 1678.0 1943.0 1670.0 1943.0 swimming-pool 1
2060.0 1454.0 2065.0 1452.0 2068.0 1462.0 2064.0 1463.0 swimming-pool 1
1851.0 2428.0 1856.0 2428.0 1856.0 2433.0 1851.0 2433.0 swimming-pool 1
1769.0 1525.0 1774.0 1526.0 1772.0 1532.0 1768.0 1530.0 swimming-pool 1
1725.0 1924.0 1731.0 1924.0 1731.0 1933.0 1724.0 1933.0 swimming-pool 1
1737.0 1932.0 1743.0 1933.0 1743.0 1942.0 1738.0 1943.0 swimming-pool 1
1759.0 2088.0 1763.0 2089.0 1764.0 2095.0 1760.0 2095.0 swimming-pool 1
1970.0 2231.0 1970.0 2226.0 1980.0 2225.0 1980.0 2231.0 swimming-pool 1
1735.0 2240.0 1736.0 2234.0 1746.0 2235.0 1745.0 2241.0 swimming-pool 1
1891.0 2516.0 1890.0 2511.0 1903.0 2509.0 1903.0 2515.0 swimming-pool 1
1700.0 2360.0 1704.0 2364.0 1699.0 2371.0 1695.0 2368.0 swimming-pool 1
1517.0 2184.0 1517.0 2191.0 1505.0 2193.0 1505.0 2185.0 swimming-pool 1
1521.0 2404.0 1526.0 2406.0 1525.0 2412.0 1520.0 2411.0 swimming-pool 1
1645.0 2364.0 1648.0 2368.0 1643.0 2373.0 1639.0 2370.0 swimming-pool 1
1621.0 2349.0 1624.0 2353.0 1617.0 2362.0 1614.0 2359.0 swimming-pool 1
1384.0 2306.0 1390.0 2305.0 1391.0 2315.0 1385.0 2317.0 swimming-pool 1
1392.0 2278.0 1399.0 2278.0 1400.0 2290.0 1393.0 2291.0 swimming-pool 1
1438.0 2151.0 1442.0 2151.0 1442.0 2157.0 1438.0 2157.0 swimming-pool 1
1597.0 2165.0 1603.0 2165.0 1604.0 2176.0 1598.0 2176.0 swimming-pool 1
47.0 1802.0 64.0 1802.0 64.0 1819.0 47.0 1819.0 storage-tank 0
