imagesource:GoogleEarth
gsd:0.987485366597
967.0 133.0 979.0 131.0 981.0 139.0 969.0 141.0 swimming-pool 1
839.0 177.0 846.0 177.0 847.0 188.0 841.0 187.0 swimming-pool 1
1012.0 113.0 1022.0 108.0 1025.0 117.0 1015.0 122.0 swimming-pool 1
588.0 364.0 626.0 364.0 626.0 402.0 588.0 402.0 roundabout 0
883.0 1020.0 896.0 1010.0 901.0 1017.0 888.0 1028.0 bridge 0
1355.0 1511.0 1367.0 1491.0 1374.0 1496.0 1361.0 1514.0 bridge 0
1535.0 2083.0 1550.0 2071.0 1556.0 2079.0 1540.0 2090.0 bridge 0
663.0 1725.0 701.0 1699.0 711.0 1709.0 673.0 1737.0 bridge 0
630.0 1686.0 670.0 1657.0 692.0 1685.0 652.0 1716.0 bridge 0
330.0 1454.0 346.0 1454.0 350.0 1486.0 334.0 1489.0 bridge 0
1298.0 371.0 1370.0 360.0 1386.0 467.0 1318.0 479.0 soccer-ball-field 0
1131.0 485.0 1203.0 473.0 1218.0 582.0 1149.0 593.0 soccer-ball-field 1
1112.0 447.0 1207.0 432.0 1235.0 610.0 1144.0 629.0 ground-track-field 0
