imagesource:GoogleEarth
gsd:0.944361380116
1041.0 1896.0 1050.0 1887.0 1086.0 1943.0 1078.0 1947.0 bridge 0
2566.0 487.0 2581.0 487.0 2581.0 499.0 2566.0 499.0 roundabout 0
2427.0 383.0 2444.0 383.0 2444.0 398.0 2427.0 398.0 roundabout 0
2391.0 879.0 2415.0 821.0 2432.0 828.0 2406.0 885.0 bridge 0
1932.0 1382.0 2007.0 1394.0 1995.0 1495.0 1919.0 1486.0 soccer-ball-field 1
2008.0 1386.0 2077.0 1395.0 2066.0 1497.0 1995.0 1491.0 soccer-ball-field 1
2089.0 1386.0 2163.0 1398.0 2150.0 1502.0 2076.0 1493.0 soccer-ball-field 1
2053.0 1376.0 2062.0 1302.0 2174.0 1321.0 2167.0 1395.0 soccer-ball-field 0
1180.0 1730.0 1266.0 1727.0 1265.0 1746.0 1181.0 1750.0 bridge 0
188.0 1932.0 224.0 1933.0 217.0 1996.0 179.0 1993.0 bridge 0
