imagesource:GoogleEarth
gsd:0.216239108712
1066.0 387.0 1068.0 397.0 1046.0 403.0 1044.0 392.0 small-vehicle 1
1196.0 191.0 1248.0 178.0 1273.0 288.0 1223.0 300.0 tennis-court 0
1115.0 211.0 1168.0 199.0 1190.0 307.0 1136.0 320.0 tennis-court 0
1030.0 229.0 1089.0 217.0 1111.0 326.0 1057.0 343.0 tennis-court 0
1275.0 424.0 1327.0 413.0 1345.0 516.0 1293.0 526.0 basketball-court 0
1206.0 437.0 1268.0 425.0 1288.0 529.0 1230.0 541.0 basketball-court 0
1298.0 157.0 1776.0 57.0 1843.0 374.0 1364.0 476.0 soccer-ball-field 0
1138.0 451.0 1203.0 436.0 1227.0 543.0 1164.0 555.0 basketball-court 0
277.0 505.0 754.0 371.0 840.0 690.0 356.0 820.0 soccer-ball-field 0
235.0 903.0 123.0 502.0 893.0 302.0 999.0 703.0 ground-track-field 0
