imagesource:GoogleEarth
gsd:0.121828543773
848.0 1219.0 832.0 1226.0 816.0 1195.0 830.0 1187.0 small-vehicle 1
821.0 1229.0 806.0 1236.0 789.0 1205.0 803.0 1196.0 small-vehicle 1
774.0 1249.0 760.0 1259.0 738.0 1227.0 754.0 1217.0 small-vehicle 1
755.0 124.0 764.0 113.0 790.0 139.0 780.0 149.0 small-vehicle 0
423.0 1164.0 473.0 1138.0 515.0 1222.0 466.0 1247.0 tennis-court 0
861.0 639.0 945.0 598.0 1036.0 775.0 953.0 818.0 tennis-court 0
622.0 754.0 708.0 710.0 800.0 893.0 715.0 935.0 tennis-court 0
488.0 822.0 575.0 781.0 665.0 961.0 577.0 1001.0 tennis-court 0
337.0 897.0 422.0 855.0 511.0 1032.0 425.0 1075.0 tennis-court 0
642.0 377.0 730.0 335.0 820.0 512.0 735.0 556.0 tennis-court 0
507.0 443.0 595.0 401.0 684.0 579.0 597.0 622.0 tennis-court 0
350.0 518.0 439.0 474.0 529.0 655.0 444.0 700.0 tennis-court 0
215.0 586.0 305.0 544.0 393.0 724.0 307.0 768.0 tennis-court 0
