imagesource:GoogleEarth
gsd:0.224802536604
37.0 1414.0 30.0 1420.0 19.0 1404.0 27.0 1398.0 small-vehicle 1
477.0 1206.0 476.0 1196.0 495.0 1193.0 497.0 1202.0 small-vehicle 1
661.0 1435.0 671.0 1436.0 671.0 1452.0 661.0 1453.0 small-vehicle 0
359.0 1415.0 363.0 1421.0 349.0 1430.0 345.0 1421.0 small-vehicle 0
363.0 1425.0 369.0 1434.0 351.0 1442.0 348.0 1433.0 small-vehicle 0
366.0 1438.0 373.0 1446.0 358.0 1454.0 352.0 1445.0 small-vehicle 0
371.0 1451.0 377.0 1459.0 362.0 1464.0 357.0 1456.0 small-vehicle 0
397.0 984.0 405.0 978.0 415.0 995.0 406.0 1000.0 small-vehicle 0
373.0 1058.0 381.0 1051.0 393.0 1072.0 386.0 1077.0 small-vehicle 0
327.0 1036.0 334.0 1029.0 349.0 1046.0 342.0 1052.0 small-vehicle 0
312.0 1135.0 305.0 1140.0 292.0 1123.0 299.0 1117.0 small-vehicle 0
356.0 1404.0 362.0 1415.0 342.0 1424.0 338.0 1413.0 small-vehicle 0
117.0 1291.0 109.0 1296.0 99.0 1279.0 106.0 1274.0 small-vehicle 0
66.0 1173.0 74.0 1169.0 86.0 1187.0 78.0 1194.0 small-vehicle 0
133.0 1374.0 124.0 1368.0 133.0 1350.0 141.0 1355.0 small-vehicle 0
174.0 1348.0 182.0 1352.0 174.0 1370.0 165.0 1367.0 small-vehicle 0
149.0 1352.0 157.0 1358.0 145.0 1375.0 137.0 1369.0 small-vehicle 0
104.0 1255.0 96.0 1250.0 105.0 1231.0 114.0 1236.0 small-vehicle 0
104.0 1360.0 95.0 1352.0 110.0 1331.0 118.0 1338.0 small-vehicle 0
53.0 1233.0 61.0 1238.0 53.0 1254.0 45.0 1249.0 small-vehicle 0
224.0 1359.0 215.0 1351.0 228.0 1331.0 236.0 1338.0 small-vehicle 0
1447.0 1263.0 1471.0 1260.0 1500.0 1269.0 1477.0 1298.0 swimming-pool 0
1242.0 782.0 1261.0 774.0 1292.0 891.0 1270.0 892.0 ground-track-field 0
1184.0 895.0 1308.0 888.0 1316.0 1065.0 1194.0 1078.0 soccer-ball-field 0
646.0 849.0 1132.0 810.0 1152.0 1124.0 667.0 1164.0 soccer-ball-field 0
1332.0 446.0 1665.0 417.0 1710.0 933.0 1374.0 956.0 soccer-ball-field 0
1013.0 448.0 1271.0 430.0 1296.0 783.0 1035.0 798.0 soccer-ball-field 0
512.0 487.0 1007.0 449.0 1029.0 769.0 536.0 806.0 soccer-ball-field 0
512.0 111.0 992.0 75.0 1015.0 374.0 534.0 408.0 soccer-ball-field 0
355.0 1074.0 362.0 1066.0 378.0 1084.0 371.0 1091.0 small-vehicle 1
51.0 1171.0 59.0 1167.0 70.0 1187.0 63.0 1192.0 small-vehicle 1
1286.0 434.0 1296.0 433.0 1297.0 460.0 1289.0 460.0 small-vehicle 0
101.0 1237.0 94.0 1232.0 103.0 1213.0 111.0 1217.0 small-vehicle 1
1031.0 1302.0 1040.0 1297.0 1049.0 1320.0 1041.0 1322.0 small-vehicle 0
777.0 1424.0 786.0 1425.0 787.0 1447.0 778.0 1447.0 small-vehicle 1
721.0 1430.0 730.0 1428.0 734.0 1452.0 725.0 1453.0 small-vehicle 1
31.0 1396.0 38.0 1391.0 50.0 1410.0 43.0 1415.0 small-vehicle 1
99.0 1398.0 107.0 1394.0 117.0 1412.0 110.0 1416.0 small-vehicle 1
79.0 1407.0 74.0 1411.0 59.0 1396.0 67.0 1390.0 small-vehicle 1
255.0 1396.0 263.0 1393.0 273.0 1410.0 264.0 1413.0 small-vehicle 1
244.0 1413.0 251.0 1407.0 264.0 1428.0 254.0 1432.0 small-vehicle 1
166.0 1398.0 173.0 1395.0 183.0 1412.0 175.0 1417.0 small-vehicle 1
53.0 1374.0 43.0 1368.0 54.0 1352.0 64.0 1356.0 small-vehicle 1
36.0 1374.0 28.0 1368.0 39.0 1351.0 47.0 1355.0 small-vehicle 1
93.0 1354.0 83.0 1350.0 94.0 1330.0 103.0 1334.0 small-vehicle 1
80.0 1358.0 70.0 1354.0 79.0 1333.0 88.0 1338.0 small-vehicle 1
57.0 1298.0 65.0 1292.0 76.0 1309.0 69.0 1313.0 small-vehicle 0
686.0 1273.0 696.0 1272.0 698.0 1295.0 690.0 1297.0 small-vehicle 0
761.0 1427.0 769.0 1427.0 769.0 1448.0 760.0 1449.0 small-vehicle 0
114.0 1415.0 120.0 1410.0 132.0 1427.0 126.0 1432.0 small-vehicle 0
34.0 1357.0 25.0 1352.0 39.0 1335.0 48.0 1338.0 small-vehicle 0
67.0 1356.0 57.0 1349.0 70.0 1332.0 78.0 1336.0 small-vehicle 0
88.0 1308.0 81.0 1314.0 70.0 1296.0 75.0 1293.0 small-vehicle 0
119.0 1371.0 111.0 1367.0 118.0 1351.0 128.0 1354.0 small-vehicle 1
110.0 1297.0 118.0 1293.0 129.0 1306.0 121.0 1310.0 small-vehicle 1
85.0 1294.0 92.0 1291.0 101.0 1307.0 94.0 1311.0 small-vehicle 1
51.0 1311.0 44.0 1314.0 32.0 1297.0 39.0 1294.0 small-vehicle 1
44.0 1278.0 52.0 1273.0 62.0 1292.0 54.0 1295.0 small-vehicle 1
91.0 1253.0 83.0 1249.0 90.0 1233.0 99.0 1237.0 small-vehicle 1
144.0 1253.0 133.0 1247.0 145.0 1228.0 154.0 1232.0 small-vehicle 1
8.0 133.0 421.0 98.0 478.0 886.0 55.0 891.0 ground-track-field 0
