imagesource:GoogleEarth
gsd:0.260556057411
879.0 587.0 875.0 594.0 857.0 582.0 861.0 574.0 small-vehicle 0
435.0 64.0 427.0 65.0 421.0 49.0 428.0 44.0 small-vehicle 0
782.0 489.0 774.0 494.0 767.0 480.0 775.0 474.0 small-vehicle 0
760.0 449.0 751.0 450.0 744.0 435.0 752.0 432.0 small-vehicle 0
731.0 367.0 724.0 367.0 721.0 350.0 730.0 349.0 small-vehicle 0
704.0 221.0 695.0 223.0 690.0 203.0 699.0 201.0 small-vehicle 0
684.0 125.0 676.0 127.0 673.0 111.0 680.0 109.0 small-vehicle 0
309.0 101.0 300.0 105.0 294.0 90.0 301.0 86.0 small-vehicle 0
286.0 108.0 280.0 111.0 273.0 97.0 280.0 93.0 small-vehicle 0
329.0 96.0 323.0 99.0 316.0 81.0 323.0 79.0 small-vehicle 0
338.0 91.0 332.0 91.0 330.0 78.0 336.0 76.0 small-vehicle 1
349.0 89.0 344.0 89.0 339.0 75.0 347.0 73.0 small-vehicle 1
360.0 80.0 354.0 82.0 349.0 69.0 354.0 65.0 small-vehicle 1
373.0 79.0 366.0 81.0 359.0 66.0 366.0 62.0 small-vehicle 0
392.0 73.0 383.0 74.0 378.0 59.0 387.0 56.0 small-vehicle 0
244.0 45.0 252.0 43.0 258.0 60.0 250.0 62.0 small-vehicle 0
299.0 35.0 298.0 28.0 315.0 25.0 316.0 33.0 small-vehicle 1
564.0 1094.0 608.0 1087.0 624.0 1176.0 580.0 1182.0 tennis-court 0
493.0 1106.0 539.0 1099.0 555.0 1191.0 508.0 1199.0 tennis-court 0
470.0 1556.0 516.0 1548.0 531.0 1641.0 488.0 1650.0 tennis-court 0
400.0 1569.0 446.0 1561.0 462.0 1653.0 419.0 1662.0 tennis-court 0
444.0 1417.0 490.0 1410.0 507.0 1501.0 462.0 1509.0 tennis-court 0
374.0 1430.0 419.0 1423.0 435.0 1515.0 390.0 1523.0 tennis-court 0
419.0 1280.0 465.0 1271.0 481.0 1363.0 436.0 1370.0 tennis-court 0
351.0 1292.0 396.0 1284.0 411.0 1375.0 365.0 1384.0 tennis-court 0
105.0 217.0 421.0 101.0 642.0 717.0 324.0 835.0 ground-track-field 0
200.0 331.0 436.0 244.0 575.0 615.0 337.0 705.0 soccer-ball-field 0
232.0 771.0 280.0 755.0 309.0 843.0 266.0 860.0 tennis-court 0
172.0 793.0 215.0 778.0 248.0 866.0 204.0 881.0 tennis-court 0
124.0 658.0 166.0 643.0 198.0 731.0 154.0 749.0 tennis-court 0
310.0 15.0 313.0 22.0 298.0 27.0 295.0 22.0 small-vehicle 1
226.0 49.0 232.0 46.0 240.0 63.0 233.0 66.0 small-vehicle 1
817.0 127.0 825.0 126.0 829.0 143.0 820.0 145.0 small-vehicle 0
817.0 376.0 820.0 383.0 805.0 388.0 802.0 380.0 small-vehicle 0
828.0 530.0 836.0 522.0 854.0 542.0 847.0 550.0 small-vehicle 0
77.0 1918.0 64.0 1918.0 65.0 1895.0 79.0 1894.0 small-vehicle 0
883.0 1741.0 879.0 1736.0 887.0 1724.0 892.0 1729.0 small-vehicle 1
874.0 1735.0 868.0 1730.0 881.0 1717.0 886.0 1722.0 small-vehicle 1
858.0 1664.0 864.0 1656.0 879.0 1672.0 874.0 1676.0 small-vehicle 1
792.0 1504.0 799.0 1510.0 784.0 1522.0 778.0 1517.0 small-vehicle 1
779.0 1500.0 772.0 1494.0 787.0 1483.0 792.0 1489.0 small-vehicle 1
760.0 1530.0 765.0 1537.0 753.0 1549.0 746.0 1542.0 small-vehicle 1
725.0 1563.0 731.0 1571.0 718.0 1581.0 710.0 1576.0 small-vehicle 1
614.0 1542.0 621.0 1537.0 632.0 1550.0 626.0 1554.0 small-vehicle 1
637.0 1522.0 644.0 1517.0 653.0 1530.0 647.0 1535.0 small-vehicle 1
736.0 440.0 728.0 442.0 718.0 421.0 727.0 419.0 small-vehicle 1
880.0 361.0 876.0 355.0 892.0 349.0 894.0 355.0 small-vehicle 1
800.0 370.0 795.0 362.0 814.0 354.0 817.0 361.0 small-vehicle 0
205.0 58.0 214.0 54.0 222.0 73.0 213.0 77.0 small-vehicle 1
735.0 278.0 741.0 277.0 745.0 296.0 738.0 296.0 small-vehicle 0
730.0 254.0 736.0 252.0 740.0 269.0 731.0 271.0 small-vehicle 0
688.0 83.0 696.0 79.0 702.0 98.0 694.0 100.0 small-vehicle 0
683.0 61.0 692.0 59.0 695.0 79.0 686.0 80.0 small-vehicle 0
14.0 129.0 20.0 125.0 29.0 141.0 22.0 145.0 small-vehicle 0
237.0 127.0 231.0 129.0 223.0 115.0 232.0 112.0 small-vehicle 1
227.0 129.0 221.0 132.0 214.0 116.0 219.0 111.0 small-vehicle 1
217.0 133.0 210.0 136.0 204.0 121.0 211.0 117.0 small-vehicle 1
206.0 137.0 198.0 140.0 191.0 124.0 199.0 120.0 small-vehicle 1
153.0 155.0 146.0 157.0 140.0 141.0 148.0 138.0 small-vehicle 1
253.0 120.0 247.0 122.0 240.0 109.0 249.0 106.0 small-vehicle 1
185.0 143.0 177.0 146.0 170.0 129.0 179.0 126.0 small-vehicle 0
186.0 65.0 197.0 62.0 203.0 81.0 194.0 84.0 small-vehicle 0
293.0 889.0 660.0 730.0 747.0 932.0 384.0 1094.0 soccer-ball-field 0
