imagesource:GoogleEarth
gsd:0.110071726694
2029.0 358.0 2401.0 698.0 1839.0 1320.0 1465.0 969.0 basketball-court 0
257.0 1320.0 421.0 807.0 1286.0 1073.0 1099.0 1629.0 basketball-court 0
191.0 559.0 1234.0 893.0 1219.0 955.0 172.0 617.0 ground-track-field 0
2442.0 790.0 2520.0 859.0 2369.0 1022.0 2294.0 952.0 tennis-court 0
2555.0 888.0 2632.0 962.0 2482.0 1125.0 2404.0 1055.0 tennis-court 0
2666.0 993.0 2746.0 1064.0 2597.0 1229.0 2518.0 1156.0 tennis-court 0
106.0 174.0 86.0 168.0 100.0 126.0 117.0 131.0 small-vehicle 0
340.0 42.0 345.0 22.0 388.0 36.0 383.0 52.0 small-vehicle 0
318.0 242.0 313.0 259.0 274.0 245.0 281.0 226.0 small-vehicle 0
126.0 139.0 142.0 146.0 127.0 184.0 111.0 176.0 small-vehicle 0
154.0 194.0 137.0 188.0 147.0 154.0 162.0 158.0 small-vehicle 0
172.0 155.0 186.0 159.0 176.0 192.0 162.0 186.0 small-vehicle 0
201.0 207.0 185.0 202.0 193.0 168.0 208.0 170.0 small-vehicle 0
215.0 167.0 231.0 173.0 220.0 208.0 203.0 202.0 small-vehicle 0
1146.0 48.0 1173.0 58.0 1155.0 100.0 1135.0 89.0 small-vehicle 0
243.0 3.0 261.0 7.0 247.0 45.0 232.0 39.0 small-vehicle 1
218.0 3.0 236.0 8.0 227.0 36.0 209.0 29.0 small-vehicle 1
241.0 165.0 219.0 161.0 229.0 120.0 251.0 124.0 small-vehicle 1
286.0 222.0 293.0 206.0 327.0 223.0 321.0 240.0 small-vehicle 1
320.0 262.0 310.0 281.0 267.0 266.0 273.0 248.0 small-vehicle 1
2246.0 1038.0 2233.0 1050.0 2211.0 1029.0 2222.0 1017.0 small-vehicle 1
903.0 527.0 1181.0 615.0 1114.0 828.0 832.0 735.0 basketball-court 0
