imagesource:GoogleEarth
gsd:0.232331160124
1420.0 1439.0 1432.0 1444.0 1420.0 1466.0 1411.0 1461.0 small-vehicle 0
724.0 69.0 730.0 62.0 744.0 72.0 741.0 78.0 small-vehicle 1
292.0 315.0 283.0 317.0 279.0 298.0 288.0 294.0 small-vehicle 1
151.0 253.0 153.0 246.0 173.0 253.0 170.0 261.0 small-vehicle 1
130.0 245.0 132.0 237.0 150.0 247.0 146.0 255.0 small-vehicle 1
104.0 233.0 106.0 228.0 127.0 235.0 124.0 242.0 small-vehicle 1
127.0 216.0 129.0 207.0 148.0 215.0 145.0 225.0 small-vehicle 1
101.0 207.0 104.0 197.0 122.0 206.0 119.0 214.0 small-vehicle 1
50.0 184.0 54.0 177.0 73.0 185.0 70.0 192.0 small-vehicle 1
6.0 168.0 9.0 159.0 28.0 166.0 25.0 176.0 small-vehicle 1
746.0 80.0 748.0 70.0 767.0 83.0 764.0 88.0 small-vehicle 1
893.0 19.0 901.0 22.0 896.0 41.0 887.0 40.0 small-vehicle 1
105.0 225.0 100.0 235.0 80.0 226.0 83.0 216.0 small-vehicle 0
640.0 34.0 643.0 29.0 664.0 39.0 661.0 45.0 small-vehicle 1
616.0 55.0 621.0 48.0 638.0 56.0 635.0 65.0 small-vehicle 1
685.0 54.0 688.0 46.0 706.0 57.0 703.0 63.0 small-vehicle 1
509.0 11.0 514.0 2.0 535.0 13.0 529.0 22.0 small-vehicle 1
333.0 1245.0 323.0 1242.0 330.0 1224.0 339.0 1230.0 small-vehicle 0
315.0 1318.0 307.0 1315.0 308.0 1299.0 318.0 1298.0 small-vehicle 0
306.0 1168.0 294.0 1163.0 301.0 1145.0 311.0 1148.0 small-vehicle 0
318.0 1169.0 309.0 1165.0 314.0 1149.0 324.0 1153.0 small-vehicle 0
291.0 1104.0 283.0 1104.0 281.0 1083.0 292.0 1082.0 small-vehicle 0
267.0 310.0 260.0 313.0 255.0 296.0 262.0 294.0 small-vehicle 1
45.0 202.0 42.0 210.0 26.0 205.0 26.0 196.0 small-vehicle 0
1431.0 1521.0 1436.0 1512.0 1455.0 1524.0 1450.0 1532.0 small-vehicle 1
143.0 534.0 146.0 526.0 166.0 534.0 162.0 543.0 small-vehicle 1
687.0 595.0 695.0 597.0 688.0 617.0 683.0 615.0 small-vehicle 1
698.0 564.0 706.0 565.0 698.0 587.0 688.0 584.0 small-vehicle 1
12.0 752.0 2.0 746.0 10.0 725.0 22.0 729.0 small-vehicle 1
38.0 725.0 47.0 728.0 38.0 752.0 31.0 750.0 small-vehicle 1
24.0 760.0 34.0 763.0 24.0 783.0 16.0 780.0 small-vehicle 0
39.0 646.0 29.0 643.0 36.0 623.0 47.0 627.0 small-vehicle 0
63.0 591.0 61.0 599.0 39.0 592.0 41.0 585.0 small-vehicle 0
54.0 656.0 46.0 653.0 52.0 632.0 61.0 635.0 small-vehicle 0
44.0 679.0 35.0 674.0 45.0 655.0 55.0 659.0 small-vehicle 1
87.0 580.0 78.0 576.0 84.0 558.0 93.0 561.0 small-vehicle 1
238.0 234.0 244.0 237.0 238.0 254.0 232.0 250.0 small-vehicle 0
195.0 460.0 192.0 468.0 173.0 464.0 176.0 453.0 small-vehicle 1
99.0 475.0 90.0 469.0 97.0 451.0 104.0 453.0 small-vehicle 1
237.0 373.0 232.0 381.0 213.0 371.0 216.0 363.0 small-vehicle 0
247.0 361.0 246.0 372.0 212.0 360.0 216.0 349.0 small-vehicle 0
305.0 322.0 295.0 324.0 290.0 302.0 300.0 299.0 small-vehicle 0
279.0 315.0 271.0 315.0 269.0 297.0 276.0 294.0 small-vehicle 0
265.0 246.0 273.0 249.0 266.0 266.0 259.0 263.0 small-vehicle 0
254.0 246.0 262.0 249.0 255.0 265.0 248.0 260.0 small-vehicle 0
247.0 237.0 255.0 241.0 248.0 256.0 240.0 254.0 small-vehicle 0
275.0 1105.0 266.0 1101.0 270.0 1084.0 278.0 1084.0 small-vehicle 0
643.0 750.0 631.0 748.0 639.0 726.0 648.0 728.0 small-vehicle 0
781.0 111.0 776.0 121.0 755.0 113.0 758.0 105.0 small-vehicle 0
1000.0 1443.0 1048.0 1462.0 1005.0 1559.0 956.0 1538.0 tennis-court 0
1655.0 1116.0 1644.0 1116.0 1645.0 1093.0 1654.0 1094.0 small-vehicle 0
1637.0 1164.0 1630.0 1161.0 1636.0 1143.0 1643.0 1146.0 small-vehicle 0
1603.0 1243.0 1592.0 1238.0 1605.0 1208.0 1616.0 1213.0 large-vehicle 0
655.0 1484.0 651.0 1496.0 623.0 1484.0 626.0 1474.0 large-vehicle 0
510.0 1198.0 496.0 1192.0 514.0 1143.0 528.0 1147.0 large-vehicle 0
973.0 1245.0 970.0 1230.0 997.0 1230.0 996.0 1244.0 bridge 0
1231.0 1541.0 1274.0 1560.0 1239.0 1656.0 1190.0 1638.0 tennis-court 1
1154.0 1510.0 1200.0 1528.0 1160.0 1624.0 1113.0 1606.0 tennis-court 0
1072.0 1472.0 1119.0 1493.0 1076.0 1589.0 1030.0 1570.0 tennis-court 0
926.0 1413.0 975.0 1433.0 933.0 1530.0 886.0 1509.0 tennis-court 0
616.0 49.0 614.0 57.0 597.0 49.0 601.0 40.0 small-vehicle 0
854.0 1383.0 900.0 1403.0 860.0 1499.0 812.0 1479.0 tennis-court 0
1263.0 1374.0 1310.0 1395.0 1268.0 1490.0 1222.0 1471.0 tennis-court 0
1068.0 1292.0 1114.0 1312.0 1073.0 1410.0 1025.0 1388.0 tennis-court 0
993.0 1261.0 1040.0 1283.0 999.0 1378.0 953.0 1357.0 tennis-court 0
921.0 1230.0 968.0 1249.0 925.0 1346.0 879.0 1326.0 tennis-court 0
1171.0 817.0 1417.0 914.0 1255.0 1297.0 1014.0 1202.0 soccer-ball-field 0
1381.0 420.0 1625.0 519.0 1476.0 884.0 1233.0 784.0 soccer-ball-field 0
1098.0 308.0 1344.0 408.0 1194.0 769.0 952.0 671.0 soccer-ball-field 0
775.0 652.0 1068.0 767.0 905.0 1164.0 613.0 1048.0 soccer-ball-field 0
1662.0 1093.0 1653.0 1089.0 1659.0 1070.0 1668.0 1073.0 small-vehicle 0
1644.0 224.0 1635.0 219.0 1642.0 198.0 1652.0 202.0 small-vehicle 0
1541.0 157.0 1549.0 161.0 1542.0 180.0 1534.0 178.0 small-vehicle 0
1562.0 193.0 1552.0 187.0 1560.0 165.0 1570.0 168.0 small-vehicle 0
606.0 13.0 601.0 21.0 583.0 12.0 586.0 3.0 small-vehicle 0
991.0 1688.0 1002.0 1693.0 992.0 1716.0 981.0 1711.0 small-vehicle 0
979.0 1705.0 970.0 1701.0 976.0 1681.0 986.0 1684.0 small-vehicle 0
1422.0 1481.0 1419.0 1490.0 1400.0 1482.0 1404.0 1473.0 small-vehicle 1
1442.0 1490.0 1438.0 1498.0 1420.0 1490.0 1424.0 1482.0 small-vehicle 1
1621.0 1591.0 1618.0 1600.0 1599.0 1592.0 1602.0 1583.0 small-vehicle 0
1571.0 1570.0 1567.0 1577.0 1548.0 1571.0 1550.0 1561.0 small-vehicle 0
1480.0 1532.0 1476.0 1540.0 1455.0 1531.0 1458.0 1522.0 small-vehicle 0
1353.0 1474.0 1345.0 1470.0 1352.0 1454.0 1359.0 1457.0 small-vehicle 1
1363.0 1453.0 1354.0 1450.0 1360.0 1430.0 1368.0 1433.0 small-vehicle 0
1376.0 1425.0 1366.0 1421.0 1375.0 1400.0 1383.0 1403.0 small-vehicle 0
1672.0 1416.0 1675.0 1408.0 1694.0 1416.0 1691.0 1425.0 small-vehicle 0
1644.0 1406.0 1648.0 1396.0 1669.0 1405.0 1666.0 1415.0 small-vehicle 0
1618.0 1396.0 1622.0 1386.0 1644.0 1395.0 1639.0 1405.0 small-vehicle 0
1463.0 1332.0 1466.0 1323.0 1485.0 1330.0 1481.0 1339.0 small-vehicle 0
1607.0 206.0 1597.0 204.0 1599.0 184.0 1608.0 184.0 small-vehicle 0
1582.0 199.0 1573.0 195.0 1580.0 176.0 1589.0 179.0 small-vehicle 0
1378.0 118.0 1369.0 114.0 1377.0 95.0 1385.0 98.0 small-vehicle 0
1358.0 81.0 1368.0 84.0 1359.0 113.0 1349.0 109.0 small-vehicle 0
679.0 618.0 690.0 621.0 680.0 645.0 673.0 638.0 small-vehicle 1
661.0 673.0 671.0 676.0 661.0 697.0 653.0 694.0 small-vehicle 1
587.0 884.0 576.0 878.0 584.0 856.0 595.0 860.0 small-vehicle 1
1348.0 101.0 1341.0 96.0 1349.0 80.0 1355.0 83.0 small-vehicle 0
1532.0 178.0 1522.0 174.0 1529.0 153.0 1539.0 155.0 small-vehicle 1
1473.0 153.0 1463.0 149.0 1469.0 131.0 1478.0 135.0 small-vehicle 1
1461.0 148.0 1452.0 144.0 1458.0 127.0 1467.0 129.0 small-vehicle 1
1593.0 21.0 1607.0 25.0 1604.0 40.0 1590.0 36.0 swimming-pool 0
1605.0 86.0 1600.0 100.0 1617.0 106.0 1621.0 91.0 swimming-pool 0
1551.0 185.0 1541.0 181.0 1549.0 166.0 1556.0 169.0 small-vehicle 0
1502.0 165.0 1493.0 162.0 1497.0 144.0 1506.0 145.0 small-vehicle 0
1441.0 138.0 1432.0 134.0 1440.0 118.0 1447.0 121.0 small-vehicle 0
1422.0 132.0 1414.0 128.0 1420.0 111.0 1428.0 116.0 small-vehicle 0
1403.0 124.0 1393.0 120.0 1399.0 102.0 1408.0 105.0 small-vehicle 0
1190.0 1708.0 1193.0 1701.0 1210.0 1707.0 1207.0 1714.0 small-vehicle 0
1038.0 60.0 1027.0 59.0 1032.0 36.0 1041.0 38.0 small-vehicle 0
1171.0 1300.0 1174.0 1291.0 1195.0 1301.0 1191.0 1310.0 small-vehicle 0
1242.0 1731.0 1245.0 1723.0 1263.0 1729.0 1261.0 1738.0 small-vehicle 1
1143.0 1690.0 1146.0 1681.0 1165.0 1691.0 1161.0 1699.0 small-vehicle 1
1111.0 1678.0 1115.0 1669.0 1132.0 1674.0 1128.0 1684.0 small-vehicle 1
903.0 1687.0 900.0 1695.0 881.0 1687.0 882.0 1680.0 small-vehicle 1
944.0 1669.0 955.0 1674.0 944.0 1693.0 937.0 1688.0 small-vehicle 1
932.0 1687.0 923.0 1682.0 930.0 1667.0 938.0 1669.0 small-vehicle 1
911.0 1677.0 903.0 1674.0 910.0 1656.0 918.0 1657.0 small-vehicle 1
1573.0 190.0 1564.0 187.0 1570.0 169.0 1578.0 173.0 small-vehicle 1
1618.0 207.0 1608.0 205.0 1614.0 189.0 1622.0 190.0 small-vehicle 1
1668.0 232.0 1656.0 228.0 1663.0 206.0 1673.0 210.0 small-vehicle 1
1640.0 940.0 1637.0 948.0 1616.0 940.0 1621.0 930.0 small-vehicle 1
1523.0 1566.0 1524.0 1558.0 1540.0 1562.0 1537.0 1570.0 small-vehicle 1
1481.0 1541.0 1484.0 1535.0 1507.0 1542.0 1505.0 1552.0 small-vehicle 1
1616.0 1422.0 1618.0 1413.0 1641.0 1425.0 1635.0 1432.0 small-vehicle 1
1589.0 1412.0 1592.0 1403.0 1610.0 1410.0 1606.0 1418.0 small-vehicle 1
1514.0 1383.0 1517.0 1374.0 1539.0 1383.0 1534.0 1391.0 small-vehicle 0
1599.0 1386.0 1602.0 1379.0 1617.0 1387.0 1613.0 1394.0 small-vehicle 0
1583.0 1325.0 1593.0 1329.0 1583.0 1351.0 1574.0 1348.0 small-vehicle 0
1594.0 1301.0 1602.0 1305.0 1593.0 1324.0 1585.0 1320.0 small-vehicle 0
1626.0 1224.0 1635.0 1227.0 1624.0 1249.0 1616.0 1244.0 small-vehicle 0
1488.0 1341.0 1491.0 1331.0 1511.0 1341.0 1507.0 1348.0 small-vehicle 1
1425.0 1316.0 1429.0 1308.0 1449.0 1316.0 1444.0 1327.0 small-vehicle 1
1590.0 1240.0 1601.0 1244.0 1589.0 1266.0 1581.0 1260.0 small-vehicle 1
1685.0 1179.0 1694.0 1185.0 1682.0 1204.0 1672.0 1197.0 small-vehicle 1
1673.0 1175.0 1681.0 1181.0 1668.0 1198.0 1661.0 1192.0 small-vehicle 1
1628.0 1161.0 1638.0 1164.0 1629.0 1183.0 1620.0 1179.0 small-vehicle 1
1648.0 1139.0 1639.0 1137.0 1643.0 1115.0 1654.0 1116.0 small-vehicle 1
1668.0 1122.0 1677.0 1126.0 1669.0 1147.0 1660.0 1143.0 small-vehicle 1
1687.0 1090.0 1678.0 1085.0 1688.0 1069.0 1697.0 1074.0 small-vehicle 1
1660.0 1033.0 1662.0 1025.0 1686.0 1033.0 1682.0 1043.0 small-vehicle 1
885.0 1666.0 878.0 1662.0 884.0 1644.0 894.0 1648.0 small-vehicle 1
1168.0 1698.0 1170.0 1691.0 1189.0 1700.0 1185.0 1705.0 small-vehicle 0
488.0 1006.0 491.0 999.0 508.0 1008.0 505.0 1014.0 small-vehicle 1
662.0 1211.0 665.0 1204.0 684.0 1213.0 680.0 1219.0 small-vehicle 1
281.0 1201.0 289.0 1201.0 285.0 1224.0 278.0 1223.0 small-vehicle 1
279.0 1228.0 288.0 1233.0 278.0 1249.0 271.0 1247.0 small-vehicle 1
253.0 1219.0 263.0 1221.0 258.0 1242.0 247.0 1239.0 small-vehicle 1
239.0 1213.0 250.0 1214.0 241.0 1236.0 234.0 1234.0 small-vehicle 1
262.0 1191.0 274.0 1196.0 261.0 1221.0 252.0 1219.0 small-vehicle 1
520.0 1252.0 523.0 1243.0 548.0 1255.0 544.0 1262.0 small-vehicle 1
644.0 1253.0 646.0 1245.0 666.0 1251.0 663.0 1258.0 small-vehicle 1
647.0 1239.0 649.0 1230.0 671.0 1238.0 668.0 1245.0 small-vehicle 1
655.0 1226.0 660.0 1218.0 677.0 1226.0 675.0 1234.0 small-vehicle 1
544.0 1187.0 548.0 1178.0 566.0 1185.0 562.0 1194.0 small-vehicle 1
38.0 1659.0 41.0 1653.0 61.0 1663.0 56.0 1670.0 small-vehicle 0
350.0 1158.0 361.0 1159.0 354.0 1182.0 345.0 1180.0 small-vehicle 1
331.0 1152.0 339.0 1153.0 330.0 1179.0 323.0 1175.0 small-vehicle 1
290.0 1162.0 283.0 1157.0 291.0 1137.0 301.0 1141.0 small-vehicle 1
300.0 1167.0 308.0 1168.0 300.0 1189.0 293.0 1188.0 small-vehicle 1
211.0 1153.0 217.0 1147.0 235.0 1165.0 229.0 1169.0 small-vehicle 1
215.0 1139.0 220.0 1134.0 238.0 1150.0 234.0 1155.0 small-vehicle 1
297.0 1081.0 306.0 1082.0 303.0 1100.0 295.0 1101.0 small-vehicle 1
482.0 1029.0 485.0 1022.0 503.0 1031.0 499.0 1037.0 small-vehicle 1
484.0 1018.0 487.0 1011.0 507.0 1019.0 504.0 1027.0 small-vehicle 1
294.0 1208.0 304.0 1210.0 298.0 1232.0 289.0 1229.0 small-vehicle 1
304.0 1236.0 310.0 1239.0 302.0 1259.0 297.0 1258.0 small-vehicle 1
391.0 1272.0 399.0 1274.0 389.0 1295.0 381.0 1293.0 small-vehicle 1
603.0 1348.0 607.0 1339.0 627.0 1348.0 621.0 1355.0 small-vehicle 1
10.0 1649.0 13.0 1640.0 37.0 1650.0 32.0 1659.0 small-vehicle 1
82.0 1682.0 86.0 1675.0 112.0 1686.0 107.0 1693.0 small-vehicle 1
767.0 1556.0 771.0 1548.0 789.0 1555.0 784.0 1563.0 small-vehicle 1
687.0 1524.0 691.0 1515.0 715.0 1525.0 712.0 1533.0 small-vehicle 1
570.0 1476.0 574.0 1468.0 589.0 1475.0 585.0 1483.0 small-vehicle 1
421.0 1541.0 424.0 1534.0 444.0 1541.0 442.0 1547.0 small-vehicle 0
652.0 1509.0 655.0 1499.0 677.0 1510.0 673.0 1519.0 small-vehicle 0
504.0 1332.0 501.0 1341.0 485.0 1335.0 486.0 1327.0 small-vehicle 0
241.0 1288.0 234.0 1283.0 239.0 1264.0 249.0 1265.0 small-vehicle 0
287.0 1307.0 278.0 1301.0 286.0 1285.0 295.0 1288.0 small-vehicle 0
369.0 1426.0 363.0 1424.0 370.0 1402.0 379.0 1405.0 small-vehicle 0
330.0 1410.0 321.0 1405.0 331.0 1387.0 338.0 1388.0 small-vehicle 1
237.0 1375.0 229.0 1372.0 236.0 1348.0 242.0 1349.0 small-vehicle 1
201.0 1358.0 195.0 1356.0 200.0 1338.0 207.0 1339.0 small-vehicle 1
115.0 1319.0 107.0 1317.0 112.0 1295.0 119.0 1298.0 small-vehicle 1
100.0 1318.0 93.0 1315.0 99.0 1296.0 108.0 1299.0 small-vehicle 1
75.0 1304.0 65.0 1301.0 70.0 1282.0 77.0 1281.0 small-vehicle 1
14.0 1286.0 7.0 1282.0 15.0 1265.0 24.0 1268.0 small-vehicle 1
342.0 1226.0 351.0 1227.0 343.0 1252.0 334.0 1249.0 small-vehicle 1
322.0 447.0 597.0 556.0 421.0 985.0 149.0 872.0 soccer-ball-field 0
