imagesource:GoogleEarth
gsd:0.245048089316
869.0 1178.0 862.0 1170.0 879.0 1159.0 885.0 1166.0 small-vehicle 0
631.0 863.0 626.0 855.0 639.0 843.0 646.0 852.0 small-vehicle 1
669.0 834.0 664.0 826.0 677.0 815.0 685.0 820.0 small-vehicle 1
694.0 818.0 689.0 811.0 701.0 802.0 707.0 807.0 small-vehicle 1
717.0 790.0 723.0 797.0 710.0 809.0 702.0 801.0 small-vehicle 1
739.0 776.0 744.0 786.0 728.0 796.0 722.0 788.0 small-vehicle 1
82.0 844.0 92.0 845.0 90.0 863.0 82.0 863.0 small-vehicle 1
676.0 940.0 685.0 936.0 692.0 952.0 684.0 956.0 small-vehicle 0
662.0 944.0 667.0 939.0 679.0 956.0 674.0 960.0 small-vehicle 0
834.0 965.0 830.0 959.0 844.0 949.0 849.0 956.0 small-vehicle 0
828.0 956.0 823.0 947.0 838.0 936.0 846.0 944.0 small-vehicle 0
786.0 767.0 780.0 760.0 798.0 747.0 804.0 754.0 small-vehicle 0
733.0 823.0 726.0 817.0 741.0 806.0 747.0 813.0 small-vehicle 0
754.0 17.0 752.0 10.0 779.0 7.0 778.0 14.0 small-vehicle 1
462.0 53.0 462.0 44.0 483.0 43.0 484.0 51.0 small-vehicle 1
559.0 1522.0 604.0 1506.0 637.0 1596.0 591.0 1614.0 tennis-court 0
489.0 1545.0 534.0 1529.0 566.0 1623.0 520.0 1638.0 tennis-court 0
508.0 1380.0 551.0 1367.0 586.0 1455.0 542.0 1471.0 tennis-court 1
438.0 1404.0 481.0 1389.0 514.0 1482.0 471.0 1498.0 tennis-court 0
619.0 1067.0 661.0 1055.0 688.0 1141.0 650.0 1155.0 tennis-court 1
548.0 1094.0 594.0 1078.0 625.0 1169.0 582.0 1187.0 tennis-court 0
477.0 1116.0 522.0 1101.0 553.0 1196.0 509.0 1211.0 tennis-court 0
409.0 1143.0 452.0 1127.0 483.0 1218.0 439.0 1236.0 tennis-court 0
333.0 1180.0 379.0 1165.0 411.0 1257.0 368.0 1273.0 tennis-court 0
67.0 252.0 434.0 207.0 512.0 921.0 152.0 958.0 ground-track-field 0
123.0 384.0 413.0 353.0 467.0 793.0 173.0 826.0 soccer-ball-field 0
935.0 573.0 1112.0 509.0 1032.0 359.0 893.0 414.0 baseball-diamond 0
672.0 859.0 669.0 852.0 682.0 843.0 689.0 848.0 small-vehicle 1
700.0 951.0 709.0 952.0 704.0 973.0 694.0 970.0 small-vehicle 1
1055.0 1302.0 1047.0 1309.0 1038.0 1290.0 1047.0 1285.0 small-vehicle 0
719.0 989.0 714.0 980.0 734.0 969.0 741.0 975.0 small-vehicle 1
169.0 1381.0 167.0 1374.0 186.0 1368.0 188.0 1374.0 small-vehicle 0
917.0 669.0 922.0 678.0 904.0 690.0 899.0 682.0 small-vehicle 1
1017.0 628.0 1023.0 634.0 1007.0 647.0 1001.0 640.0 small-vehicle 1
1041.0 612.0 1047.0 619.0 1033.0 629.0 1028.0 621.0 small-vehicle 1
951.0 645.0 958.0 649.0 942.0 666.0 936.0 659.0 small-vehicle 1
953.0 673.0 958.0 682.0 944.0 692.0 940.0 685.0 small-vehicle 0
982.0 1154.0 990.0 1150.0 1003.0 1171.0 995.0 1175.0 small-vehicle 0
631.0 1387.0 627.0 1379.0 643.0 1369.0 648.0 1373.0 small-vehicle 0
161.0 1389.0 149.0 1390.0 144.0 1368.0 157.0 1365.0 small-vehicle 0
846.0 1101.0 848.0 1108.0 832.0 1116.0 829.0 1108.0 small-vehicle 0
835.0 1079.0 839.0 1087.0 820.0 1098.0 815.0 1091.0 small-vehicle 0
816.0 1084.0 810.0 1079.0 822.0 1066.0 828.0 1072.0 small-vehicle 0
807.0 1074.0 804.0 1064.0 818.0 1060.0 822.0 1065.0 small-vehicle 1
795.0 1054.0 789.0 1046.0 805.0 1038.0 811.0 1045.0 small-vehicle 0
834.0 1024.0 828.0 1016.0 847.0 1005.0 853.0 1013.0 small-vehicle 0
691.0 1030.0 685.0 1023.0 706.0 1010.0 709.0 1017.0 small-vehicle 0
770.0 1073.0 766.0 1064.0 782.0 1057.0 788.0 1063.0 small-vehicle 1
801.0 1063.0 797.0 1057.0 811.0 1047.0 817.0 1051.0 small-vehicle 1
751.0 981.0 748.0 973.0 767.0 959.0 772.0 967.0 small-vehicle 1
758.0 990.0 754.0 982.0 770.0 970.0 775.0 978.0 small-vehicle 1
767.0 999.0 762.0 992.0 776.0 981.0 782.0 985.0 small-vehicle 1
748.0 969.0 742.0 963.0 756.0 952.0 763.0 958.0 small-vehicle 1
751.0 998.0 757.0 1006.0 742.0 1017.0 735.0 1013.0 small-vehicle 1
730.0 1007.0 725.0 1000.0 747.0 989.0 752.0 996.0 small-vehicle 1
728.0 996.0 723.0 990.0 742.0 976.0 747.0 984.0 small-vehicle 1
563.0 168.0 816.0 138.0 863.0 544.0 606.0 574.0 soccer-ball-field 0
