imagesource:GoogleEarth
gsd:0.113068841441
461.0 1410.0 459.0 1423.0 426.0 1419.0 428.0 1405.0 small-vehicle 0
1445.0 123.0 1444.0 106.0 1481.0 106.0 1482.0 123.0 small-vehicle 0
168.0 1231.0 167.0 1248.0 115.0 1247.0 116.0 1226.0 large-vehicle 0
2035.0 58.0 2034.0 42.0 2074.0 42.0 2076.0 58.0 small-vehicle 0
1452.0 1.0 1470.0 1.0 1470.0 40.0 1452.0 39.0 small-vehicle 0
1520.0 0.0 1538.0 0.0 1540.0 41.0 1521.0 42.0 small-vehicle 0
1429.0 1.0 1446.0 2.0 1444.0 33.0 1430.0 33.0 small-vehicle 0
1945.0 97.0 1946.0 116.0 1898.0 118.0 1897.0 100.0 small-vehicle 0
1881.0 100.0 1879.0 117.0 1843.0 117.0 1841.0 98.0 small-vehicle 0
1868.0 65.0 1865.0 44.0 1930.0 43.0 1933.0 65.0 large-vehicle 0
1550.0 103.0 1551.0 124.0 1509.0 126.0 1508.0 107.0 small-vehicle 0
1597.0 106.0 1597.0 123.0 1557.0 123.0 1557.0 104.0 small-vehicle 0
1438.0 104.0 1438.0 123.0 1396.0 122.0 1396.0 102.0 small-vehicle 0
464.0 1387.0 463.0 1399.0 430.0 1395.0 432.0 1381.0 small-vehicle 0
1381.0 106.0 1380.0 125.0 1342.0 122.0 1341.0 105.0 small-vehicle 0
1175.0 106.0 1173.0 125.0 1140.0 123.0 1139.0 105.0 small-vehicle 0
1124.0 108.0 1122.0 122.0 1091.0 122.0 1090.0 107.0 small-vehicle 0
1080.0 110.0 1079.0 125.0 1044.0 121.0 1045.0 105.0 small-vehicle 0
468.0 1779.0 477.0 1678.0 689.0 1692.0 683.0 1792.0 tennis-court 0
687.0 1375.0 790.0 1381.0 777.0 1597.0 675.0 1591.0 tennis-court 0
536.0 1366.0 637.0 1372.0 626.0 1588.0 523.0 1580.0 tennis-court 0
263.0 1526.0 364.0 1531.0 349.0 1746.0 248.0 1740.0 tennis-court 0
1365.0 255.0 2129.0 307.0 2028.0 1798.0 1289.0 1754.0 ground-track-field 0
1395.0 526.0 2041.0 557.0 1997.0 1493.0 1354.0 1460.0 soccer-ball-field 0
289.0 1315.0 315.0 1316.0 315.0 1373.0 290.0 1374.0 large-vehicle 0
327.0 1328.0 344.0 1328.0 345.0 1369.0 328.0 1369.0 small-vehicle 0
146.0 1655.0 152.0 1640.0 186.0 1654.0 180.0 1668.0 small-vehicle 0
777.0 1958.0 781.0 1977.0 746.0 1979.0 742.0 1957.0 small-vehicle 0
127.0 1716.0 107.0 1722.0 98.0 1677.0 117.0 1674.0 small-vehicle 0
366.0 1332.0 384.0 1334.0 373.0 1381.0 354.0 1376.0 small-vehicle 0
2304.0 428.0 2303.0 408.0 2345.0 408.0 2347.0 425.0 small-vehicle 1
1936.0 59.0 1936.0 42.0 1964.0 42.0 1964.0 57.0 small-vehicle 0
1651.0 59.0 1650.0 44.0 1683.0 47.0 1684.0 58.0 small-vehicle 0
1330.0 62.0 1330.0 45.0 1369.0 48.0 1369.0 62.0 small-vehicle 0
1208.0 46.0 1193.0 47.0 1191.0 10.0 1205.0 8.0 small-vehicle 0
797.0 1133.0 797.0 1155.0 752.0 1152.0 751.0 1130.0 small-vehicle 0
667.0 1946.0 675.0 1934.0 705.0 1952.0 699.0 1966.0 small-vehicle 1
369.0 1465.0 355.0 1460.0 360.0 1428.0 375.0 1427.0 small-vehicle 1
350.0 1459.0 335.0 1460.0 333.0 1421.0 348.0 1421.0 small-vehicle 1
323.0 1461.0 309.0 1460.0 308.0 1424.0 323.0 1423.0 small-vehicle 1
274.0 1453.0 260.0 1453.0 260.0 1417.0 274.0 1417.0 small-vehicle 1
2191.0 1950.0 2192.0 1926.0 2234.0 1931.0 2233.0 1950.0 small-vehicle 0
2195.0 1769.0 2193.0 1749.0 2232.0 1750.0 2234.0 1767.0 small-vehicle 0
2204.0 1639.0 2227.0 1644.0 2223.0 1683.0 2198.0 1681.0 small-vehicle 0
2266.0 51.0 2263.0 28.0 2305.0 29.0 2306.0 50.0 small-vehicle 0
2182.0 22.0 2189.0 4.0 2225.0 21.0 2219.0 36.0 small-vehicle 0
1751.0 102.0 1756.0 123.0 1715.0 124.0 1716.0 101.0 small-vehicle 0
1172.0 2020.0 1166.0 2006.0 1202.0 2001.0 1204.0 2020.0 small-vehicle 0
1183.0 1958.0 1180.0 1941.0 1212.0 1941.0 1213.0 1961.0 small-vehicle 0
606.0 337.0 1265.0 367.0 1245.0 843.0 582.0 814.0 soccer-ball-field 0
