imagesource:GoogleEarth
gsd:0.116107179324
432.0 1093.0 433.0 1079.0 467.0 1082.0 465.0 1097.0 small-vehicle 0
535.0 475.0 631.0 486.0 606.0 695.0 510.0 684.0 tennis-court 0
416.0 126.0 513.0 139.0 491.0 343.0 387.0 333.0 tennis-court 0
575.0 145.0 674.0 156.0 649.0 364.0 549.0 350.0 tennis-court 0
733.0 161.0 834.0 176.0 809.0 383.0 710.0 371.0 tennis-court 0
887.0 180.0 979.0 192.0 963.0 402.0 862.0 387.0 tennis-court 0
212.0 478.0 315.0 492.0 287.0 703.0 186.0 689.0 tennis-court 0
377.0 457.0 478.0 466.0 451.0 677.0 350.0 668.0 tennis-court 0
694.0 495.0 791.0 507.0 765.0 715.0 669.0 701.0 tennis-court 0
689.0 1112.0 690.0 1094.0 731.0 1099.0 726.0 1118.0 small-vehicle 0
849.0 515.0 947.0 526.0 926.0 732.0 825.0 721.0 tennis-court 0
105.0 996.0 102.0 1011.0 67.0 1008.0 67.0 991.0 small-vehicle 0
172.0 1023.0 174.0 1006.0 208.0 1011.0 208.0 1027.0 small-vehicle 0
304.0 1034.0 306.0 1020.0 344.0 1026.0 343.0 1040.0 small-vehicle 0
414.0 1044.0 417.0 1027.0 454.0 1034.0 451.0 1050.0 small-vehicle 0
1108.0 768.0 1092.0 761.0 1104.0 725.0 1122.0 731.0 small-vehicle 1
249.0 166.0 348.0 177.0 323.0 386.0 224.0 375.0 tennis-court 0
