imagesource:GoogleEarth
gsd:0.220307662701
1377.0 849.0 1381.0 842.0 1396.0 849.0 1392.0 857.0 small-vehicle 0
385.0 330.0 394.0 327.0 398.0 349.0 388.0 351.0 small-vehicle 1
207.0 369.0 216.0 369.0 215.0 387.0 206.0 387.0 small-vehicle 1
239.0 411.0 239.0 402.0 261.0 402.0 261.0 410.0 small-vehicle 1
280.0 384.0 279.0 375.0 303.0 370.0 307.0 378.0 small-vehicle 1
288.0 397.0 285.0 388.0 310.0 379.0 314.0 390.0 small-vehicle 1
346.0 372.0 337.0 376.0 332.0 361.0 340.0 357.0 small-vehicle 1
374.0 335.0 381.0 333.0 387.0 352.0 377.0 354.0 small-vehicle 1
196.0 369.0 205.0 367.0 206.0 387.0 197.0 388.0 small-vehicle 0
305.0 221.0 315.0 221.0 313.0 240.0 304.0 241.0 small-vehicle 1
235.0 382.0 235.0 371.0 257.0 373.0 257.0 381.0 small-vehicle 0
238.0 400.0 239.0 392.0 262.0 391.0 261.0 400.0 small-vehicle 0
361.0 342.0 370.0 341.0 376.0 361.0 363.0 364.0 small-vehicle 0
396.0 386.0 402.0 394.0 381.0 407.0 375.0 400.0 small-vehicle 0
649.0 248.0 641.0 236.0 672.0 221.0 679.0 234.0 small-vehicle 0
684.0 231.0 677.0 223.0 694.0 208.0 703.0 218.0 small-vehicle 0
171.0 371.0 180.0 370.0 183.0 393.0 172.0 394.0 small-vehicle 1
338.0 223.0 342.0 234.0 319.0 241.0 316.0 230.0 small-vehicle 1
1665.0 1353.0 1675.0 1365.0 1637.0 1391.0 1628.0 1379.0 large-vehicle 0
600.0 1143.0 649.0 1124.0 690.0 1226.0 639.0 1248.0 tennis-court 0
588.0 309.0 939.0 145.0 1313.0 835.0 952.0 994.0 ground-track-field 0
162.0 1333.0 211.0 1316.0 248.0 1419.0 199.0 1438.0 tennis-court 0
240.0 1306.0 290.0 1288.0 327.0 1392.0 276.0 1410.0 tennis-court 0
318.0 1234.0 368.0 1217.0 405.0 1321.0 355.0 1339.0 tennis-court 0
397.0 1207.0 448.0 1188.0 485.0 1293.0 433.0 1311.0 tennis-court 0
475.0 1179.0 526.0 1162.0 563.0 1264.0 513.0 1283.0 tennis-court 0
688.0 1099.0 740.0 1080.0 777.0 1184.0 728.0 1205.0 tennis-court 0
294.0 227.0 304.0 226.0 306.0 248.0 295.0 249.0 small-vehicle 1
767.0 1071.0 816.0 1052.0 856.0 1157.0 808.0 1174.0 tennis-court 0
854.0 1033.0 903.0 1013.0 941.0 1116.0 892.0 1135.0 tennis-court 0
929.0 1002.0 978.0 982.0 1021.0 1087.0 969.0 1107.0 tennis-court 0
1583.0 946.0 1457.0 679.0 1930.0 456.0 2057.0 724.0 soccer-ball-field 0
388.0 122.0 399.0 119.0 408.0 141.0 396.0 143.0 small-vehicle 1
468.0 141.0 469.0 148.0 449.0 154.0 449.0 146.0 small-vehicle 1
730.0 207.0 724.0 198.0 750.0 182.0 754.0 190.0 small-vehicle 0
124.0 478.0 129.0 487.0 109.0 499.0 102.0 490.0 small-vehicle 1
284.0 454.0 292.0 449.0 304.0 466.0 297.0 471.0 small-vehicle 1
1880.0 57.0 1875.0 47.0 1899.0 40.0 1902.0 48.0 small-vehicle 1
1906.0 84.0 1902.0 77.0 1916.0 67.0 1923.0 74.0 small-vehicle 0
1424.0 27.0 1420.0 19.0 1442.0 10.0 1445.0 22.0 small-vehicle 1
1437.0 63.0 1434.0 50.0 1456.0 46.0 1458.0 59.0 small-vehicle 1
1844.0 24.0 1839.0 17.0 1859.0 7.0 1863.0 17.0 small-vehicle 1
1862.0 37.0 1858.0 28.0 1875.0 20.0 1879.0 26.0 small-vehicle 1
1871.0 48.0 1866.0 40.0 1882.0 30.0 1888.0 37.0 small-vehicle 1
1900.0 75.0 1893.0 69.0 1909.0 56.0 1916.0 63.0 small-vehicle 1
274.0 463.0 287.0 459.0 291.0 479.0 280.0 481.0 small-vehicle 1
1989.0 85.0 1994.0 92.0 1974.0 101.0 1970.0 95.0 small-vehicle 1
1556.0 1428.0 1559.0 1436.0 1534.0 1448.0 1531.0 1438.0 small-vehicle 1
1643.0 1433.0 1635.0 1426.0 1649.0 1410.0 1657.0 1419.0 small-vehicle 1
2034.0 1132.0 2027.0 1124.0 2042.0 1110.0 2049.0 1117.0 small-vehicle 1
766.0 1021.0 742.0 971.0 847.0 930.0 868.0 983.0 tennis-court 0
321.0 143.0 318.0 136.0 338.0 129.0 340.0 138.0 small-vehicle 0
1891.0 69.0 1885.0 60.0 1904.0 49.0 1909.0 56.0 small-vehicle 0
1252.0 33.0 1248.0 22.0 1272.0 15.0 1276.0 24.0 small-vehicle 0
1259.0 1061.0 1268.0 1069.0 1249.0 1090.0 1242.0 1081.0 small-vehicle 0
1387.0 1199.0 1396.0 1205.0 1383.0 1219.0 1375.0 1211.0 small-vehicle 1
1263.0 1031.0 1272.0 1038.0 1255.0 1054.0 1246.0 1045.0 small-vehicle 1
669.0 1416.0 671.0 1424.0 651.0 1430.0 649.0 1422.0 small-vehicle 1
625.0 922.0 635.0 919.0 640.0 937.0 629.0 939.0 small-vehicle 1
495.0 969.0 505.0 966.0 511.0 990.0 501.0 994.0 small-vehicle 1
82.0 912.0 84.0 921.0 61.0 923.0 61.0 916.0 small-vehicle 0
80.0 899.0 80.0 910.0 60.0 914.0 58.0 904.0 small-vehicle 0
77.0 886.0 78.0 896.0 53.0 901.0 51.0 894.0 small-vehicle 0
666.0 745.0 660.0 736.0 679.0 726.0 684.0 734.0 small-vehicle 0
669.0 757.0 663.0 749.0 678.0 740.0 684.0 746.0 small-vehicle 1
226.0 484.0 235.0 481.0 243.0 502.0 234.0 506.0 small-vehicle 1
238.0 477.0 251.0 473.0 259.0 493.0 247.0 498.0 small-vehicle 1
251.0 471.0 261.0 467.0 269.0 486.0 258.0 488.0 small-vehicle 1
261.0 467.0 271.0 463.0 278.0 480.0 269.0 484.0 small-vehicle 1
692.0 437.0 980.0 290.0 1212.0 721.0 921.0 877.0 soccer-ball-field 0
