imagesource:GoogleEarth
gsd:0.252915954135
66.0 1256.0 67.0 1265.0 49.0 1267.0 49.0 1258.0 small-vehicle 1
174.0 815.0 219.0 810.0 230.0 903.0 185.0 909.0 tennis-court 0
615.0 404.0 898.0 390.0 927.0 815.0 644.0 837.0 soccer-ball-field 0
562.0 264.0 928.0 248.0 969.0 939.0 614.0 961.0 ground-track-field 0
195.0 344.0 239.0 342.0 245.0 436.0 199.0 441.0 tennis-court 0
264.0 339.0 311.0 336.0 317.0 432.0 269.0 436.0 tennis-court 0
333.0 335.0 379.0 330.0 387.0 428.0 338.0 433.0 tennis-court 0
404.0 329.0 449.0 327.0 455.0 422.0 409.0 425.0 tennis-court 0
296.0 564.0 345.0 559.0 351.0 654.0 304.0 658.0 tennis-court 0
370.0 558.0 416.0 554.0 425.0 652.0 378.0 653.0 tennis-court 0
220.0 568.0 266.0 565.0 275.0 662.0 229.0 666.0 tennis-court 1
252.0 805.0 297.0 798.0 310.0 894.0 263.0 899.0 tennis-court 0
69.0 1275.0 70.0 1282.0 54.0 1286.0 52.0 1279.0 small-vehicle 0
324.0 795.0 370.0 788.0 381.0 884.0 335.0 891.0 tennis-court 0
312.0 162.0 304.0 154.0 318.0 141.0 323.0 148.0 small-vehicle 1
588.0 65.0 584.0 57.0 602.0 49.0 607.0 57.0 small-vehicle 1
663.0 165.0 658.0 158.0 677.0 147.0 681.0 154.0 small-vehicle 1
85.0 355.0 79.0 348.0 94.0 339.0 100.0 346.0 small-vehicle 1
65.0 370.0 60.0 363.0 76.0 351.0 81.0 359.0 small-vehicle 1
44.0 387.0 39.0 377.0 54.0 368.0 59.0 377.0 small-vehicle 1
27.0 397.0 22.0 391.0 37.0 381.0 41.0 388.0 small-vehicle 0
9.0 412.0 4.0 404.0 17.0 395.0 22.0 402.0 small-vehicle 0
109.0 968.0 384.0 932.0 436.0 1344.0 162.0 1379.0 soccer-ball-field 0
