imagesource:GoogleEarth
gsd:0.122617438543
1611.0 404.0 1629.0 400.0 1632.0 439.0 1615.0 440.0 small-vehicle 0
333.0 680.0 329.0 667.0 360.0 662.0 364.0 676.0 small-vehicle 0
422.0 683.0 419.0 669.0 454.0 664.0 457.0 676.0 small-vehicle 0
418.0 663.0 415.0 649.0 453.0 639.0 457.0 654.0 small-vehicle 0
768.0 517.0 754.0 522.0 741.0 482.0 757.0 479.0 small-vehicle 0
746.0 517.0 730.0 520.0 721.0 486.0 735.0 480.0 small-vehicle 0
703.0 522.0 691.0 524.0 684.0 495.0 698.0 493.0 small-vehicle 0
667.0 497.0 680.0 494.0 684.0 531.0 672.0 534.0 small-vehicle 0
648.0 503.0 661.0 500.0 668.0 536.0 654.0 537.0 small-vehicle 0
629.0 510.0 642.0 507.0 647.0 539.0 635.0 541.0 small-vehicle 0
592.0 518.0 605.0 515.0 610.0 547.0 598.0 550.0 small-vehicle 0
569.0 517.0 584.0 514.0 593.0 552.0 577.0 557.0 small-vehicle 0
549.0 522.0 567.0 518.0 571.0 551.0 558.0 554.0 small-vehicle 0
334.0 701.0 331.0 687.0 366.0 680.0 368.0 695.0 small-vehicle 0
1343.0 1492.0 1327.0 1486.0 1344.0 1443.0 1360.0 1450.0 small-vehicle 0
337.0 718.0 333.0 706.0 362.0 701.0 366.0 712.0 small-vehicle 0
338.0 738.0 336.0 725.0 367.0 720.0 369.0 730.0 small-vehicle 0
343.0 757.0 337.0 744.0 371.0 738.0 377.0 749.0 small-vehicle 0
352.0 775.0 350.0 762.0 380.0 755.0 384.0 769.0 small-vehicle 0
349.0 796.0 346.0 781.0 376.0 776.0 379.0 792.0 small-vehicle 0
362.0 852.0 359.0 840.0 388.0 835.0 390.0 846.0 small-vehicle 0
377.0 929.0 374.0 915.0 401.0 909.0 404.0 922.0 small-vehicle 0
382.0 944.0 378.0 932.0 409.0 925.0 410.0 938.0 small-vehicle 0
384.0 966.0 383.0 952.0 408.0 948.0 412.0 960.0 small-vehicle 0
342.0 976.0 340.0 964.0 369.0 956.0 371.0 971.0 small-vehicle 0
365.0 937.0 368.0 949.0 340.0 956.0 338.0 944.0 small-vehicle 0
460.0 681.0 462.0 697.0 428.0 703.0 425.0 689.0 small-vehicle 0
462.0 701.0 465.0 715.0 429.0 723.0 425.0 708.0 small-vehicle 0
440.0 758.0 437.0 746.0 466.0 739.0 472.0 751.0 small-vehicle 0
467.0 694.0 464.0 681.0 498.0 674.0 500.0 689.0 small-vehicle 0
650.0 1636.0 637.0 1632.0 645.0 1601.0 659.0 1603.0 small-vehicle 0
321.0 1626.0 310.0 1619.0 326.0 1594.0 337.0 1604.0 small-vehicle 0
347.0 1650.0 333.0 1643.0 350.0 1617.0 362.0 1625.0 small-vehicle 0
409.0 1716.0 396.0 1711.0 418.0 1683.0 429.0 1693.0 small-vehicle 0
398.0 1699.0 386.0 1692.0 406.0 1667.0 416.0 1677.0 small-vehicle 0
446.0 1506.0 441.0 1493.0 472.0 1487.0 475.0 1500.0 small-vehicle 0
466.0 1425.0 470.0 1439.0 434.0 1446.0 429.0 1433.0 small-vehicle 0
363.0 1545.0 361.0 1532.0 394.0 1526.0 398.0 1540.0 small-vehicle 0
420.0 2361.0 434.0 2368.0 416.0 2396.0 402.0 2390.0 small-vehicle 0
415.0 2336.0 425.0 2345.0 404.0 2370.0 394.0 2362.0 small-vehicle 0
408.0 2311.0 418.0 2318.0 399.0 2343.0 389.0 2335.0 small-vehicle 0
388.0 2261.0 399.0 2267.0 380.0 2299.0 368.0 2289.0 small-vehicle 0
103.0 1922.0 115.0 1933.0 99.0 1960.0 84.0 1952.0 small-vehicle 0
8.0 1879.0 20.0 1878.0 24.0 1913.0 12.0 1916.0 small-vehicle 0
29.0 1889.0 43.0 1886.0 47.0 1919.0 34.0 1921.0 small-vehicle 0
59.0 1901.0 71.0 1903.0 66.0 1936.0 51.0 1934.0 small-vehicle 0
78.0 1904.0 95.0 1910.0 82.0 1944.0 69.0 1942.0 small-vehicle 0
689.0 634.0 682.0 616.0 720.0 609.0 722.0 624.0 small-vehicle 0
599.0 670.0 595.0 655.0 627.0 649.0 631.0 662.0 small-vehicle 0
595.0 649.0 592.0 634.0 627.0 628.0 631.0 641.0 small-vehicle 0
556.0 658.0 553.0 644.0 583.0 636.0 586.0 652.0 small-vehicle 0
546.0 640.0 542.0 624.0 578.0 617.0 582.0 632.0 small-vehicle 0
492.0 635.0 494.0 650.0 462.0 655.0 460.0 642.0 small-vehicle 0
360.0 895.0 362.0 910.0 332.0 917.0 327.0 904.0 small-vehicle 0
357.0 876.0 360.0 889.0 327.0 896.0 324.0 883.0 small-vehicle 0
323.0 879.0 319.0 866.0 346.0 859.0 349.0 873.0 small-vehicle 0
486.0 437.0 490.0 451.0 458.0 458.0 455.0 443.0 small-vehicle 0
426.0 380.0 424.0 367.0 456.0 360.0 460.0 374.0 small-vehicle 0
428.0 402.0 423.0 387.0 461.0 378.0 464.0 392.0 small-vehicle 0
386.0 411.0 381.0 396.0 412.0 391.0 414.0 405.0 small-vehicle 0
268.0 413.0 264.0 397.0 293.0 393.0 298.0 407.0 small-vehicle 0
208.0 423.0 203.0 408.0 237.0 401.0 243.0 415.0 small-vehicle 0
170.0 430.0 168.0 417.0 196.0 412.0 201.0 425.0 small-vehicle 0
125.0 441.0 120.0 427.0 155.0 418.0 158.0 433.0 small-vehicle 0
74.0 451.0 69.0 438.0 102.0 428.0 105.0 443.0 small-vehicle 0
32.0 459.0 28.0 446.0 64.0 438.0 68.0 450.0 small-vehicle 0
981.0 1810.0 985.0 1828.0 939.0 1840.0 935.0 1820.0 large-vehicle 0
854.0 1860.0 849.0 1841.0 894.0 1834.0 899.0 1853.0 large-vehicle 0
809.0 1818.0 790.0 1824.0 778.0 1782.0 797.0 1776.0 large-vehicle 0
726.0 1799.0 742.0 1796.0 749.0 1831.0 734.0 1835.0 large-vehicle 0
706.0 1797.0 721.0 1795.0 728.0 1828.0 713.0 1831.0 large-vehicle 0
686.0 1800.0 702.0 1798.0 710.0 1836.0 694.0 1840.0 large-vehicle 0
626.0 1460.0 643.0 1455.0 652.0 1499.0 634.0 1503.0 large-vehicle 0
1318.0 1415.0 1313.0 1398.0 1353.0 1390.0 1355.0 1409.0 large-vehicle 0
1240.0 245.0 1244.0 266.0 1161.0 281.0 1157.0 260.0 large-vehicle 1
1023.0 1734.0 1040.0 1730.0 1049.0 1767.0 1033.0 1771.0 large-vehicle 0
776.0 1510.0 770.0 1492.0 819.0 1482.0 823.0 1500.0 large-vehicle 0
627.0 1814.0 644.0 1811.0 652.0 1848.0 635.0 1853.0 large-vehicle 0
184.0 2024.0 285.0 2024.0 285.0 2121.0 184.0 2121.0 roundabout 0
274.0 1969.0 284.0 1989.0 210.0 2021.0 201.0 2003.0 large-vehicle 1
415.0 370.0 418.0 385.0 384.0 392.0 377.0 376.0 small-vehicle 0
204.0 591.0 221.0 588.0 229.0 623.0 212.0 625.0 small-vehicle 0
311.0 821.0 308.0 806.0 339.0 800.0 341.0 817.0 small-vehicle 0
259.0 580.0 279.0 577.0 284.0 610.0 269.0 615.0 small-vehicle 0
342.0 763.0 348.0 777.0 313.0 785.0 308.0 772.0 small-vehicle 0
306.0 765.0 302.0 750.0 330.0 745.0 333.0 757.0 small-vehicle 0
299.0 746.0 296.0 730.0 330.0 726.0 332.0 739.0 small-vehicle 0
292.0 728.0 290.0 714.0 319.0 709.0 322.0 721.0 small-vehicle 0
288.0 707.0 285.0 694.0 314.0 690.0 316.0 702.0 small-vehicle 0
288.0 981.0 274.0 984.0 264.0 947.0 279.0 943.0 small-vehicle 0
278.0 934.0 263.0 937.0 256.0 902.0 268.0 899.0 small-vehicle 0
264.0 885.0 253.0 887.0 244.0 852.0 258.0 849.0 small-vehicle 0
259.0 836.0 242.0 838.0 238.0 806.0 252.0 805.0 small-vehicle 0
194.0 705.0 190.0 694.0 223.0 686.0 226.0 699.0 small-vehicle 0
199.0 724.0 194.0 710.0 226.0 704.0 229.0 716.0 small-vehicle 0
202.0 747.0 198.0 730.0 233.0 721.0 239.0 735.0 small-vehicle 0
204.0 763.0 202.0 748.0 234.0 742.0 236.0 758.0 small-vehicle 0
207.0 780.0 204.0 766.0 234.0 762.0 236.0 775.0 small-vehicle 0
209.0 802.0 206.0 789.0 236.0 784.0 239.0 798.0 small-vehicle 0
534.0 566.0 519.0 570.0 512.0 534.0 528.0 532.0 small-vehicle 0
491.0 529.0 505.0 526.0 513.0 566.0 500.0 570.0 small-vehicle 0
455.0 543.0 468.0 538.0 476.0 571.0 463.0 577.0 small-vehicle 0
437.0 547.0 450.0 544.0 456.0 575.0 443.0 578.0 small-vehicle 0
436.0 578.0 423.0 582.0 414.0 548.0 429.0 546.0 small-vehicle 0
361.0 560.0 376.0 557.0 380.0 589.0 368.0 592.0 small-vehicle 0
339.0 566.0 355.0 561.0 364.0 596.0 349.0 601.0 small-vehicle 0
320.0 569.0 334.0 566.0 342.0 601.0 328.0 605.0 small-vehicle 0
669.0 1631.0 658.0 1626.0 667.0 1600.0 679.0 1604.0 small-vehicle 0
694.0 1623.0 680.0 1618.0 690.0 1592.0 703.0 1596.0 small-vehicle 0
662.0 1697.0 657.0 1683.0 687.0 1673.0 694.0 1688.0 small-vehicle 0
1137.0 98.0 1127.0 84.0 1160.0 61.0 1170.0 74.0 small-vehicle 1
2030.0 128.0 2021.0 113.0 2055.0 95.0 2061.0 110.0 small-vehicle 0
1824.0 1314.0 1809.0 1314.0 1811.0 1277.0 1824.0 1276.0 small-vehicle 0
472.0 1626.0 459.0 1619.0 469.0 1584.0 485.0 1589.0 small-vehicle 1
547.0 1585.0 533.0 1578.0 544.0 1550.0 559.0 1554.0 small-vehicle 1
563.0 1589.0 552.0 1582.0 564.0 1553.0 575.0 1560.0 small-vehicle 1
578.0 1606.0 565.0 1600.0 575.0 1570.0 591.0 1575.0 small-vehicle 1
632.0 1631.0 616.0 1627.0 624.0 1594.0 638.0 1597.0 small-vehicle 1
360.0 1520.0 357.0 1507.0 391.0 1498.0 392.0 1514.0 small-vehicle 1
756.0 1670.0 755.0 1655.0 790.0 1648.0 792.0 1662.0 small-vehicle 1
863.0 1649.0 857.0 1634.0 889.0 1626.0 893.0 1643.0 small-vehicle 1
906.0 1642.0 901.0 1625.0 940.0 1616.0 944.0 1633.0 small-vehicle 1
899.0 1566.0 887.0 1553.0 916.0 1525.0 929.0 1536.0 small-vehicle 1
477.0 1400.0 496.0 1397.0 500.0 1435.0 485.0 1439.0 small-vehicle 0
229.0 1461.0 246.0 1458.0 251.0 1488.0 235.0 1493.0 small-vehicle 0
206.0 1468.0 223.0 1465.0 229.0 1496.0 213.0 1500.0 small-vehicle 0
711.0 1445.0 728.0 1442.0 732.0 1478.0 716.0 1481.0 small-vehicle 0
691.0 1450.0 705.0 1446.0 714.0 1487.0 697.0 1492.0 small-vehicle 0
667.0 1455.0 680.0 1452.0 687.0 1486.0 672.0 1489.0 small-vehicle 0
881.0 617.0 865.0 619.0 857.0 580.0 870.0 576.0 small-vehicle 0
633.0 342.0 629.0 326.0 662.0 318.0 668.0 334.0 small-vehicle 0
585.0 352.0 582.0 334.0 615.0 328.0 621.0 342.0 small-vehicle 0
545.0 361.0 538.0 346.0 575.0 336.0 576.0 351.0 small-vehicle 0
1993.0 2112.0 1984.0 2092.0 2015.0 2087.0 2014.0 2105.0 small-vehicle 0
1135.0 72.0 1125.0 61.0 1151.0 46.0 1160.0 59.0 small-vehicle 1
1151.0 156.0 1142.0 142.0 1176.0 127.0 1182.0 141.0 small-vehicle 1
1960.0 1893.0 1963.0 1907.0 1930.0 1915.0 1927.0 1895.0 small-vehicle 0
913.0 196.0 897.0 199.0 891.0 167.0 907.0 162.0 small-vehicle 1
1316.0 1500.0 1301.0 1493.0 1316.0 1454.0 1332.0 1457.0 small-vehicle 0
1621.0 1440.0 1608.0 1446.0 1586.0 1423.0 1599.0 1411.0 small-vehicle 0
1640.0 1427.0 1629.0 1438.0 1606.0 1411.0 1620.0 1402.0 small-vehicle 0
1669.0 1427.0 1664.0 1436.0 1634.0 1417.0 1643.0 1404.0 small-vehicle 0
1759.0 1409.0 1746.0 1416.0 1726.0 1395.0 1737.0 1384.0 small-vehicle 0
1734.0 1413.0 1724.0 1422.0 1703.0 1394.0 1716.0 1388.0 small-vehicle 0
1734.0 1481.0 1725.0 1461.0 1769.0 1448.0 1777.0 1466.0 small-vehicle 0
1914.0 1837.0 1910.0 1822.0 1946.0 1811.0 1949.0 1842.0 small-vehicle 0
1997.0 2150.0 1989.0 2133.0 2030.0 2122.0 2035.0 2141.0 small-vehicle 0
2007.0 1999.0 2001.0 1984.0 2040.0 1975.0 2043.0 1991.0 small-vehicle 0
1998.0 1944.0 1992.0 1925.0 2029.0 1917.0 2034.0 1934.0 small-vehicle 0
1408.0 2365.0 1366.0 2196.0 1690.0 2127.0 1719.0 2297.0 basketball-court 0
1138.0 1840.0 1124.0 1851.0 1099.0 1822.0 1113.0 1810.0 small-vehicle 0
1402.0 252.0 1407.0 266.0 1366.0 276.0 1363.0 258.0 small-vehicle 0
600.0 689.0 602.0 706.0 564.0 712.0 561.0 697.0 small-vehicle 0
610.0 705.0 605.0 689.0 636.0 682.0 641.0 700.0 small-vehicle 0
733.0 669.0 736.0 679.0 698.0 686.0 697.0 674.0 small-vehicle 0
727.0 646.0 729.0 657.0 698.0 665.0 691.0 657.0 small-vehicle 0
691.0 648.0 687.0 636.0 722.0 624.0 727.0 639.0 small-vehicle 0
1015.0 853.0 1012.0 839.0 1043.0 834.0 1046.0 847.0 small-vehicle 0
1006.0 940.0 1005.0 925.0 1046.0 920.0 1045.0 939.0 small-vehicle 1
1017.0 875.0 1013.0 859.0 1048.0 852.0 1049.0 871.0 small-vehicle 1
1220.0 651.0 1231.0 648.0 1240.0 680.0 1227.0 685.0 small-vehicle 1
1956.0 1872.0 1962.0 1889.0 1930.0 1895.0 1929.0 1872.0 small-vehicle 0
1968.0 1908.0 1969.0 1927.0 1944.0 1932.0 1939.0 1915.0 small-vehicle 0
800.0 1661.0 796.0 1647.0 829.0 1640.0 832.0 1657.0 small-vehicle 0
1618.0 147.0 1608.0 132.0 1641.0 123.0 1646.0 139.0 small-vehicle 0
846.0 167.0 861.0 164.0 856.0 129.0 843.0 131.0 small-vehicle 0
908.0 165.0 925.0 161.0 930.0 195.0 917.0 198.0 small-vehicle 0
877.0 205.0 890.0 202.0 881.0 169.0 867.0 173.0 small-vehicle 0
857.0 209.0 870.0 206.0 862.0 167.0 845.0 173.0 small-vehicle 0
1441.0 246.0 1444.0 260.0 1408.0 268.0 1404.0 253.0 small-vehicle 0
1444.0 216.0 1448.0 228.0 1411.0 238.0 1406.0 223.0 small-vehicle 0
1464.0 1384.0 1459.0 1370.0 1488.0 1364.0 1492.0 1374.0 small-vehicle 0
1366.0 1488.0 1354.0 1484.0 1364.0 1453.0 1374.0 1458.0 small-vehicle 0
1294.0 1503.0 1281.0 1500.0 1292.0 1472.0 1304.0 1475.0 small-vehicle 0
1270.0 1504.0 1258.0 1500.0 1269.0 1470.0 1281.0 1474.0 small-vehicle 0
1124.0 1540.0 1112.0 1537.0 1120.0 1505.0 1132.0 1508.0 small-vehicle 0
1099.0 1549.0 1087.0 1546.0 1094.0 1512.0 1107.0 1516.0 small-vehicle 0
1075.0 1549.0 1060.0 1545.0 1071.0 1514.0 1085.0 1520.0 small-vehicle 0
1052.0 1557.0 1041.0 1552.0 1049.0 1525.0 1061.0 1530.0 small-vehicle 0
1032.0 1554.0 1019.0 1549.0 1027.0 1521.0 1038.0 1527.0 small-vehicle 0
1008.0 1563.0 993.0 1558.0 1004.0 1522.0 1017.0 1526.0 small-vehicle 0
840.0 1597.0 826.0 1593.0 835.0 1565.0 848.0 1567.0 small-vehicle 0
817.0 1604.0 804.0 1600.0 816.0 1568.0 828.0 1573.0 small-vehicle 0
799.0 1605.0 786.0 1600.0 796.0 1568.0 811.0 1572.0 small-vehicle 0
780.0 1603.0 765.0 1602.0 774.0 1567.0 787.0 1571.0 small-vehicle 0
756.0 1614.0 743.0 1610.0 751.0 1573.0 766.0 1577.0 small-vehicle 0
735.0 1617.0 721.0 1614.0 731.0 1581.0 745.0 1584.0 small-vehicle 0
713.0 1619.0 700.0 1616.0 710.0 1587.0 721.0 1590.0 small-vehicle 0
1601.0 151.0 1602.0 169.0 1572.0 174.0 1571.0 160.0 small-vehicle 0
1756.0 179.0 1758.0 198.0 1727.0 204.0 1721.0 184.0 small-vehicle 0
1978.0 1950.0 1978.0 1969.0 1948.0 1974.0 1944.0 1956.0 small-vehicle 0
1956.0 132.0 1964.0 149.0 1936.0 159.0 1926.0 143.0 small-vehicle 0
1984.0 2008.0 1995.0 2022.0 1959.0 2033.0 1952.0 2015.0 small-vehicle 0
2005.0 1981.0 1999.0 1965.0 2029.0 1955.0 2034.0 1975.0 small-vehicle 0
1991.0 1907.0 1982.0 1889.0 2015.0 1880.0 2017.0 1898.0 small-vehicle 0
1986.0 1865.0 1978.0 1847.0 2003.0 1838.0 2014.0 1860.0 small-vehicle 0
1920.0 1861.0 1915.0 1841.0 1952.0 1832.0 1958.0 1852.0 small-vehicle 0
1184.0 1792.0 1200.0 1786.0 1208.0 1811.0 1192.0 1819.0 small-vehicle 0
1223.0 1770.0 1239.0 1767.0 1236.0 1729.0 1218.0 1727.0 small-vehicle 0
1166.0 1817.0 1182.0 1812.0 1176.0 1782.0 1159.0 1782.0 small-vehicle 0
993.0 1738.0 1008.0 1734.0 1016.0 1769.0 1002.0 1771.0 small-vehicle 0
913.0 1756.0 927.0 1753.0 932.0 1787.0 916.0 1787.0 small-vehicle 0
936.0 1754.0 950.0 1751.0 954.0 1785.0 939.0 1790.0 small-vehicle 0
748.0 1802.0 761.0 1797.0 766.0 1828.0 753.0 1831.0 small-vehicle 0
648.0 1806.0 664.0 1805.0 668.0 1841.0 654.0 1844.0 small-vehicle 0
969.0 1742.0 988.0 1739.0 993.0 1780.0 976.0 1779.0 small-vehicle 0
917.0 1793.0 903.0 1793.0 895.0 1761.0 909.0 1755.0 small-vehicle 0
899.0 1797.0 885.0 1803.0 874.0 1774.0 888.0 1770.0 small-vehicle 0
840.0 1763.0 855.0 1763.0 860.0 1802.0 847.0 1804.0 small-vehicle 0
818.0 1776.0 834.0 1773.0 841.0 1809.0 828.0 1812.0 small-vehicle 0
850.0 1706.0 847.0 1687.0 878.0 1683.0 880.0 1697.0 small-vehicle 0
1185.0 1778.0 1202.0 1778.0 1191.0 1734.0 1173.0 1736.0 small-vehicle 0
1763.0 1235.0 1781.0 1226.0 1785.0 1271.0 1772.0 1271.0 small-vehicle 0
1790.0 1269.0 1804.0 1264.0 1797.0 1226.0 1780.0 1228.0 small-vehicle 0
1782.0 1282.0 1795.0 1276.0 1806.0 1310.0 1792.0 1316.0 small-vehicle 0
518.0 1392.0 535.0 1389.0 545.0 1437.0 527.0 1440.0 large-vehicle 0
