imagesource:GoogleEarth
gsd:0.125052685655
1318.0 1110.0 1313.0 1098.0 1342.0 1090.0 1345.0 1103.0 small-vehicle 1
586.0 407.0 581.0 394.0 611.0 388.0 614.0 401.0 small-vehicle 0
385.0 349.0 399.0 346.0 409.0 378.0 396.0 384.0 small-vehicle 0
408.0 432.0 412.0 447.0 381.0 453.0 378.0 439.0 small-vehicle 0
406.0 348.0 421.0 343.0 432.0 381.0 418.0 386.0 small-vehicle 0
447.0 423.0 450.0 436.0 418.0 443.0 414.0 430.0 small-vehicle 0
449.0 371.0 434.0 374.0 426.0 341.0 440.0 337.0 small-vehicle 0
461.0 434.0 457.0 420.0 488.0 415.0 490.0 428.0 small-vehicle 0
504.0 424.0 500.0 410.0 531.0 405.0 535.0 419.0 small-vehicle 0
445.0 338.0 459.0 334.0 464.0 365.0 452.0 366.0 small-vehicle 0
520.0 353.0 510.0 355.0 505.0 327.0 517.0 324.0 small-vehicle 0
542.0 354.0 528.0 356.0 521.0 323.0 535.0 320.0 small-vehicle 0
560.0 347.0 547.0 349.0 539.0 319.0 551.0 316.0 small-vehicle 0
576.0 340.0 564.0 344.0 556.0 313.0 568.0 309.0 small-vehicle 0
544.0 416.0 540.0 400.0 573.0 394.0 576.0 410.0 small-vehicle 0
597.0 340.0 584.0 344.0 576.0 312.0 589.0 307.0 small-vehicle 0
811.0 1274.0 808.0 1260.0 841.0 1255.0 842.0 1270.0 small-vehicle 0
613.0 305.0 627.0 303.0 630.0 335.0 617.0 338.0 small-vehicle 0
648.0 296.0 660.0 293.0 666.0 326.0 652.0 330.0 small-vehicle 0
621.0 399.0 618.0 385.0 655.0 377.0 658.0 392.0 small-vehicle 0
665.0 390.0 663.0 377.0 694.0 372.0 696.0 384.0 small-vehicle 0
736.0 362.0 739.0 374.0 707.0 381.0 705.0 367.0 small-vehicle 0
848.0 252.0 864.0 251.0 868.0 286.0 853.0 288.0 small-vehicle 0
905.0 277.0 889.0 281.0 884.0 250.0 898.0 247.0 small-vehicle 0
749.0 1257.0 753.0 1270.0 718.0 1278.0 715.0 1264.0 small-vehicle 0
749.0 1278.0 751.0 1288.0 722.0 1297.0 719.0 1284.0 small-vehicle 0
754.0 1295.0 758.0 1307.0 728.0 1313.0 724.0 1302.0 small-vehicle 0
730.0 1329.0 730.0 1316.0 761.0 1315.0 761.0 1327.0 small-vehicle 0
729.0 1349.0 729.0 1335.0 758.0 1333.0 759.0 1346.0 small-vehicle 0
833.0 1217.0 834.0 1229.0 799.0 1238.0 795.0 1226.0 small-vehicle 0
359.0 359.0 370.0 357.0 376.0 384.0 364.0 386.0 small-vehicle 0
339.0 362.0 353.0 359.0 359.0 390.0 347.0 394.0 small-vehicle 0
320.0 366.0 334.0 363.0 340.0 395.0 325.0 398.0 small-vehicle 0
283.0 418.0 269.0 419.0 264.0 385.0 277.0 383.0 small-vehicle 0
174.0 570.0 159.0 574.0 150.0 535.0 164.0 531.0 large-vehicle 0
259.0 563.0 263.0 549.0 293.0 558.0 290.0 570.0 large-vehicle 0
265.0 584.0 269.0 569.0 305.0 577.0 300.0 594.0 large-vehicle 0
261.0 601.0 266.0 587.0 309.0 602.0 303.0 615.0 large-vehicle 0
96.0 1197.0 98.0 1180.0 148.0 1184.0 145.0 1202.0 large-vehicle 0
310.0 1797.0 313.0 1812.0 274.0 1820.0 269.0 1803.0 large-vehicle 0
377.0 1561.0 361.0 1562.0 354.0 1516.0 368.0 1514.0 large-vehicle 0
612.0 1913.0 630.0 1911.0 637.0 1958.0 620.0 1961.0 large-vehicle 0
722.0 2006.0 717.0 1989.0 759.0 1976.0 764.0 1994.0 large-vehicle 0
772.0 1881.0 791.0 1877.0 800.0 1919.0 785.0 1925.0 large-vehicle 0
736.0 1893.0 750.0 1890.0 759.0 1930.0 744.0 1934.0 large-vehicle 0
693.0 1902.0 709.0 1897.0 719.0 1937.0 704.0 1941.0 large-vehicle 0
800.0 1875.0 816.0 1871.0 826.0 1910.0 811.0 1916.0 large-vehicle 0
879.0 1903.0 861.0 1907.0 852.0 1860.0 869.0 1855.0 large-vehicle 0
885.0 1965.0 878.0 1948.0 928.0 1932.0 934.0 1952.0 large-vehicle 0
897.0 1847.0 913.0 1843.0 924.0 1890.0 908.0 1894.0 large-vehicle 0
927.0 1847.0 945.0 1843.0 955.0 1886.0 936.0 1890.0 large-vehicle 0
1250.0 1930.0 1234.0 1934.0 1224.0 1896.0 1240.0 1892.0 large-vehicle 0
1383.0 1222.0 1387.0 1238.0 1337.0 1250.0 1331.0 1233.0 large-vehicle 0
1594.0 2195.0 1587.0 2210.0 1548.0 2192.0 1557.0 2176.0 large-vehicle 0
194.0 663.0 180.0 666.0 172.0 633.0 187.0 628.0 small-vehicle 0
241.0 516.0 246.0 503.0 277.0 516.0 272.0 526.0 small-vehicle 0
267.0 611.0 264.0 624.0 232.0 617.0 236.0 604.0 small-vehicle 0
266.0 632.0 262.0 643.0 230.0 633.0 235.0 622.0 small-vehicle 0
276.0 648.0 278.0 635.0 312.0 641.0 311.0 654.0 small-vehicle 0
258.0 589.0 255.0 598.0 225.0 592.0 227.0 581.0 small-vehicle 0
305.0 412.0 289.0 414.0 284.0 379.0 300.0 376.0 small-vehicle 0
807.0 1255.0 804.0 1240.0 836.0 1236.0 837.0 1250.0 small-vehicle 0
814.0 1292.0 810.0 1280.0 842.0 1275.0 845.0 1287.0 small-vehicle 0
1316.0 1097.0 1309.0 1085.0 1339.0 1074.0 1342.0 1086.0 small-vehicle 1
1560.0 1028.0 1566.0 1046.0 1536.0 1048.0 1533.0 1033.0 small-vehicle 0
222.0 1463.0 225.0 1478.0 198.0 1483.0 192.0 1468.0 small-vehicle 0
399.0 1666.0 386.0 1672.0 378.0 1637.0 393.0 1635.0 small-vehicle 0
412.0 1713.0 399.0 1713.0 391.0 1678.0 405.0 1674.0 small-vehicle 0
389.0 1618.0 374.0 1617.0 369.0 1588.0 381.0 1581.0 small-vehicle 0
351.0 1475.0 341.0 1480.0 330.0 1448.0 340.0 1443.0 small-vehicle 0
365.0 1504.0 350.0 1508.0 345.0 1478.0 359.0 1474.0 small-vehicle 0
287.0 1746.0 294.0 1761.0 269.0 1769.0 262.0 1755.0 small-vehicle 0
227.0 1517.0 234.0 1533.0 204.0 1537.0 201.0 1523.0 small-vehicle 0
648.0 1907.0 668.0 1905.0 672.0 1941.0 657.0 1945.0 small-vehicle 0
672.0 1903.0 689.0 1898.0 694.0 1938.0 678.0 1939.0 small-vehicle 0
757.0 1901.0 772.0 1898.0 779.0 1925.0 763.0 1927.0 small-vehicle 0
899.0 1893.0 887.0 1893.0 876.0 1859.0 888.0 1854.0 small-vehicle 0
1028.0 1456.0 1026.0 1437.0 1062.0 1442.0 1062.0 1458.0 small-vehicle 0
1474.0 1180.0 1468.0 1165.0 1495.0 1157.0 1498.0 1178.0 small-vehicle 0
817.0 1311.0 817.0 1299.0 846.0 1294.0 849.0 1306.0 small-vehicle 0
1469.0 1201.0 1474.0 1218.0 1442.0 1224.0 1441.0 1209.0 small-vehicle 0
1364.0 1202.0 1375.0 1220.0 1346.0 1227.0 1337.0 1211.0 small-vehicle 0
463.0 327.0 476.0 324.0 483.0 362.0 469.0 367.0 small-vehicle 1
480.0 325.0 497.0 319.0 505.0 359.0 490.0 363.0 small-vehicle 1
750.0 375.0 744.0 359.0 779.0 350.0 785.0 365.0 small-vehicle 1
216.0 571.0 220.0 555.0 261.0 569.0 256.0 583.0 small-vehicle 1
214.0 543.0 218.0 526.0 249.0 544.0 242.0 559.0 small-vehicle 1
249.0 537.0 255.0 522.0 288.0 534.0 283.0 550.0 small-vehicle 1
301.0 1114.0 298.0 1100.0 331.0 1092.0 333.0 1105.0 small-vehicle 1
831.0 1369.0 831.0 1352.0 867.0 1349.0 868.0 1365.0 small-vehicle 1
522.0 2359.0 510.0 2364.0 499.0 2323.0 512.0 2319.0 small-vehicle 1
1545.0 1086.0 1541.0 1073.0 1570.0 1066.0 1574.0 1080.0 small-vehicle 1
1466.0 1160.0 1464.0 1145.0 1494.0 1140.0 1496.0 1154.0 small-vehicle 1
255.0 1581.0 254.0 1600.0 220.0 1604.0 220.0 1583.0 small-vehicle 0
251.0 1557.0 254.0 1574.0 222.0 1584.0 214.0 1571.0 small-vehicle 0
109.0 1443.0 129.0 1445.0 124.0 1484.0 108.0 1484.0 small-vehicle 0
76.0 1447.0 97.0 1448.0 95.0 1488.0 76.0 1484.0 small-vehicle 0
821.0 1326.0 820.0 1313.0 848.0 1310.0 849.0 1322.0 small-vehicle 0
827.0 1348.0 823.0 1333.0 853.0 1326.0 856.0 1340.0 small-vehicle 0
1203.0 1087.0 1188.0 1092.0 1180.0 1057.0 1195.0 1053.0 small-vehicle 0
1214.0 1131.0 1198.0 1135.0 1192.0 1098.0 1207.0 1094.0 small-vehicle 0
1220.0 1168.0 1208.0 1171.0 1201.0 1141.0 1214.0 1138.0 small-vehicle 0
1300.0 1090.0 1302.0 1104.0 1271.0 1108.0 1268.0 1094.0 small-vehicle 0
1306.0 1108.0 1308.0 1121.0 1277.0 1125.0 1276.0 1112.0 small-vehicle 0
1310.0 1128.0 1311.0 1138.0 1281.0 1141.0 1278.0 1131.0 small-vehicle 0
1307.0 1148.0 1309.0 1160.0 1277.0 1168.0 1272.0 1154.0 small-vehicle 0
1316.0 1165.0 1318.0 1177.0 1285.0 1183.0 1282.0 1171.0 small-vehicle 0
1325.0 1179.0 1328.0 1194.0 1292.0 1201.0 1288.0 1187.0 small-vehicle 0
1324.0 1199.0 1328.0 1212.0 1293.0 1220.0 1288.0 1206.0 small-vehicle 0
1325.0 1220.0 1327.0 1232.0 1297.0 1235.0 1294.0 1224.0 small-vehicle 0
1327.0 1237.0 1330.0 1249.0 1297.0 1255.0 1295.0 1242.0 small-vehicle 0
1320.0 1136.0 1317.0 1123.0 1348.0 1114.0 1352.0 1127.0 small-vehicle 0
1324.0 1155.0 1322.0 1140.0 1354.0 1133.0 1358.0 1149.0 small-vehicle 0
1354.0 1151.0 1356.0 1165.0 1328.0 1172.0 1323.0 1160.0 small-vehicle 0
1333.0 1189.0 1331.0 1176.0 1359.0 1170.0 1364.0 1182.0 small-vehicle 0
1339.0 1206.0 1335.0 1192.0 1365.0 1187.0 1368.0 1201.0 small-vehicle 0
1437.0 1047.0 1433.0 1034.0 1468.0 1029.0 1470.0 1041.0 small-vehicle 0
1432.0 1057.0 1436.0 1071.0 1402.0 1078.0 1400.0 1064.0 small-vehicle 0
1446.0 1113.0 1448.0 1126.0 1415.0 1134.0 1411.0 1121.0 small-vehicle 0
1450.0 1106.0 1448.0 1094.0 1479.0 1088.0 1482.0 1101.0 small-vehicle 0
1455.0 1125.0 1453.0 1112.0 1486.0 1105.0 1488.0 1117.0 small-vehicle 0
1464.0 1143.0 1461.0 1131.0 1488.0 1126.0 1492.0 1138.0 small-vehicle 0
1463.0 1187.0 1466.0 1200.0 1431.0 1208.0 1425.0 1193.0 small-vehicle 0
34.0 1449.0 48.0 1450.0 47.0 1487.0 32.0 1487.0 small-vehicle 0
161.0 495.0 150.0 485.0 176.0 463.0 186.0 473.0 large-vehicle 0
