imagesource:GoogleEarth
gsd:0.114196973007
838.0 902.0 817.0 903.0 812.0 852.0 834.0 850.0 large-vehicle 0
486.0 492.0 488.0 517.0 422.0 522.0 422.0 496.0 large-vehicle 0
706.0 643.0 700.0 618.0 778.0 598.0 783.0 622.0 large-vehicle 0
718.0 668.0 713.0 645.0 781.0 629.0 787.0 653.0 large-vehicle 0
722.0 697.0 717.0 673.0 797.0 655.0 801.0 680.0 large-vehicle 0
732.0 726.0 728.0 701.0 802.0 685.0 808.0 709.0 large-vehicle 0
818.0 793.0 791.0 796.0 780.0 721.0 808.0 717.0 large-vehicle 0
491.0 592.0 491.0 618.0 424.0 620.0 424.0 594.0 large-vehicle 0
491.0 556.0 492.0 583.0 417.0 589.0 415.0 562.0 large-vehicle 0
495.0 459.0 498.0 486.0 398.0 491.0 397.0 465.0 large-vehicle 0
697.0 584.0 691.0 559.0 767.0 539.0 773.0 563.0 large-vehicle 0
484.0 425.0 487.0 450.0 401.0 459.0 398.0 433.0 large-vehicle 0
481.0 397.0 482.0 421.0 417.0 423.0 416.0 400.0 large-vehicle 0
525.0 386.0 501.0 386.0 498.0 308.0 523.0 307.0 large-vehicle 0
458.0 248.0 454.0 272.0 369.0 260.0 374.0 236.0 large-vehicle 0
408.0 209.0 409.0 234.0 332.0 236.0 331.0 210.0 large-vehicle 0
338.0 249.0 335.0 273.0 249.0 264.0 253.0 237.0 large-vehicle 0
316.0 166.0 318.0 192.0 244.0 199.0 241.0 172.0 large-vehicle 0
716.0 608.0 710.0 586.0 776.0 568.0 782.0 591.0 large-vehicle 0
689.0 554.0 680.0 531.0 749.0 507.0 759.0 530.0 large-vehicle 0
569.0 269.0 557.0 247.0 615.0 214.0 628.0 234.0 large-vehicle 0
588.0 320.0 578.0 302.0 627.0 273.0 638.0 291.0 large-vehicle 0
538.0 221.0 528.0 202.0 576.0 175.0 587.0 195.0 large-vehicle 0
528.0 192.0 518.0 174.0 567.0 149.0 576.0 166.0 large-vehicle 0
472.0 151.0 463.0 133.0 513.0 108.0 521.0 125.0 large-vehicle 0
472.0 125.0 463.0 108.0 512.0 82.0 521.0 99.0 large-vehicle 0
1076.0 63.0 1051.0 64.0 1045.0 9.0 1070.0 9.0 large-vehicle 1
1111.0 94.0 1089.0 96.0 1078.0 9.0 1102.0 7.0 large-vehicle 0
499.0 172.0 489.0 149.0 556.0 110.0 568.0 133.0 large-vehicle 0
543.0 249.0 530.0 225.0 599.0 187.0 612.0 210.0 large-vehicle 0
665.0 510.0 659.0 484.0 738.0 460.0 747.0 482.0 large-vehicle 0
577.0 299.0 564.0 277.0 629.0 238.0 644.0 260.0 large-vehicle 0
598.0 345.0 587.0 323.0 658.0 286.0 671.0 308.0 large-vehicle 0
613.0 374.0 601.0 348.0 675.0 313.0 687.0 337.0 large-vehicle 0
625.0 402.0 614.0 380.0 685.0 344.0 698.0 367.0 large-vehicle 0
637.0 428.0 628.0 403.0 697.0 370.0 709.0 393.0 large-vehicle 0
660.0 450.0 651.0 428.0 715.0 399.0 725.0 422.0 large-vehicle 0
666.0 477.0 659.0 452.0 730.0 429.0 739.0 454.0 large-vehicle 0
325.0 139.0 325.0 163.0 249.0 161.0 250.0 137.0 large-vehicle 0
