imagesource:GoogleEarth
gsd:0.10660573807
3720.0 2440.0 3706.0 2455.0 3672.0 2416.0 3689.0 2401.0 small-vehicle 0
681.0 613.0 708.0 619.0 692.0 687.0 664.0 680.0 large-vehicle 0
438.0 845.0 454.0 826.0 512.0 875.0 497.0 894.0 large-vehicle 0
505.0 776.0 520.0 758.0 583.0 815.0 567.0 833.0 large-vehicle 0
532.0 759.0 549.0 741.0 604.0 794.0 586.0 812.0 large-vehicle 0
547.0 733.0 565.0 714.0 620.0 764.0 603.0 785.0 large-vehicle 0
568.0 710.0 585.0 693.0 637.0 740.0 620.0 759.0 large-vehicle 0
591.0 690.0 608.0 673.0 663.0 722.0 645.0 741.0 large-vehicle 0
748.0 676.0 765.0 698.0 703.0 743.0 687.0 722.0 large-vehicle 0
396.0 891.0 411.0 871.0 471.0 919.0 455.0 940.0 large-vehicle 0
767.0 702.0 782.0 724.0 718.0 766.0 702.0 745.0 large-vehicle 0
783.0 729.0 798.0 749.0 739.0 790.0 724.0 769.0 large-vehicle 0
800.0 754.0 816.0 776.0 757.0 815.0 741.0 794.0 large-vehicle 0
821.0 781.0 835.0 802.0 769.0 844.0 754.0 822.0 large-vehicle 0
545.0 1071.0 565.0 1057.0 607.0 1118.0 586.0 1131.0 large-vehicle 0
599.0 1041.0 619.0 1026.0 657.0 1082.0 635.0 1096.0 large-vehicle 0
417.0 866.0 433.0 847.0 491.0 896.0 475.0 917.0 large-vehicle 0
364.0 1030.0 353.0 1047.0 304.0 1017.0 316.0 1000.0 large-vehicle 0
648.0 1004.0 670.0 991.0 706.0 1046.0 684.0 1060.0 large-vehicle 0
1126.0 138.0 1136.0 156.0 1083.0 184.0 1072.0 164.0 large-vehicle 0
808.0 327.0 819.0 345.0 767.0 379.0 753.0 362.0 large-vehicle 0
860.0 293.0 872.0 311.0 825.0 341.0 813.0 321.0 large-vehicle 0
908.0 260.0 919.0 278.0 876.0 306.0 864.0 287.0 large-vehicle 0
960.0 223.0 970.0 239.0 919.0 272.0 907.0 254.0 large-vehicle 0
1015.0 193.0 1027.0 210.0 974.0 241.0 962.0 222.0 large-vehicle 0
1067.0 165.0 1078.0 182.0 1033.0 209.0 1021.0 190.0 large-vehicle 0
1190.0 107.0 1198.0 124.0 1148.0 148.0 1140.0 130.0 large-vehicle 0
385.0 1012.0 370.0 1030.0 319.0 990.0 335.0 972.0 large-vehicle 0
1250.0 76.0 1258.0 95.0 1204.0 121.0 1194.0 101.0 large-vehicle 0
1305.0 56.0 1314.0 74.0 1266.0 96.0 1256.0 77.0 large-vehicle 0
1361.0 33.0 1369.0 52.0 1320.0 72.0 1310.0 53.0 large-vehicle 0
1417.0 13.0 1425.0 32.0 1376.0 51.0 1369.0 32.0 large-vehicle 0
426.0 971.0 412.0 987.0 350.0 941.0 364.0 923.0 large-vehicle 0
408.0 990.0 394.0 1008.0 333.0 962.0 346.0 945.0 large-vehicle 0
620.0 1016.0 640.0 1003.0 677.0 1056.0 654.0 1070.0 large-vehicle 0
671.0 985.0 691.0 971.0 728.0 1023.0 707.0 1037.0 large-vehicle 0
689.0 409.0 702.0 426.0 653.0 464.0 639.0 447.0 large-vehicle 0
2332.0 911.0 2320.0 894.0 2372.0 860.0 2383.0 879.0 large-vehicle 0
2078.0 573.0 2062.0 549.0 2148.0 498.0 2162.0 520.0 large-vehicle 0
2101.0 604.0 2085.0 581.0 2167.0 528.0 2181.0 551.0 large-vehicle 0
2177.0 636.0 2164.0 617.0 2205.0 590.0 2217.0 607.0 large-vehicle 0
2189.0 670.0 2174.0 648.0 2223.0 619.0 2236.0 640.0 large-vehicle 0
2191.0 711.0 2176.0 689.0 2241.0 649.0 2254.0 671.0 large-vehicle 0
2298.0 851.0 2284.0 832.0 2333.0 800.0 2344.0 819.0 large-vehicle 0
2357.0 939.0 2344.0 921.0 2392.0 889.0 2404.0 909.0 large-vehicle 0
2022.0 485.0 2007.0 462.0 2076.0 421.0 2090.0 443.0 large-vehicle 0
2399.0 995.0 2384.0 977.0 2429.0 946.0 2441.0 963.0 large-vehicle 0
2417.0 1026.0 2402.0 1006.0 2448.0 976.0 2460.0 995.0 large-vehicle 0
2436.0 1055.0 2421.0 1037.0 2468.0 1007.0 2480.0 1027.0 large-vehicle 0
2034.0 1042.0 2054.0 1029.0 2109.0 1110.0 2088.0 1125.0 large-vehicle 0
2087.0 1218.0 2102.0 1240.0 1973.0 1326.0 1958.0 1302.0 large-vehicle 0
2113.0 1256.0 2126.0 1278.0 1995.0 1364.0 1980.0 1341.0 large-vehicle 0
2090.0 523.0 2075.0 502.0 2130.0 469.0 2142.0 490.0 large-vehicle 0
1635.0 569.0 1658.0 554.0 1710.0 632.0 1687.0 646.0 large-vehicle 0
704.0 976.0 724.0 962.0 760.0 1017.0 739.0 1031.0 large-vehicle 0
1233.0 988.0 1220.0 965.0 1302.0 912.0 1318.0 934.0 large-vehicle 0
726.0 954.0 747.0 940.0 782.0 988.0 759.0 1002.0 large-vehicle 0
999.0 887.0 1005.0 911.0 933.0 930.0 926.0 905.0 large-vehicle 0
1018.0 910.0 1026.0 935.0 956.0 957.0 949.0 932.0 large-vehicle 0
1032.0 940.0 1039.0 967.0 968.0 986.0 960.0 961.0 large-vehicle 0
1247.0 913.0 1260.0 932.0 1209.0 966.0 1196.0 947.0 large-vehicle 0
1184.0 904.0 1171.0 884.0 1215.0 856.0 1227.0 873.0 large-vehicle 0
1104.0 814.0 1086.0 824.0 1053.0 778.0 1070.0 767.0 large-vehicle 0
1609.0 586.0 1630.0 571.0 1684.0 647.0 1662.0 661.0 large-vehicle 0
1082.0 828.0 1065.0 839.0 1029.0 793.0 1045.0 782.0 large-vehicle 0
1342.0 780.0 1360.0 768.0 1393.0 819.0 1373.0 831.0 large-vehicle 0
1373.0 739.0 1394.0 724.0 1446.0 797.0 1426.0 813.0 large-vehicle 0
1216.0 741.0 1198.0 753.0 1164.0 704.0 1182.0 691.0 large-vehicle 0
1314.0 677.0 1296.0 689.0 1261.0 641.0 1279.0 629.0 large-vehicle 0
1572.0 609.0 1594.0 593.0 1647.0 668.0 1625.0 682.0 large-vehicle 0
746.0 370.0 759.0 385.0 708.0 421.0 696.0 405.0 large-vehicle 0
632.0 455.0 648.0 472.0 600.0 512.0 585.0 495.0 large-vehicle 0
2164.0 1323.0 2179.0 1347.0 2047.0 1434.0 2031.0 1410.0 large-vehicle 0
818.0 229.0 814.0 249.0 748.0 234.0 753.0 215.0 large-vehicle 0
890.0 119.0 884.0 138.0 826.0 119.0 834.0 101.0 large-vehicle 0
932.0 165.0 927.0 185.0 873.0 169.0 880.0 150.0 large-vehicle 0
871.0 146.0 865.0 168.0 803.0 148.0 809.0 127.0 large-vehicle 0
882.0 183.0 878.0 202.0 819.0 189.0 824.0 168.0 large-vehicle 0
812.0 165.0 807.0 183.0 758.0 168.0 765.0 149.0 large-vehicle 0
851.0 205.0 846.0 224.0 788.0 209.0 794.0 190.0 large-vehicle 0
750.0 213.0 745.0 233.0 688.0 217.0 694.0 197.0 large-vehicle 0
966.0 108.0 959.0 131.0 879.0 106.0 886.0 81.0 large-vehicle 0
786.0 255.0 780.0 275.0 722.0 261.0 728.0 240.0 large-vehicle 0
726.0 237.0 722.0 258.0 659.0 242.0 664.0 222.0 large-vehicle 0
750.0 274.0 748.0 294.0 689.0 284.0 692.0 265.0 large-vehicle 0
683.0 260.0 679.0 280.0 612.0 268.0 616.0 249.0 large-vehicle 0
714.0 300.0 711.0 320.0 657.0 311.0 662.0 289.0 large-vehicle 0
648.0 286.0 644.0 307.0 588.0 295.0 593.0 275.0 large-vehicle 0
956.0 142.0 951.0 161.0 892.0 143.0 899.0 124.0 large-vehicle 0
985.0 81.0 977.0 103.0 905.0 77.0 913.0 54.0 large-vehicle 0
624.0 313.0 620.0 333.0 555.0 319.0 561.0 299.0 large-vehicle 0
73.0 809.0 95.0 814.0 83.0 875.0 58.0 871.0 large-vehicle 0
218.0 337.0 241.0 343.0 218.0 405.0 197.0 397.0 large-vehicle 0
167.0 478.0 190.0 484.0 176.0 536.0 151.0 528.0 large-vehicle 0
143.0 553.0 167.0 560.0 152.0 615.0 126.0 607.0 large-vehicle 0
130.0 621.0 151.0 627.0 136.0 678.0 112.0 670.0 large-vehicle 0
113.0 683.0 134.0 690.0 119.0 739.0 97.0 733.0 large-vehicle 0
97.0 742.0 118.0 750.0 98.0 808.0 75.0 800.0 large-vehicle 0
53.0 878.0 75.0 883.0 63.0 936.0 38.0 931.0 large-vehicle 0
837.0 59.0 820.0 72.0 782.0 22.0 801.0 9.0 large-vehicle 0
41.0 936.0 62.0 940.0 53.0 983.0 31.0 978.0 large-vehicle 0
29.0 987.0 51.0 993.0 34.0 1054.0 11.0 1047.0 large-vehicle 0
12.0 1062.0 29.0 1067.0 13.0 1123.0 12.0 1063.0 large-vehicle 1
544.0 58.0 530.0 40.0 573.0 4.0 604.0 9.0 large-vehicle 1
673.0 122.0 690.0 111.0 717.0 151.0 700.0 162.0 large-vehicle 0
693.0 106.0 710.0 93.0 740.0 132.0 723.0 146.0 large-vehicle 0
692.0 330.0 688.0 349.0 625.0 337.0 629.0 316.0 large-vehicle 0
637.0 347.0 634.0 372.0 525.0 354.0 529.0 328.0 large-vehicle 0
552.0 525.0 570.0 542.0 529.0 577.0 513.0 559.0 large-vehicle 0
202.0 886.0 223.0 901.0 179.0 958.0 157.0 940.0 large-vehicle 0
277.0 624.0 275.0 645.0 210.0 640.0 212.0 619.0 large-vehicle 0
265.0 681.0 282.0 696.0 239.0 743.0 220.0 728.0 large-vehicle 0
170.0 706.0 195.0 713.0 180.0 768.0 154.0 761.0 large-vehicle 0
155.0 769.0 180.0 775.0 164.0 831.0 141.0 825.0 large-vehicle 0
219.0 732.0 238.0 746.0 205.0 792.0 183.0 778.0 large-vehicle 0
134.0 978.0 154.0 990.0 124.0 1036.0 103.0 1024.0 large-vehicle 0
263.0 813.0 280.0 827.0 242.0 871.0 224.0 856.0 large-vehicle 0
301.0 595.0 300.0 615.0 233.0 612.0 235.0 591.0 large-vehicle 0
300.0 770.0 316.0 783.0 288.0 816.0 272.0 804.0 large-vehicle 0
336.0 730.0 354.0 743.0 326.0 777.0 308.0 762.0 large-vehicle 0
382.0 690.0 396.0 705.0 360.0 740.0 343.0 723.0 large-vehicle 0
419.0 651.0 433.0 665.0 399.0 701.0 382.0 687.0 large-vehicle 0
458.0 609.0 475.0 625.0 437.0 663.0 420.0 647.0 large-vehicle 0
503.0 563.0 521.0 578.0 477.0 623.0 460.0 606.0 large-vehicle 0
343.0 630.0 342.0 651.0 276.0 649.0 277.0 626.0 large-vehicle 0
362.0 599.0 362.0 620.0 307.0 618.0 308.0 598.0 large-vehicle 0
602.0 374.0 596.0 399.0 490.0 379.0 495.0 354.0 large-vehicle 0
486.0 485.0 485.0 505.0 433.0 501.0 436.0 480.0 large-vehicle 0
635.0 375.0 647.0 393.0 596.0 429.0 582.0 411.0 large-vehicle 0
573.0 399.0 570.0 423.0 460.0 409.0 464.0 384.0 large-vehicle 0
544.0 427.0 540.0 452.0 431.0 441.0 435.0 415.0 large-vehicle 0
565.0 430.0 580.0 445.0 546.0 475.0 531.0 458.0 large-vehicle 0
516.0 457.0 514.0 478.0 462.0 474.0 464.0 454.0 large-vehicle 0
529.0 463.0 546.0 480.0 504.0 513.0 488.0 497.0 large-vehicle 0
445.0 449.0 443.0 469.0 382.0 464.0 385.0 443.0 large-vehicle 0
324.0 568.0 323.0 588.0 260.0 583.0 262.0 562.0 large-vehicle 0
427.0 481.0 421.0 501.0 358.0 487.0 362.0 467.0 large-vehicle 0
451.0 513.0 449.0 534.0 384.0 529.0 386.0 507.0 large-vehicle 0
383.0 507.0 380.0 527.0 323.0 519.0 327.0 498.0 large-vehicle 0
422.0 543.0 421.0 564.0 357.0 560.0 358.0 539.0 large-vehicle 0
357.0 538.0 356.0 558.0 296.0 553.0 298.0 533.0 large-vehicle 0
390.0 573.0 389.0 594.0 329.0 588.0 331.0 568.0 large-vehicle 0
2143.0 1288.0 2158.0 1311.0 2062.0 1374.0 2047.0 1351.0 large-vehicle 0
2192.0 1359.0 2206.0 1380.0 2119.0 1438.0 2104.0 1416.0 large-vehicle 0
1095.0 1149.0 1118.0 1138.0 1166.0 1213.0 1146.0 1224.0 large-vehicle 0
1377.0 2254.0 1391.0 2279.0 1260.0 2360.0 1243.0 2333.0 large-vehicle 0
2265.0 1279.0 2287.0 1265.0 2342.0 1349.0 2318.0 1363.0 large-vehicle 0
2491.0 1144.0 2480.0 1125.0 2525.0 1096.0 2536.0 1112.0 large-vehicle 0
2542.0 1125.0 2554.0 1143.0 2506.0 1178.0 2494.0 1159.0 large-vehicle 0
1322.0 1088.0 1307.0 1062.0 1428.0 982.0 1443.0 1006.0 large-vehicle 0
1343.0 1121.0 1327.0 1096.0 1451.0 1016.0 1465.0 1039.0 large-vehicle 0
1365.0 1153.0 1350.0 1126.0 1473.0 1050.0 1489.0 1076.0 large-vehicle 0
1608.0 2227.0 1623.0 2248.0 1543.0 2301.0 1528.0 2278.0 large-vehicle 0
1763.0 1798.0 1746.0 1777.0 1872.0 1692.0 1889.0 1715.0 large-vehicle 0
3892.0 2012.0 3917.0 1997.0 3960.0 2066.0 3936.0 2082.0 large-vehicle 0
3293.0 1460.0 3317.0 1446.0 3373.0 1533.0 3349.0 1549.0 large-vehicle 0
3325.0 1442.0 3347.0 1429.0 3403.0 1514.0 3381.0 1529.0 large-vehicle 0
3354.0 1420.0 3374.0 1408.0 3421.0 1476.0 3401.0 1490.0 large-vehicle 0
3423.0 1450.0 3444.0 1437.0 3484.0 1500.0 3461.0 1515.0 large-vehicle 0
3414.0 1371.0 3437.0 1357.0 3517.0 1484.0 3495.0 1500.0 large-vehicle 0
1786.0 1830.0 1769.0 1806.0 1900.0 1723.0 1915.0 1746.0 large-vehicle 0
1726.0 1735.0 1709.0 1711.0 1788.0 1659.0 1804.0 1684.0 large-vehicle 0
3480.0 1334.0 3500.0 1320.0 3555.0 1402.0 3534.0 1417.0 large-vehicle 0
1461.0 1605.0 1473.0 1626.0 1393.0 1678.0 1379.0 1655.0 large-vehicle 0
1539.0 1960.0 1519.0 1974.0 1431.0 1845.0 1452.0 1830.0 large-vehicle 0
1577.0 1949.0 1555.0 1964.0 1468.0 1835.0 1491.0 1820.0 large-vehicle 0
1549.0 1718.0 1564.0 1741.0 1468.0 1798.0 1453.0 1774.0 large-vehicle 0
1522.0 1685.0 1536.0 1707.0 1448.0 1764.0 1434.0 1742.0 large-vehicle 0
1504.0 1652.0 1518.0 1674.0 1429.0 1733.0 1413.0 1710.0 large-vehicle 0
1487.0 1625.0 1500.0 1647.0 1408.0 1704.0 1396.0 1681.0 large-vehicle 0
1435.0 1588.0 1449.0 1608.0 1377.0 1654.0 1362.0 1631.0 large-vehicle 0
1738.0 1670.0 1723.0 1648.0 1822.0 1585.0 1835.0 1607.0 large-vehicle 1
1429.0 1558.0 1442.0 1578.0 1361.0 1628.0 1346.0 1605.0 large-vehicle 0
1416.0 1524.0 1391.0 1537.0 1310.0 1403.0 1332.0 1392.0 large-vehicle 0
1560.0 1466.0 1547.0 1441.0 1669.0 1362.0 1685.0 1387.0 large-vehicle 0
1596.0 1503.0 1581.0 1480.0 1711.0 1400.0 1725.0 1422.0 large-vehicle 0
1640.0 1549.0 1622.0 1526.0 1750.0 1444.0 1765.0 1467.0 large-vehicle 0
1637.0 1589.0 1624.0 1567.0 1753.0 1488.0 1767.0 1508.0 large-vehicle 0
3451.0 1353.0 3472.0 1340.0 3526.0 1426.0 3503.0 1442.0 large-vehicle 0
937.0 966.0 924.0 986.0 860.0 938.0 877.0 917.0 large-vehicle 0
1466.0 2003.0 1443.0 2019.0 1354.0 1890.0 1376.0 1877.0 large-vehicle 0
2533.0 1170.0 2542.0 1193.0 2511.0 1211.0 2495.0 1191.0 small-vehicle 0
3052.0 944.0 3072.0 931.0 3092.0 968.0 3076.0 979.0 small-vehicle 0
3082.0 932.0 3096.0 923.0 3123.0 964.0 3107.0 976.0 small-vehicle 0
2953.0 1005.0 2973.0 995.0 2992.0 1026.0 2973.0 1037.0 small-vehicle 0
2784.0 1111.0 2805.0 1097.0 2825.0 1137.0 2810.0 1144.0 small-vehicle 0
2705.0 1162.0 2724.0 1148.0 2744.0 1182.0 2729.0 1192.0 small-vehicle 0
2648.0 1196.0 2664.0 1180.0 2688.0 1219.0 2670.0 1231.0 small-vehicle 0
3178.0 2255.0 3197.0 2263.0 3177.0 2303.0 3159.0 2293.0 small-vehicle 0
3191.0 783.0 3206.0 772.0 3225.0 803.0 3211.0 811.0 small-vehicle 0
2241.0 1116.0 2221.0 1098.0 2255.0 1069.0 2269.0 1087.0 small-vehicle 0
4096.0 2203.0 4076.0 2215.0 4048.0 2169.0 4065.0 2154.0 small-vehicle 0
4148.0 2178.0 4127.0 2190.0 4100.0 2141.0 4121.0 2129.0 small-vehicle 0
3660.0 2478.0 3646.0 2491.0 3626.0 2461.0 3640.0 2449.0 small-vehicle 0
653.0 132.0 667.0 119.0 696.0 159.0 678.0 171.0 small-vehicle 0
778.0 187.0 773.0 204.0 735.0 189.0 743.0 174.0 small-vehicle 0
3207.0 764.0 3220.0 753.0 3242.0 790.0 3229.0 796.0 small-vehicle 0
1724.0 246.0 1745.0 235.0 1760.0 271.0 1744.0 282.0 small-vehicle 0
692.0 2127.0 685.0 2105.0 737.0 2084.0 744.0 2104.0 large-vehicle 0
38.0 1544.0 43.0 1523.0 86.0 1541.0 78.0 1562.0 small-vehicle 0
161.0 1299.0 157.0 1313.0 122.0 1298.0 125.0 1280.0 small-vehicle 0
148.0 1342.0 138.0 1353.0 106.0 1339.0 113.0 1324.0 small-vehicle 0
134.0 1363.0 126.0 1378.0 92.0 1359.0 102.0 1344.0 small-vehicle 0
131.0 1390.0 120.0 1405.0 86.0 1384.0 90.0 1366.0 small-vehicle 0
121.0 1413.0 112.0 1426.0 74.0 1408.0 84.0 1391.0 small-vehicle 0
53.0 1455.0 63.0 1432.0 106.0 1458.0 94.0 1481.0 small-vehicle 0
440.0 1561.0 450.0 1577.0 419.0 1599.0 407.0 1584.0 small-vehicle 0
1681.0 272.0 1699.0 260.0 1719.0 302.0 1702.0 306.0 small-vehicle 0
643.0 2043.0 632.0 2024.0 665.0 2006.0 678.0 2025.0 small-vehicle 0
566.0 2245.0 553.0 2255.0 535.0 2222.0 548.0 2209.0 small-vehicle 0
466.0 2444.0 480.0 2432.0 501.0 2473.0 484.0 2480.0 small-vehicle 0
1969.0 1635.0 1983.0 1619.0 2006.0 1653.0 1987.0 1664.0 small-vehicle 0
1261.0 852.0 1275.0 872.0 1246.0 888.0 1233.0 871.0 small-vehicle 0
1580.0 439.0 1598.0 429.0 1613.0 464.0 1600.0 471.0 small-vehicle 0
1461.0 1937.0 1438.0 1952.0 1382.0 1870.0 1402.0 1856.0 large-vehicle 0
1432.0 2028.0 1408.0 2042.0 1325.0 1910.0 1347.0 1897.0 large-vehicle 0
2214.0 1392.0 2228.0 1415.0 2141.0 1470.0 2126.0 1449.0 large-vehicle 0
3305.0 1055.0 3325.0 1042.0 3368.0 1112.0 3347.0 1126.0 large-vehicle 0
3041.0 1210.0 3063.0 1195.0 3116.0 1279.0 3093.0 1294.0 large-vehicle 0
3111.0 1177.0 3132.0 1162.0 3191.0 1245.0 3169.0 1262.0 large-vehicle 0
3135.0 1149.0 3156.0 1136.0 3215.0 1224.0 3195.0 1239.0 large-vehicle 0
3172.0 1134.0 3194.0 1120.0 3237.0 1187.0 3215.0 1202.0 large-vehicle 0
3234.0 1089.0 3255.0 1077.0 3300.0 1145.0 3276.0 1159.0 large-vehicle 0
3272.0 1075.0 3293.0 1063.0 3338.0 1131.0 3314.0 1147.0 large-vehicle 0
3338.0 1039.0 3360.0 1026.0 3414.0 1109.0 3390.0 1125.0 large-vehicle 0
2985.0 1261.0 3006.0 1249.0 3052.0 1323.0 3028.0 1336.0 large-vehicle 0
3370.0 1025.0 3391.0 1012.0 3448.0 1096.0 3427.0 1112.0 large-vehicle 0
3406.0 1003.0 3426.0 990.0 3465.0 1049.0 3444.0 1062.0 large-vehicle 0
3427.0 971.0 3449.0 957.0 3499.0 1032.0 3477.0 1048.0 large-vehicle 0
3454.0 948.0 3476.0 933.0 3516.0 990.0 3494.0 1006.0 large-vehicle 0
3646.0 976.0 3658.0 994.0 3608.0 1028.0 3596.0 1010.0 large-vehicle 0
3582.0 1096.0 3567.0 1075.0 3651.0 1016.0 3665.0 1037.0 large-vehicle 0
3006.0 1225.0 3027.0 1212.0 3069.0 1274.0 3047.0 1288.0 large-vehicle 0
2946.0 1272.0 2967.0 1259.0 3023.0 1345.0 2999.0 1360.0 large-vehicle 0
3635.0 1147.0 3621.0 1124.0 3706.0 1068.0 3722.0 1090.0 large-vehicle 0
2478.0 1565.0 2500.0 1552.0 2576.0 1683.0 2555.0 1697.0 large-vehicle 0
2239.0 1431.0 2254.0 1451.0 2123.0 1538.0 2109.0 1515.0 large-vehicle 0
2264.0 1468.0 2278.0 1491.0 2188.0 1546.0 2174.0 1524.0 large-vehicle 0
2134.0 1561.0 2148.0 1584.0 2066.0 1640.0 2051.0 1618.0 large-vehicle 0
2350.0 1649.0 2371.0 1635.0 2454.0 1761.0 2429.0 1777.0 large-vehicle 0
2381.0 1629.0 2404.0 1614.0 2485.0 1740.0 2463.0 1756.0 large-vehicle 0
2442.0 1586.0 2462.0 1571.0 2546.0 1699.0 2522.0 1713.0 large-vehicle 0
2522.0 1566.0 2542.0 1554.0 2601.0 1646.0 2581.0 1659.0 large-vehicle 0
2917.0 1291.0 2938.0 1279.0 2988.0 1352.0 2965.0 1367.0 large-vehicle 0
2626.0 1520.0 2646.0 1508.0 2706.0 1598.0 2685.0 1613.0 large-vehicle 0
2665.0 1449.0 2691.0 1432.0 2770.0 1561.0 2746.0 1575.0 large-vehicle 0
2548.0 1535.0 2571.0 1521.0 2648.0 1651.0 2627.0 1668.0 large-vehicle 0
2685.0 1536.0 2702.0 1526.0 2736.0 1579.0 2717.0 1590.0 large-vehicle 0
2840.0 1377.0 2863.0 1361.0 2921.0 1447.0 2899.0 1461.0 large-vehicle 0
2901.0 1346.0 2922.0 1332.0 2971.0 1402.0 2950.0 1419.0 large-vehicle 0
3605.0 1125.0 3590.0 1103.0 3657.0 1057.0 3672.0 1078.0 large-vehicle 0
3640.0 1196.0 3625.0 1172.0 3723.0 1107.0 3738.0 1128.0 large-vehicle 0
1400.0 2053.0 1376.0 2069.0 1289.0 1942.0 1312.0 1927.0 large-vehicle 0
1079.0 2184.0 1060.0 2198.0 1021.0 2145.0 1039.0 2132.0 large-vehicle 0
474.0 2362.0 448.0 2378.0 390.0 2293.0 414.0 2277.0 large-vehicle 0
507.0 2341.0 480.0 2357.0 426.0 2268.0 451.0 2254.0 large-vehicle 0
552.0 2317.0 529.0 2331.0 468.0 2243.0 489.0 2229.0 large-vehicle 0
573.0 2296.0 549.0 2312.0 494.0 2226.0 518.0 2210.0 large-vehicle 0
1027.0 2252.0 1005.0 2267.0 947.0 2184.0 967.0 2169.0 large-vehicle 0
1064.0 2241.0 1039.0 2254.0 987.0 2173.0 1010.0 2159.0 large-vehicle 0
1096.0 2155.0 1071.0 2170.0 1012.0 2085.0 1036.0 2068.0 large-vehicle 0
3306.0 1699.0 3322.0 1720.0 3254.0 1766.0 3238.0 1744.0 large-vehicle 0
1194.0 2196.0 1166.0 2210.0 1081.0 2081.0 1103.0 2068.0 large-vehicle 0
1193.0 2110.0 1171.0 2125.0 1114.0 2041.0 1134.0 2027.0 large-vehicle 0
1222.0 2087.0 1199.0 2103.0 1145.0 2026.0 1166.0 2011.0 large-vehicle 0
1252.0 2072.0 1228.0 2087.0 1173.0 2004.0 1194.0 1990.0 large-vehicle 0
1332.0 2104.0 1310.0 2119.0 1225.0 1990.0 1246.0 1976.0 large-vehicle 0
1366.0 2078.0 1346.0 2093.0 1258.0 1966.0 1279.0 1952.0 large-vehicle 0
3299.0 1973.0 3284.0 1951.0 3368.0 1896.0 3383.0 1918.0 large-vehicle 0
3285.0 1673.0 3299.0 1695.0 3227.0 1743.0 3212.0 1722.0 large-vehicle 0
3667.0 1228.0 3652.0 1204.0 3712.0 1164.0 3727.0 1185.0 large-vehicle 0
3825.0 1446.0 3811.0 1423.0 3895.0 1372.0 3909.0 1394.0 large-vehicle 0
3699.0 1251.0 3684.0 1229.0 3773.0 1175.0 3787.0 1197.0 large-vehicle 0
3710.0 1287.0 3697.0 1264.0 3755.0 1228.0 3768.0 1250.0 large-vehicle 0
3737.0 1322.0 3721.0 1301.0 3777.0 1259.0 3793.0 1278.0 large-vehicle 0
3752.0 1357.0 3738.0 1336.0 3799.0 1295.0 3813.0 1316.0 large-vehicle 0
3780.0 1384.0 3765.0 1361.0 3837.0 1311.0 3853.0 1333.0 large-vehicle 0
3792.0 1424.0 3776.0 1400.0 3863.0 1343.0 3879.0 1366.0 large-vehicle 0
3867.0 1565.0 3853.0 1540.0 3985.0 1460.0 3998.0 1482.0 large-vehicle 0
3325.0 1603.0 3305.0 1617.0 3253.0 1545.0 3274.0 1531.0 large-vehicle 0
3936.0 1657.0 3920.0 1635.0 3980.0 1598.0 3994.0 1620.0 large-vehicle 0
3044.0 1636.0 3066.0 1621.0 3125.0 1704.0 3101.0 1722.0 large-vehicle 0
3066.0 1599.0 3089.0 1586.0 3147.0 1670.0 3124.0 1687.0 large-vehicle 0
3132.0 1556.0 3151.0 1544.0 3200.0 1621.0 3180.0 1633.0 large-vehicle 0
3162.0 1539.0 3184.0 1524.0 3244.0 1606.0 3220.0 1622.0 large-vehicle 0
3193.0 1517.0 3216.0 1503.0 3257.0 1564.0 3234.0 1578.0 large-vehicle 0
233.0 277.0 258.0 284.0 242.0 341.0 217.0 333.0 large-vehicle 0
