imagesource:GoogleEarth
gsd:0.110223515787
463.0 1038.0 443.0 1032.0 457.0 982.0 477.0 986.0 small-vehicle 0
1517.0 1073.0 1540.0 1059.0 1591.0 1139.0 1568.0 1153.0 large-vehicle 0
1161.0 1116.0 1184.0 1103.0 1227.0 1176.0 1202.0 1190.0 large-vehicle 0
1201.0 1112.0 1221.0 1100.0 1268.0 1171.0 1241.0 1184.0 large-vehicle 0
1241.0 1106.0 1263.0 1094.0 1307.0 1164.0 1282.0 1176.0 large-vehicle 0
1285.0 1104.0 1307.0 1091.0 1346.0 1160.0 1319.0 1173.0 large-vehicle 0
1318.0 1093.0 1343.0 1079.0 1389.0 1161.0 1363.0 1173.0 large-vehicle 0
1366.0 1101.0 1387.0 1088.0 1427.0 1155.0 1401.0 1168.0 large-vehicle 0
1398.0 1090.0 1420.0 1075.0 1471.0 1153.0 1446.0 1166.0 large-vehicle 0
1438.0 1088.0 1462.0 1074.0 1511.0 1150.0 1487.0 1165.0 large-vehicle 0
1481.0 1080.0 1506.0 1065.0 1552.0 1147.0 1527.0 1164.0 large-vehicle 0
1564.0 1079.0 1586.0 1067.0 1633.0 1132.0 1611.0 1148.0 large-vehicle 0
1698.0 843.0 1715.0 840.0 1719.0 874.0 1701.0 876.0 small-vehicle 0
1727.0 1152.0 1700.0 1166.0 1659.0 1090.0 1684.0 1075.0 large-vehicle 1
1536.0 1351.0 1535.0 1333.0 1576.0 1329.0 1578.0 1347.0 small-vehicle 0
1522.0 1330.0 1520.0 1309.0 1572.0 1303.0 1574.0 1325.0 small-vehicle 0
1511.0 1299.0 1509.0 1280.0 1551.0 1274.0 1553.0 1294.0 small-vehicle 0
1429.0 1393.0 1429.0 1387.0 1472.0 1385.0 1474.0 1394.0 small-vehicle 1
541.0 1320.0 551.0 1339.0 507.0 1363.0 496.0 1341.0 small-vehicle 0
543.0 1347.0 556.0 1363.0 521.0 1389.0 506.0 1370.0 small-vehicle 0
1660.0 914.0 1659.0 898.0 1700.0 899.0 1699.0 914.0 small-vehicle 0
1669.0 941.0 1668.0 923.0 1704.0 920.0 1706.0 940.0 small-vehicle 0
1119.0 1118.0 1143.0 1106.0 1187.0 1180.0 1163.0 1189.0 large-vehicle 0
1080.0 1122.0 1103.0 1110.0 1147.0 1177.0 1124.0 1190.0 large-vehicle 0
1031.0 1119.0 1054.0 1105.0 1108.0 1188.0 1084.0 1204.0 large-vehicle 0
998.0 1126.0 1019.0 1115.0 1065.0 1181.0 1040.0 1197.0 large-vehicle 0
255.0 1250.0 232.0 1264.0 191.0 1188.0 214.0 1173.0 large-vehicle 0
297.0 1247.0 275.0 1260.0 230.0 1185.0 253.0 1169.0 large-vehicle 0
336.0 1247.0 313.0 1260.0 274.0 1182.0 296.0 1170.0 large-vehicle 0
313.0 1181.0 334.0 1169.0 380.0 1242.0 356.0 1258.0 large-vehicle 0
467.0 1247.0 446.0 1257.0 399.0 1180.0 423.0 1167.0 large-vehicle 0
432.0 1173.0 450.0 1161.0 497.0 1236.0 475.0 1250.0 large-vehicle 0
465.0 1161.0 488.0 1148.0 541.0 1237.0 519.0 1252.0 large-vehicle 0
506.0 1154.0 527.0 1140.0 585.0 1228.0 562.0 1243.0 large-vehicle 0
548.0 1152.0 571.0 1139.0 626.0 1230.0 603.0 1244.0 large-vehicle 0
595.0 1154.0 615.0 1141.0 662.0 1219.0 638.0 1232.0 large-vehicle 0
640.0 1151.0 662.0 1139.0 706.0 1220.0 680.0 1235.0 large-vehicle 0
673.0 1152.0 695.0 1139.0 740.0 1211.0 718.0 1225.0 large-vehicle 0
714.0 1155.0 734.0 1141.0 783.0 1216.0 759.0 1230.0 large-vehicle 0
755.0 1149.0 777.0 1137.0 821.0 1211.0 797.0 1226.0 large-vehicle 0
787.0 1139.0 809.0 1122.0 865.0 1196.0 842.0 1212.0 large-vehicle 0
833.0 1139.0 854.0 1126.0 905.0 1201.0 881.0 1216.0 large-vehicle 0
878.0 1137.0 901.0 1126.0 946.0 1201.0 921.0 1213.0 large-vehicle 0
919.0 1128.0 940.0 1116.0 983.0 1194.0 958.0 1208.0 large-vehicle 0
959.0 1132.0 981.0 1120.0 1026.0 1187.0 1003.0 1202.0 large-vehicle 0
1667.0 965.0 1667.0 945.0 1704.0 944.0 1704.0 963.0 small-vehicle 0
1762.0 870.0 1761.0 852.0 1796.0 850.0 1797.0 869.0 small-vehicle 0
530.0 1070.0 503.0 1061.0 529.0 980.0 556.0 988.0 large-vehicle 0
1085.0 968.0 1059.0 970.0 1051.0 882.0 1078.0 880.0 large-vehicle 0
1818.0 30.0 1803.0 33.0 1797.0 11.0 1811.0 10.0 small-vehicle 1
1752.0 182.0 1751.0 164.0 1784.0 162.0 1785.0 177.0 small-vehicle 0
1791.0 194.0 1794.0 212.0 1755.0 214.0 1754.0 194.0 small-vehicle 0
1757.0 241.0 1755.0 222.0 1792.0 220.0 1795.0 236.0 small-vehicle 0
1760.0 264.0 1757.0 245.0 1798.0 241.0 1801.0 261.0 small-vehicle 0
1762.0 287.0 1760.0 268.0 1801.0 264.0 1802.0 286.0 small-vehicle 0
1769.0 358.0 1765.0 338.0 1805.0 334.0 1808.0 353.0 small-vehicle 0
1771.0 463.0 1772.0 443.0 1808.0 442.0 1808.0 462.0 small-vehicle 1
1827.0 758.0 1826.0 781.0 1799.0 782.0 1795.0 763.0 small-vehicle 1
1119.0 964.0 1095.0 968.0 1087.0 881.0 1114.0 879.0 large-vehicle 0
1797.0 874.0 1799.0 892.0 1766.0 894.0 1764.0 877.0 small-vehicle 0
1155.0 967.0 1128.0 969.0 1121.0 876.0 1149.0 874.0 large-vehicle 0
1205.0 958.0 1177.0 961.0 1168.0 873.0 1197.0 870.0 large-vehicle 0
1240.0 957.0 1213.0 959.0 1207.0 869.0 1232.0 868.0 large-vehicle 0
1275.0 956.0 1248.0 958.0 1243.0 868.0 1268.0 865.0 large-vehicle 0
1384.0 947.0 1359.0 948.0 1349.0 862.0 1376.0 858.0 large-vehicle 0
867.0 982.0 841.0 986.0 827.0 903.0 855.0 899.0 large-vehicle 0
882.0 929.0 903.0 926.0 910.0 987.0 886.0 989.0 large-vehicle 0
670.0 959.0 664.0 985.0 576.0 971.0 584.0 940.0 large-vehicle 0
680.0 1066.0 662.0 1057.0 681.0 1013.0 701.0 1022.0 small-vehicle 0
1532.0 100.0 1510.0 101.0 1507.0 56.0 1528.0 54.0 small-vehicle 0
1639.0 84.0 1621.0 84.0 1619.0 52.0 1637.0 51.0 small-vehicle 0
1661.0 84.0 1645.0 84.0 1643.0 48.0 1659.0 47.0 small-vehicle 0
1826.0 736.0 1827.0 755.0 1798.0 759.0 1796.0 740.0 small-vehicle 1
1765.0 918.0 1762.0 900.0 1796.0 896.0 1798.0 913.0 small-vehicle 0
1765.0 940.0 1764.0 923.0 1807.0 918.0 1808.0 936.0 small-vehicle 0
1696.0 793.0 1712.0 792.0 1715.0 828.0 1698.0 829.0 small-vehicle 0
1691.0 755.0 1708.0 753.0 1711.0 791.0 1693.0 791.0 small-vehicle 0
1683.0 701.0 1702.0 699.0 1708.0 743.0 1689.0 744.0 small-vehicle 0
1750.0 698.0 1766.0 697.0 1769.0 733.0 1751.0 733.0 small-vehicle 0
1751.0 733.0 1770.0 734.0 1768.0 777.0 1749.0 775.0 small-vehicle 0
1777.0 837.0 1760.0 837.0 1758.0 800.0 1774.0 800.0 small-vehicle 0
1574.0 948.0 1549.0 948.0 1542.0 845.0 1568.0 845.0 large-vehicle 0
1737.0 515.0 1751.0 514.0 1755.0 551.0 1739.0 552.0 small-vehicle 0
1812.0 494.0 1814.0 510.0 1776.0 512.0 1775.0 494.0 small-vehicle 0
1814.0 513.0 1817.0 531.0 1784.0 535.0 1780.0 517.0 small-vehicle 0
1822.0 532.0 1823.0 550.0 1783.0 552.0 1782.0 535.0 small-vehicle 0
1820.0 568.0 1823.0 589.0 1785.0 594.0 1782.0 571.0 small-vehicle 0
1823.0 603.0 1825.0 623.0 1784.0 625.0 1783.0 606.0 small-vehicle 0
1744.0 606.0 1762.0 605.0 1765.0 640.0 1747.0 641.0 small-vehicle 0
1823.0 644.0 1826.0 663.0 1788.0 668.0 1786.0 651.0 small-vehicle 0
1825.0 666.0 1827.0 685.0 1790.0 688.0 1788.0 669.0 small-vehicle 0
1827.0 692.0 1828.0 711.0 1791.0 709.0 1791.0 690.0 small-vehicle 1
216.0 1255.0 192.0 1266.0 150.0 1190.0 176.0 1177.0 large-vehicle 0
