imagesource:GoogleEarth
gsd:0.265119440094
3916.0 1845.0 3922.0 1842.0 3930.0 1859.0 3924.0 1862.0 small-vehicle 1
3517.0 2348.0 3481.0 2377.0 3358.0 2191.0 3399.0 2166.0 ship 0
3357.0 491.0 3400.0 491.0 3400.0 532.0 3357.0 532.0 storage-tank 0
3398.0 537.0 3438.0 537.0 3438.0 578.0 3398.0 578.0 storage-tank 0
3387.0 688.0 3424.0 688.0 3424.0 724.0 3387.0 724.0 storage-tank 0
3359.0 655.0 3396.0 655.0 3396.0 689.0 3359.0 689.0 storage-tank 0
3332.0 621.0 3370.0 621.0 3370.0 655.0 3332.0 655.0 storage-tank 0
3375.0 588.0 3409.0 588.0 3409.0 623.0 3375.0 623.0 storage-tank 0
3304.0 583.0 3342.0 583.0 3342.0 620.0 3304.0 620.0 storage-tank 0
3345.0 553.0 3381.0 553.0 3381.0 588.0 3345.0 588.0 storage-tank 0
3309.0 513.0 3348.0 513.0 3348.0 548.0 3309.0 548.0 storage-tank 0
3270.0 543.0 3309.0 543.0 3309.0 581.0 3270.0 581.0 storage-tank 0
3484.0 2386.0 3443.0 2411.0 3315.0 2212.0 3355.0 2190.0 ship 0
4066.0 1888.0 4070.0 1883.0 4089.0 1899.0 4084.0 1904.0 small-vehicle 1
3303.0 2251.0 3328.0 2237.0 3440.0 2409.0 3416.0 2427.0 ship 0
3323.0 2197.0 3296.0 2211.0 3206.0 2056.0 3236.0 2041.0 ship 0
3273.0 2022.0 3301.0 2006.0 3387.0 2157.0 3354.0 2176.0 ship 0
3354.0 2182.0 3326.0 2200.0 3235.0 2040.0 3269.0 2021.0 ship 0
3176.0 1900.0 3195.0 1889.0 3254.0 1996.0 3238.0 2006.0 ship 0
3195.0 1887.0 3215.0 1876.0 3281.0 1986.0 3257.0 1998.0 ship 0
3207.0 1869.0 3188.0 1879.0 3148.0 1808.0 3167.0 1796.0 ship 0
3219.0 1736.0 3229.0 1751.0 3164.0 1790.0 3153.0 1774.0 ship 0
3155.0 1670.0 3163.0 1681.0 3111.0 1728.0 3102.0 1715.0 ship 0
3069.0 1604.0 3086.0 1593.0 3141.0 1681.0 3122.0 1691.0 ship 0
3402.0 621.0 3432.0 621.0 3432.0 650.0 3402.0 650.0 storage-tank 0
3524.0 528.0 3568.0 528.0 3568.0 575.0 3524.0 575.0 storage-tank 0
3467.0 372.0 3529.0 372.0 3529.0 431.0 3467.0 431.0 storage-tank 0
3521.0 434.0 3581.0 434.0 3581.0 496.0 3521.0 496.0 storage-tank 0
2509.0 738.0 2479.0 760.0 2336.0 581.0 2371.0 558.0 harbor 0
2196.0 401.0 2225.0 376.0 2344.0 527.0 2318.0 554.0 harbor 0
3937.0 1161.0 4032.0 1161.0 4032.0 1248.0 3937.0 1248.0 storage-tank 0
4108.0 1024.0 4131.0 1024.0 4131.0 1046.0 4108.0 1046.0 storage-tank 0
4081.0 1047.0 4101.0 1047.0 4101.0 1069.0 4081.0 1069.0 storage-tank 0
4061.0 1023.0 4081.0 1023.0 4081.0 1046.0 4061.0 1046.0 storage-tank 0
4089.0 1001.0 4111.0 1001.0 4111.0 1023.0 4089.0 1023.0 storage-tank 0
3858.0 296.0 3901.0 296.0 3901.0 340.0 3858.0 340.0 storage-tank 0
3781.0 204.0 3826.0 204.0 3826.0 250.0 3781.0 250.0 storage-tank 0
3729.0 245.0 3776.0 245.0 3776.0 289.0 3729.0 289.0 storage-tank 0
3745.0 447.0 3780.0 447.0 3780.0 484.0 3745.0 484.0 storage-tank 0
3718.0 416.0 3752.0 416.0 3752.0 451.0 3718.0 451.0 storage-tank 0
3689.0 382.0 3727.0 382.0 3727.0 419.0 3689.0 419.0 storage-tank 0
3636.0 320.0 3673.0 320.0 3673.0 356.0 3636.0 356.0 storage-tank 0
3612.0 288.0 3647.0 288.0 3647.0 325.0 3612.0 325.0 storage-tank 0
3587.0 258.0 3623.0 258.0 3623.0 296.0 3587.0 296.0 storage-tank 0
3576.0 374.0 3620.0 374.0 3620.0 420.0 3576.0 420.0 storage-tank 0
3531.0 326.0 3576.0 326.0 3576.0 372.0 3531.0 372.0 storage-tank 0
3655.0 471.0 3703.0 471.0 3703.0 523.0 3655.0 523.0 storage-tank 0
3615.0 419.0 3661.0 419.0 3661.0 471.0 3615.0 471.0 storage-tank 0
3585.0 476.0 3632.0 476.0 3632.0 527.0 3585.0 527.0 storage-tank 0
3096.0 1608.0 3107.0 1599.0 3150.0 1664.0 3136.0 1673.0 ship 0
3165.0 1666.0 3184.0 1669.0 3167.0 1771.0 3147.0 1771.0 ship 0
3095.0 1579.0 3108.0 1568.0 3165.0 1653.0 3150.0 1662.0 ship 0
1081.0 2073.0 1055.0 2088.0 966.0 1933.0 989.0 1920.0 ship 0
984.0 1912.0 962.0 1931.0 844.0 1804.0 872.0 1784.0 ship 0
866.0 1777.0 888.0 1751.0 1003.0 1871.0 977.0 1899.0 ship 0
1096.0 2031.0 1068.0 2044.0 976.0 1900.0 1002.0 1879.0 ship 0
1129.0 2021.0 1103.0 2035.0 1006.0 1879.0 1034.0 1859.0 ship 0
1027.0 1856.0 1005.0 1872.0 885.0 1743.0 909.0 1719.0 ship 0
1084.0 1842.0 1046.0 1874.0 911.0 1722.0 946.0 1691.0 ship 0
693.0 1673.0 723.0 1651.0 833.0 1790.0 801.0 1813.0 ship 0
741.0 1665.0 754.0 1653.0 838.0 1759.0 821.0 1771.0 ship 0
730.0 1623.0 761.0 1595.0 877.0 1736.0 843.0 1764.0 ship 0
755.0 1586.0 777.0 1566.0 894.0 1702.0 869.0 1722.0 ship 0
776.0 1564.0 804.0 1538.0 922.0 1674.0 892.0 1701.0 ship 0
815.0 1553.0 840.0 1525.0 944.0 1644.0 917.0 1668.0 ship 0
482.0 1501.0 502.0 1481.0 607.0 1585.0 585.0 1607.0 ship 0
656.0 1574.0 633.0 1603.0 545.0 1513.0 567.0 1491.0 ship 0
634.0 1528.0 623.0 1542.0 579.0 1503.0 593.0 1487.0 ship 0
358.0 1390.0 387.0 1359.0 498.0 1473.0 464.0 1503.0 ship 0
488.0 1399.0 505.0 1381.0 582.0 1456.0 568.0 1472.0 ship 0
486.0 1416.0 495.0 1406.0 546.0 1458.0 538.0 1469.0 ship 0
455.0 1421.0 472.0 1404.0 558.0 1491.0 540.0 1507.0 ship 0
358.0 1320.0 379.0 1301.0 474.0 1401.0 453.0 1421.0 ship 0
394.0 1318.0 411.0 1303.0 481.0 1383.0 466.0 1399.0 ship 0
836.0 1856.0 865.0 1828.0 979.0 1955.0 941.0 1986.0 ship 0
1103.0 2184.0 1088.0 2188.0 1074.0 2136.0 1089.0 2131.0 ship 0
2923.0 1384.0 2847.0 1429.0 2549.0 966.0 2625.0 917.0 ship 0
1216.0 2259.0 1245.0 2237.0 1366.0 2406.0 1336.0 2431.0 ship 0
3083.0 1705.0 3059.0 1721.0 2986.0 1591.0 3013.0 1577.0 ship 0
2957.0 1601.0 2982.0 1588.0 3054.0 1717.0 3029.0 1731.0 ship 0
3034.0 1740.0 3011.0 1757.0 2927.0 1617.0 2954.0 1599.0 ship 0
3010.0 1759.0 2986.0 1778.0 2905.0 1640.0 2931.0 1625.0 ship 0
2979.0 1773.0 2952.0 1791.0 2869.0 1651.0 2901.0 1635.0 ship 0
2836.0 1671.0 2865.0 1652.0 2947.0 1786.0 2916.0 1807.0 ship 0
2805.0 1624.0 2787.0 1633.0 2731.0 1529.0 2751.0 1516.0 ship 0
2855.0 1654.0 2830.0 1669.0 2768.0 1550.0 2793.0 1535.0 ship 0
2775.0 1491.0 2804.0 1475.0 2879.0 1623.0 2849.0 1639.0 ship 0
2812.0 1488.0 2832.0 1475.0 2903.0 1603.0 2877.0 1614.0 ship 0
2940.0 1601.0 2914.0 1617.0 2831.0 1473.0 2860.0 1454.0 ship 0
2866.0 1461.0 2891.0 1445.0 2974.0 1588.0 2946.0 1603.0 ship 0
3006.0 1575.0 2978.0 1594.0 2900.0 1458.0 2929.0 1438.0 ship 0
2689.0 1876.0 2722.0 1855.0 2791.0 1954.0 2756.0 1978.0 ship 0
1924.0 783.0 1951.0 762.0 2064.0 886.0 2037.0 915.0 ship 0
1913.0 1001.0 1945.0 973.0 2079.0 1114.0 2052.0 1145.0 ship 0
1610.0 730.0 1643.0 701.0 1796.0 843.0 1764.0 876.0 ship 0
1107.0 16.0 1260.0 97.0 1278.0 64.0 1195.0 15.0 ship 0
953.0 341.0 976.0 312.0 1127.0 424.0 1104.0 460.0 ship 0
1110.0 2217.0 1132.0 2201.0 1273.0 2387.0 1251.0 2401.0 ship 0
1113.0 2171.0 1137.0 2151.0 1327.0 2419.0 1306.0 2431.0 ship 0
2922.0 742.0 2956.0 742.0 2956.0 777.0 2922.0 777.0 storage-tank 0
2997.0 705.0 3023.0 705.0 3023.0 732.0 2997.0 732.0 storage-tank 0
4052.0 1285.0 4083.0 1285.0 4083.0 1318.0 4052.0 1318.0 storage-tank 0
3773.0 1924.0 3777.0 1920.0 3788.0 1939.0 3783.0 1940.0 small-vehicle 1
3950.0 1871.0 3945.0 1865.0 3963.0 1854.0 3970.0 1859.0 small-vehicle 1
3945.0 1864.0 3940.0 1855.0 3957.0 1847.0 3961.0 1853.0 small-vehicle 1
3932.0 1837.0 3928.0 1830.0 3946.0 1820.0 3950.0 1827.0 small-vehicle 1
3976.0 1795.0 3972.0 1787.0 3989.0 1778.0 3993.0 1786.0 small-vehicle 1
3919.0 1814.0 3915.0 1807.0 3932.0 1797.0 3937.0 1806.0 small-vehicle 1
3916.0 1804.0 3910.0 1797.0 3931.0 1789.0 3933.0 1796.0 small-vehicle 1
3813.0 1722.0 3821.0 1717.0 3829.0 1736.0 3822.0 1740.0 small-vehicle 1
3784.0 1735.0 3791.0 1730.0 3798.0 1749.0 3793.0 1753.0 small-vehicle 1
3764.0 1746.0 3774.0 1741.0 3783.0 1758.0 3775.0 1762.0 small-vehicle 1
3747.0 1754.0 3755.0 1750.0 3764.0 1770.0 3758.0 1771.0 small-vehicle 1
3735.0 1760.0 3743.0 1755.0 3751.0 1771.0 3745.0 1775.0 small-vehicle 1
3727.0 1766.0 3734.0 1763.0 3741.0 1780.0 3734.0 1783.0 small-vehicle 1
3716.0 1770.0 3725.0 1767.0 3732.0 1784.0 3725.0 1788.0 small-vehicle 1
3707.0 1775.0 3713.0 1770.0 3722.0 1788.0 3715.0 1790.0 small-vehicle 1
3699.0 1780.0 3704.0 1777.0 3712.0 1793.0 3706.0 1795.0 small-vehicle 1
3687.0 1786.0 3695.0 1781.0 3702.0 1799.0 3698.0 1801.0 small-vehicle 1
3660.0 1802.0 3667.0 1797.0 3676.0 1814.0 3670.0 1817.0 small-vehicle 1
3667.0 1762.0 3671.0 1769.0 3660.0 1779.0 3655.0 1773.0 small-vehicle 1
3687.0 1753.0 3693.0 1762.0 3673.0 1772.0 3670.0 1765.0 small-vehicle 1
3686.0 1754.0 3682.0 1749.0 3705.0 1736.0 3709.0 1744.0 small-vehicle 1
3772.0 1713.0 3766.0 1704.0 3785.0 1693.0 3789.0 1703.0 small-vehicle 1
3955.0 1881.0 3950.0 1873.0 3968.0 1863.0 3972.0 1870.0 small-vehicle 1
3779.0 1918.0 3786.0 1915.0 3799.0 1932.0 3792.0 1936.0 small-vehicle 1
3670.0 1751.0 3675.0 1758.0 3656.0 1771.0 3651.0 1763.0 small-vehicle 1
3790.0 1914.0 3796.0 1910.0 3806.0 1928.0 3801.0 1931.0 small-vehicle 1
4074.0 1880.0 4077.0 1875.0 4089.0 1886.0 4086.0 1891.0 small-vehicle 1
4083.0 1872.0 4087.0 1868.0 4099.0 1883.0 4095.0 1885.0 small-vehicle 1
4090.0 1867.0 4095.0 1863.0 4108.0 1877.0 4104.0 1881.0 small-vehicle 1
4098.0 1861.0 4101.0 1857.0 4115.0 1870.0 4112.0 1873.0 small-vehicle 1
4105.0 1854.0 4108.0 1848.0 4124.0 1864.0 4121.0 1866.0 small-vehicle 1
3838.0 2005.0 3844.0 2000.0 3854.0 2020.0 3848.0 2024.0 small-vehicle 1
3799.0 1955.0 3809.0 1953.0 3815.0 1974.0 3807.0 1976.0 small-vehicle 1
3810.0 1952.0 3819.0 1949.0 3828.0 1969.0 3819.0 1974.0 small-vehicle 1
3818.0 1949.0 3825.0 1944.0 3834.0 1964.0 3829.0 1968.0 small-vehicle 1
3827.0 1943.0 3836.0 1939.0 3845.0 1959.0 3838.0 1962.0 small-vehicle 1
3836.0 1937.0 3844.0 1935.0 3853.0 1953.0 3847.0 1956.0 small-vehicle 1
3844.0 1931.0 3852.0 1927.0 3860.0 1947.0 3854.0 1949.0 small-vehicle 1
3863.0 1922.0 3869.0 1918.0 3879.0 1939.0 3872.0 1942.0 small-vehicle 1
3871.0 1920.0 3879.0 1916.0 3888.0 1934.0 3881.0 1937.0 small-vehicle 1
3878.0 1915.0 3884.0 1912.0 3895.0 1928.0 3891.0 1930.0 small-vehicle 1
3903.0 1905.0 3909.0 1899.0 3921.0 1918.0 3915.0 1921.0 small-vehicle 1
3918.0 1896.0 3924.0 1893.0 3934.0 1912.0 3929.0 1914.0 small-vehicle 1
3823.0 1895.0 3829.0 1890.0 3841.0 1905.0 3836.0 1909.0 small-vehicle 1
3816.0 1898.0 3821.0 1894.0 3832.0 1911.0 3828.0 1915.0 small-vehicle 1
3805.0 1902.0 3811.0 1898.0 3823.0 1917.0 3818.0 1921.0 small-vehicle 1
3798.0 1909.0 3804.0 1905.0 3815.0 1923.0 3810.0 1925.0 small-vehicle 1
3730.0 1731.0 3735.0 1739.0 3717.0 1751.0 3713.0 1744.0 small-vehicle 1
3526.0 1465.0 3534.0 1460.0 3545.0 1481.0 3535.0 1484.0 small-vehicle 1
4086.0 1255.0 4118.0 1255.0 4118.0 1285.0 4086.0 1285.0 storage-tank 0
2506.0 231.0 2502.0 224.0 2514.0 215.0 2519.0 222.0 small-vehicle 1
2538.0 207.0 2534.0 200.0 2551.0 188.0 2555.0 194.0 small-vehicle 1
2558.0 192.0 2551.0 185.0 2565.0 172.0 2570.0 178.0 small-vehicle 1
2560.0 120.0 2566.0 114.0 2580.0 129.0 2575.0 134.0 small-vehicle 1
2546.0 133.0 2550.0 128.0 2562.0 140.0 2556.0 144.0 small-vehicle 1
2536.0 137.0 2543.0 132.0 2553.0 148.0 2546.0 152.0 small-vehicle 1
2528.0 140.0 2532.0 137.0 2546.0 153.0 2540.0 156.0 small-vehicle 1
2513.0 157.0 2519.0 152.0 2530.0 167.0 2524.0 170.0 small-vehicle 1
2503.0 163.0 2509.0 160.0 2522.0 176.0 2516.0 181.0 small-vehicle 1
2479.0 183.0 2487.0 177.0 2498.0 197.0 2490.0 199.0 small-vehicle 1
2470.0 193.0 2478.0 187.0 2490.0 203.0 2482.0 209.0 small-vehicle 1
2462.0 202.0 2469.0 196.0 2479.0 212.0 2473.0 216.0 small-vehicle 1
2295.0 191.0 2293.0 183.0 2318.0 181.0 2317.0 189.0 small-vehicle 1
2305.0 169.0 2306.0 176.0 2289.0 181.0 2287.0 174.0 small-vehicle 1
2298.0 160.0 2301.0 168.0 2282.0 175.0 2279.0 167.0 small-vehicle 1
2252.0 100.0 2258.0 110.0 2236.0 120.0 2231.0 113.0 small-vehicle 1
2243.0 92.0 2248.0 100.0 2227.0 113.0 2221.0 104.0 small-vehicle 1
2235.0 86.0 2239.0 94.0 2218.0 105.0 2213.0 99.0 small-vehicle 1
2230.0 80.0 2232.0 88.0 2209.0 97.0 2205.0 88.0 small-vehicle 1
2221.0 63.0 2225.0 71.0 2205.0 79.0 2201.0 72.0 small-vehicle 1
2213.0 57.0 2217.0 64.0 2196.0 73.0 2192.0 66.0 small-vehicle 1
2208.0 48.0 2211.0 57.0 2191.0 64.0 2188.0 57.0 small-vehicle 1
2515.0 212.0 2511.0 206.0 2527.0 195.0 2531.0 202.0 small-vehicle 1
2513.0 248.0 2519.0 243.0 2529.0 259.0 2523.0 262.0 small-vehicle 1
3515.0 1470.0 3524.0 1466.0 3536.0 1487.0 3527.0 1489.0 small-vehicle 1
2523.0 238.0 2530.0 233.0 2538.0 250.0 2531.0 253.0 small-vehicle 1
3501.0 1460.0 3496.0 1454.0 3513.0 1446.0 3517.0 1453.0 small-vehicle 1
3496.0 1451.0 3493.0 1444.0 3510.0 1435.0 3513.0 1443.0 small-vehicle 1
3521.0 1452.0 3516.0 1447.0 3530.0 1436.0 3534.0 1443.0 small-vehicle 1
3515.0 1442.0 3511.0 1437.0 3529.0 1426.0 3533.0 1432.0 small-vehicle 1
3537.0 1442.0 3533.0 1434.0 3549.0 1424.0 3554.0 1429.0 small-vehicle 1
3600.0 1411.0 3596.0 1406.0 3613.0 1395.0 3616.0 1400.0 small-vehicle 1
3590.0 1393.0 3586.0 1386.0 3604.0 1377.0 3609.0 1385.0 small-vehicle 1
3746.0 1303.0 3750.0 1310.0 3731.0 1321.0 3726.0 1315.0 small-vehicle 1
3741.0 1293.0 3745.0 1298.0 3729.0 1310.0 3728.0 1306.0 small-vehicle 1
3317.0 1348.0 3323.0 1357.0 3299.0 1373.0 3293.0 1365.0 small-vehicle 1
2743.0 719.0 2750.0 728.0 2727.0 744.0 2721.0 734.0 small-vehicle 1
2722.0 700.0 2728.0 709.0 2707.0 722.0 2704.0 716.0 small-vehicle 1
2682.0 616.0 2689.0 613.0 2701.0 632.0 2694.0 634.0 small-vehicle 1
2644.0 633.0 2641.0 625.0 2663.0 620.0 2665.0 629.0 small-vehicle 1
2749.0 360.0 2756.0 355.0 2770.0 373.0 2764.0 377.0 small-vehicle 1
2757.0 357.0 2764.0 351.0 2777.0 364.0 2772.0 371.0 small-vehicle 1
2691.0 289.0 2698.0 283.0 2710.0 302.0 2704.0 305.0 small-vehicle 1
2579.0 196.0 2586.0 188.0 2598.0 201.0 2592.0 207.0 small-vehicle 1
2561.0 205.0 2571.0 201.0 2580.0 217.0 2572.0 221.0 small-vehicle 1
2553.0 214.0 2562.0 208.0 2571.0 224.0 2565.0 228.0 small-vehicle 1
2546.0 221.0 2552.0 215.0 2563.0 230.0 2559.0 234.0 small-vehicle 1
395.0 1277.0 419.0 1253.0 504.0 1354.0 477.0 1378.0 ship 0
