imagesource:GoogleEarth
gsd:2.23897289835
2457.0 444.0 2486.0 444.0 2486.0 456.0 2457.0 456.0 soccer-ball-field 1
4176.0 1503.0 4192.0 1480.0 4230.0 1509.0 4211.0 1531.0 soccer-ball-field 1
2853.0 108.0 2861.0 108.0 2860.0 128.0 2851.0 128.0 soccer-ball-field 1
2848.0 99.0 2866.0 100.0 2864.0 137.0 2846.0 135.0 ground-track-field 0
2462.0 2371.0 2476.0 2371.0 2476.0 2391.0 2462.0 2391.0 soccer-ball-field 1
2458.0 2358.0 2481.0 2358.0 2479.0 2404.0 2457.0 2404.0 ground-track-field 0
2209.0 823.0 2220.0 834.0 2184.0 876.0 2172.0 864.0 bridge 0
1828.0 2412.0 1840.0 2392.0 1872.0 2410.0 1860.0 2431.0 soccer-ball-field 0
1815.0 2412.0 1830.0 2381.0 1890.0 2415.0 1874.0 2447.0 ground-track-field 0
1387.0 2039.0 1396.0 2037.0 1404.0 2059.0 1394.0 2060.0 bridge 0
1493.0 2226.0 1491.0 2238.0 1470.0 2235.0 1472.0 2223.0 soccer-ball-field 1
1503.0 2223.0 1500.0 2242.0 1459.0 2238.0 1461.0 2218.0 ground-track-field 0
1189.0 1672.0 1200.0 1678.0 1189.0 1699.0 1178.0 1693.0 soccer-ball-field 0
1170.0 1699.0 1189.0 1710.0 1209.0 1673.0 1188.0 1663.0 ground-track-field 0
1115.0 2074.0 1118.0 2073.0 1125.0 2094.0 1121.0 2096.0 bridge 0
1101.0 2071.0 1108.0 2070.0 1115.0 2096.0 1108.0 2098.0 bridge 0
1091.0 2074.0 1100.0 2072.0 1106.0 2098.0 1098.0 2100.0 bridge 0
867.0 832.0 879.0 839.0 856.0 886.0 843.0 879.0 bridge 0
455.0 1214.0 475.0 1214.0 476.0 1250.0 456.0 1251.0 soccer-ball-field 1
451.0 1200.0 479.0 1199.0 480.0 1263.0 452.0 1264.0 ground-track-field 0
700.0 2276.0 708.0 2276.0 708.0 2285.0 700.0 2285.0 storage-tank 1
689.0 2278.0 697.0 2278.0 697.0 2287.0 689.0 2287.0 storage-tank 1
679.0 2281.0 686.0 2281.0 686.0 2288.0 679.0 2288.0 storage-tank 1
664.0 2286.0 671.0 2286.0 671.0 2294.0 664.0 2294.0 storage-tank 1
655.0 2291.0 661.0 2291.0 661.0 2298.0 655.0 2298.0 storage-tank 1
624.0 2301.0 632.0 2301.0 632.0 2310.0 624.0 2310.0 storage-tank 1
619.0 2312.0 626.0 2312.0 626.0 2321.0 619.0 2321.0 storage-tank 1
2980.0 1236.0 2994.0 1240.0 2989.0 1259.0 2974.0 1256.0 bridge 0
3271.0 1469.0 3290.0 1478.0 3272.0 1516.0 3253.0 1506.0 ground-track-field 0
3271.0 1479.0 3283.0 1484.0 3272.0 1504.0 3261.0 1498.0 soccer-ball-field 0
1358.0 849.0 1363.0 847.0 1392.0 904.0 1385.0 905.0 bridge 0
4161.0 1500.0 4187.0 1466.0 4247.0 1512.0 4222.0 1546.0 ground-track-field 0
3412.0 593.0 3425.0 599.0 3392.0 657.0 3379.0 649.0 bridge 0
2451.0 438.0 2492.0 438.0 2493.0 463.0 2452.0 465.0 ground-track-field 0
2223.0 557.0 2239.0 557.0 2239.0 592.0 2222.0 592.0 soccer-ball-field 1
2216.0 543.0 2243.0 542.0 2242.0 603.0 2216.0 603.0 ground-track-field 0
811.0 2383.0 821.0 2386.0 811.0 2417.0 801.0 2414.0 bridge 0
506.0 1732.0 512.0 1732.0 512.0 1747.0 505.0 1747.0 soccer-ball-field 1
501.0 1725.0 516.0 1725.0 517.0 1754.0 501.0 1756.0 ground-track-field 0
441.0 103.0 452.0 103.0 451.0 129.0 440.0 128.0 soccer-ball-field 1
1323.0 1976.0 1332.0 1974.0 1339.0 1995.0 1329.0 1997.0 soccer-ball-field 1
1317.0 1971.0 1334.0 1967.0 1344.0 2002.0 1328.0 2006.0 ground-track-field 0
1333.0 854.0 1349.0 850.0 1378.0 906.0 1361.0 909.0 bridge 0
3598.0 1567.0 3615.0 1575.0 3600.0 1611.0 3583.0 1603.0 ground-track-field 0
1306.0 859.0 1312.0 856.0 1339.0 913.0 1334.0 915.0 bridge 0
692.0 2151.0 697.0 2145.0 718.0 2159.0 714.0 2165.0 bridge 0
687.0 2158.0 692.0 2152.0 710.0 2164.0 705.0 2170.0 bridge 0
4295.0 710.0 4305.0 712.0 4294.0 744.0 4285.0 741.0 bridge 0
4232.0 2308.0 4243.0 2304.0 4249.0 2328.0 4238.0 2332.0 soccer-ball-field 1
4226.0 2301.0 4246.0 2296.0 4255.0 2333.0 4237.0 2338.0 ground-track-field 0
3990.0 1466.0 4011.0 1466.0 4011.0 1488.0 3990.0 1488.0 roundabout 0
3963.0 1027.0 3974.0 1031.0 3967.0 1050.0 3956.0 1046.0 soccer-ball-field 1
3962.0 1017.0 3982.0 1024.0 3970.0 1060.0 3950.0 1052.0 ground-track-field 0
3818.0 572.0 3837.0 573.0 3831.0 605.0 3814.0 604.0 bridge 0
3600.0 1575.0 3609.0 1578.0 3598.0 1604.0 3589.0 1600.0 soccer-ball-field 1
436.0 95.0 457.0 96.0 454.0 139.0 434.0 137.0 ground-track-field 0
