imagesource:GoogleEarth
gsd:2.23960816743
1782.0 1692.0 1796.0 1679.0 1819.0 1702.0 1804.0 1716.0 ground-track-field 1
747.0 2157.0 759.0 2157.0 759.0 2174.0 747.0 2174.0 soccer-ball-field 1
2909.0 1085.0 2934.0 1088.0 2928.0 1137.0 2902.0 1135.0 bridge 0
2671.0 722.0 2683.0 722.0 2683.0 742.0 2671.0 742.0 soccer-ball-field 1
2665.0 708.0 2687.0 708.0 2687.0 749.0 2665.0 749.0 ground-track-field 0
1958.0 1171.0 1975.0 1171.0 1975.0 1189.0 1958.0 1189.0 roundabout 0
2343.0 1466.0 2352.0 1476.0 2333.0 1502.0 2322.0 1492.0 soccer-ball-field 1
2345.0 1453.0 2367.0 1472.0 2332.0 1515.0 2310.0 1496.0 ground-track-field 0
2005.0 1397.0 2034.0 1412.0 2027.0 1426.0 1998.0 1410.0 bridge 0
743.0 2148.0 764.0 2148.0 764.0 2184.0 743.0 2184.0 ground-track-field 0
2711.0 1214.0 2735.0 1193.0 2765.0 1229.0 2742.0 1249.0 soccer-ball-field 1
717.0 2145.0 737.0 2145.0 737.0 2169.0 717.0 2169.0 soccer-ball-field 1
712.0 2133.0 741.0 2133.0 741.0 2179.0 712.0 2179.0 ground-track-field 0
939.0 2226.0 958.0 2226.0 958.0 2258.0 939.0 2258.0 soccer-ball-field 1
933.0 2214.0 966.0 2214.0 966.0 2270.0 933.0 2270.0 ground-track-field 0
503.0 1718.0 533.0 1718.0 533.0 1763.0 503.0 1763.0 soccer-ball-field 1
495.0 1704.0 540.0 1704.0 540.0 1782.0 495.0 1782.0 ground-track-field 0
363.0 953.0 391.0 953.0 391.0 1001.0 363.0 1001.0 soccer-ball-field 1
2696.0 1206.0 2731.0 1177.0 2782.0 1236.0 2746.0 1265.0 ground-track-field 0
2723.0 1680.0 2746.0 1704.0 2702.0 1744.0 2679.0 1718.0 ground-track-field 0
936.0 1296.0 962.0 1278.0 987.0 1315.0 963.0 1334.0 soccer-ball-field 1
3111.0 1166.0 3127.0 1170.0 3117.0 1213.0 3101.0 1210.0 bridge 0
922.0 1284.0 955.0 1262.0 1001.0 1325.0 968.0 1352.0 ground-track-field 1
620.0 536.0 634.0 536.0 634.0 561.0 620.0 561.0 soccer-ball-field 1
615.0 527.0 639.0 527.0 639.0 571.0 615.0 571.0 ground-track-field 1
9.0 2130.0 40.0 2130.0 40.0 2178.0 9.0 2178.0 soccer-ball-field 1
3.0 2114.0 45.0 2114.0 45.0 2190.0 3.0 2190.0 ground-track-field 0
102.0 1745.0 131.0 1745.0 131.0 1789.0 102.0 1789.0 soccer-ball-field 1
97.0 1729.0 139.0 1729.0 139.0 1802.0 97.0 1802.0 ground-track-field 0
4312.0 2092.0 4336.0 2079.0 4355.0 2115.0 4332.0 2129.0 soccer-ball-field 1
2718.0 1693.0 2732.0 1708.0 2707.0 1732.0 2692.0 1715.0 soccer-ball-field 1
4297.0 2080.0 4334.0 2061.0 4373.0 2130.0 4332.0 2151.0 ground-track-field 0
4043.0 172.0 4048.0 167.0 4065.0 193.0 4060.0 196.0 bridge 0
3813.0 190.0 3849.0 201.0 3845.0 219.0 3808.0 210.0 bridge 0
3779.0 1361.0 3789.0 1364.0 3786.0 1385.0 3775.0 1382.0 soccer-ball-field 1
3775.0 1350.0 3795.0 1354.0 3788.0 1396.0 3767.0 1391.0 ground-track-field 0
3369.0 2015.0 3396.0 2017.0 3395.0 2030.0 3368.0 2028.0 soccer-ball-field 1
3359.0 2008.0 3410.0 2012.0 3408.0 2038.0 3357.0 2033.0 ground-track-field 0
356.0 934.0 400.0 934.0 400.0 1013.0 356.0 1013.0 ground-track-field 0
