imagesource:GoogleEarth
gsd:0.280869328239
7093.0 3066.0 7089.0 3073.0 7073.0 3063.0 7076.0 3056.0 small-vehicle 0
2562.0 1078.0 2556.0 1073.0 2563.0 1058.0 2568.0 1060.0 small-vehicle 1
2580.0 1086.0 2574.0 1083.0 2580.0 1067.0 2584.0 1067.0 small-vehicle 1
2589.0 1089.0 2584.0 1083.0 2590.0 1067.0 2597.0 1072.0 small-vehicle 1
2365.0 1227.0 2358.0 1227.0 2356.0 1209.0 2363.0 1209.0 small-vehicle 1
2362.0 1306.0 2353.0 1301.0 2361.0 1287.0 2369.0 1291.0 small-vehicle 0
2650.0 1265.0 2652.0 1259.0 2670.0 1265.0 2666.0 1272.0 small-vehicle 0
3358.0 1550.0 3351.0 1544.0 3359.0 1530.0 3364.0 1535.0 small-vehicle 0
3405.0 1442.0 3415.0 1448.0 3407.0 1462.0 3398.0 1458.0 small-vehicle 0
3454.0 1474.0 3449.0 1481.0 3432.0 1474.0 3434.0 1466.0 small-vehicle 0
3432.0 1462.0 3437.0 1452.0 3461.0 1465.0 3457.0 1475.0 small-vehicle 0
3466.0 1478.0 3469.0 1467.0 3491.0 1478.0 3487.0 1487.0 small-vehicle 0
3661.0 1476.0 3669.0 1478.0 3661.0 1496.0 3654.0 1493.0 small-vehicle 0
3771.0 1780.0 3774.0 1772.0 3790.0 1786.0 3787.0 1793.0 small-vehicle 0
3776.0 1770.0 3781.0 1765.0 3793.0 1777.0 3788.0 1784.0 small-vehicle 0
3837.0 1768.0 3836.0 1775.0 3818.0 1772.0 3819.0 1764.0 small-vehicle 0
3836.0 1774.0 3835.0 1780.0 3820.0 1778.0 3819.0 1772.0 small-vehicle 0
2554.0 1073.0 2548.0 1071.0 2555.0 1055.0 2561.0 1057.0 small-vehicle 1
2548.0 1091.0 2542.0 1089.0 2549.0 1074.0 2554.0 1074.0 small-vehicle 1
1872.0 497.0 1864.0 494.0 1872.0 477.0 1880.0 479.0 small-vehicle 1
2540.0 1086.0 2532.0 1084.0 2539.0 1069.0 2546.0 1071.0 small-vehicle 1
2568.0 998.0 2576.0 1000.0 2568.0 1015.0 2561.0 1012.0 small-vehicle 0
2577.0 1003.0 2585.0 1006.0 2576.0 1022.0 2570.0 1016.0 small-vehicle 0
2632.0 1011.0 2638.0 1013.0 2634.0 1029.0 2626.0 1027.0 small-vehicle 0
2370.0 1039.0 2364.0 1034.0 2371.0 1017.0 2377.0 1023.0 small-vehicle 0
2317.0 969.0 2310.0 965.0 2318.0 952.0 2324.0 955.0 small-vehicle 0
2326.0 974.0 2320.0 971.0 2329.0 953.0 2335.0 960.0 small-vehicle 0
2354.0 985.0 2346.0 982.0 2355.0 965.0 2360.0 967.0 small-vehicle 0
2364.0 993.0 2357.0 991.0 2363.0 972.0 2370.0 973.0 small-vehicle 0
2380.0 999.0 2373.0 995.0 2380.0 981.0 2386.0 982.0 small-vehicle 0
2390.0 1005.0 2382.0 1001.0 2390.0 983.0 2396.0 984.0 small-vehicle 0
2264.0 1043.0 2259.0 1039.0 2266.0 1025.0 2272.0 1029.0 small-vehicle 0
2174.0 1025.0 2178.0 1020.0 2192.0 1028.0 2190.0 1034.0 small-vehicle 0
2176.0 1017.0 2172.0 1026.0 2152.0 1016.0 2156.0 1007.0 small-vehicle 0
2546.0 1053.0 2553.0 1054.0 2547.0 1071.0 2540.0 1068.0 small-vehicle 0
2571.0 1083.0 2564.0 1080.0 2570.0 1061.0 2578.0 1063.0 small-vehicle 0
3826.0 1791.0 3826.0 1798.0 3808.0 1796.0 3809.0 1788.0 small-vehicle 0
3822.0 1818.0 3820.0 1828.0 3800.0 1822.0 3801.0 1812.0 small-vehicle 0
3959.0 1768.0 3960.0 1762.0 3979.0 1767.0 3978.0 1774.0 small-vehicle 0
4043.0 1806.0 4047.0 1800.0 4062.0 1811.0 4058.0 1817.0 small-vehicle 0
3019.0 133.0 3023.0 126.0 3037.0 135.0 3033.0 140.0 small-vehicle 0
2917.0 159.0 2926.0 164.0 2915.0 181.0 2909.0 178.0 small-vehicle 0
3288.0 52.0 3281.0 49.0 3291.0 31.0 3297.0 35.0 small-vehicle 0
2938.0 36.0 2944.0 41.0 2935.0 56.0 2929.0 54.0 small-vehicle 1
2906.0 60.0 2908.0 52.0 2925.0 63.0 2922.0 68.0 small-vehicle 1
2910.0 50.0 2912.0 43.0 2925.0 54.0 2924.0 60.0 small-vehicle 1
2911.0 40.0 2914.0 34.0 2929.0 44.0 2926.0 50.0 small-vehicle 1
2834.0 240.0 2828.0 236.0 2834.0 222.0 2842.0 225.0 small-vehicle 1
2812.0 284.0 2805.0 281.0 2811.0 266.0 2817.0 269.0 small-vehicle 1
2798.0 309.0 2790.0 304.0 2796.0 290.0 2804.0 294.0 small-vehicle 1
3171.0 264.0 3177.0 268.0 3172.0 282.0 3165.0 280.0 small-vehicle 1
3185.0 334.0 3181.0 340.0 3166.0 331.0 3169.0 322.0 small-vehicle 0
3177.0 340.0 3175.0 344.0 3161.0 338.0 3164.0 330.0 small-vehicle 0
3172.0 352.0 3168.0 360.0 3150.0 352.0 3152.0 345.0 small-vehicle 0
3167.0 362.0 3163.0 367.0 3148.0 360.0 3151.0 354.0 small-vehicle 0
3000.0 120.0 3004.0 115.0 3021.0 126.0 3017.0 130.0 small-vehicle 0
2979.0 67.0 2979.0 74.0 2961.0 66.0 2964.0 59.0 small-vehicle 0
2985.0 58.0 2982.0 64.0 2965.0 58.0 2968.0 49.0 small-vehicle 0
4620.0 2444.0 4626.0 2447.0 4619.0 2464.0 4611.0 2462.0 small-vehicle 0
4032.0 1907.0 4040.0 1912.0 4034.0 1929.0 4025.0 1926.0 small-vehicle 0
4053.0 1857.0 4064.0 1862.0 4056.0 1874.0 4048.0 1872.0 small-vehicle 1
4055.0 1821.0 4060.0 1827.0 4053.0 1842.0 4046.0 1838.0 small-vehicle 0
3604.0 2188.0 3596.0 2183.0 3604.0 2170.0 3612.0 2174.0 small-vehicle 0
4728.0 2337.0 4725.0 2345.0 4707.0 2338.0 4710.0 2331.0 small-vehicle 0
4721.0 2348.0 4718.0 2354.0 4703.0 2348.0 4706.0 2341.0 small-vehicle 0
4656.0 2539.0 4653.0 2545.0 4635.0 2539.0 4639.0 2531.0 small-vehicle 0
3003.0 22.0 2999.0 29.0 2987.0 22.0 2988.0 15.0 small-vehicle 1
4789.0 2384.0 4782.0 2380.0 4788.0 2365.0 4795.0 2368.0 small-vehicle 0
4873.0 2441.0 4867.0 2435.0 4876.0 2424.0 4883.0 2427.0 small-vehicle 1
4925.0 2467.0 4917.0 2462.0 4925.0 2447.0 4933.0 2450.0 small-vehicle 0
5139.0 2511.0 5146.0 2515.0 5139.0 2529.0 5133.0 2527.0 small-vehicle 0
5149.0 2517.0 5155.0 2521.0 5145.0 2535.0 5141.0 2533.0 small-vehicle 0
2926.0 26.0 2929.0 20.0 2945.0 28.0 2941.0 35.0 small-vehicle 0
2561.0 995.0 2567.0 998.0 2558.0 1013.0 2552.0 1011.0 small-vehicle 0
2560.0 973.0 2567.0 980.0 2559.0 993.0 2552.0 991.0 small-vehicle 0
2522.0 954.0 2529.0 958.0 2520.0 972.0 2514.0 971.0 small-vehicle 0
2442.0 931.0 2448.0 934.0 2439.0 948.0 2434.0 946.0 small-vehicle 1
2211.0 70.0 2204.0 64.0 2212.0 48.0 2220.0 51.0 small-vehicle 0
2252.0 68.0 2243.0 72.0 2235.0 57.0 2241.0 53.0 small-vehicle 0
2530.0 240.0 2524.0 234.0 2533.0 218.0 2540.0 221.0 small-vehicle 0
2477.0 266.0 2483.0 271.0 2476.0 283.0 2468.0 280.0 small-vehicle 1
2485.0 266.0 2495.0 270.0 2488.0 287.0 2479.0 284.0 small-vehicle 0
2503.0 272.0 2510.0 276.0 2501.0 290.0 2494.0 288.0 small-vehicle 0
2101.0 825.0 2103.0 818.0 2119.0 825.0 2117.0 832.0 small-vehicle 1
2121.0 835.0 2123.0 827.0 2137.0 833.0 2134.0 841.0 small-vehicle 1
2158.0 853.0 2160.0 846.0 2176.0 852.0 2173.0 859.0 small-vehicle 1
2218.0 880.0 2219.0 874.0 2234.0 880.0 2230.0 885.0 small-vehicle 1
2346.0 885.0 2356.0 889.0 2350.0 907.0 2341.0 904.0 small-vehicle 1
2358.0 889.0 2365.0 891.0 2358.0 909.0 2350.0 908.0 small-vehicle 1
2510.0 898.0 2515.0 901.0 2508.0 915.0 2501.0 911.0 small-vehicle 1
2400.0 910.0 2406.0 915.0 2398.0 930.0 2390.0 927.0 small-vehicle 1
2408.0 915.0 2414.0 917.0 2406.0 934.0 2399.0 930.0 small-vehicle 1
2263.0 41.0 2257.0 44.0 2249.0 30.0 2257.0 26.0 small-vehicle 0
1846.0 340.0 1849.0 333.0 1867.0 340.0 1863.0 346.0 small-vehicle 0
2057.0 111.0 2062.0 103.0 2077.0 113.0 2073.0 120.0 small-vehicle 0
1675.0 207.0 1681.0 209.0 1675.0 224.0 1669.0 220.0 small-vehicle 1
1889.0 509.0 1880.0 503.0 1888.0 489.0 1898.0 491.0 small-vehicle 1
1904.0 516.0 1897.0 511.0 1906.0 493.0 1913.0 497.0 small-vehicle 1
1913.0 520.0 1907.0 517.0 1914.0 497.0 1923.0 502.0 small-vehicle 1
1922.0 525.0 1916.0 520.0 1924.0 503.0 1931.0 507.0 small-vehicle 1
1983.0 487.0 1977.0 495.0 1960.0 488.0 1964.0 479.0 small-vehicle 1
1989.0 468.0 1985.0 474.0 1966.0 469.0 1968.0 459.0 small-vehicle 1
1660.0 233.0 1667.0 236.0 1659.0 254.0 1654.0 251.0 small-vehicle 1
1863.0 116.0 1857.0 112.0 1864.0 97.0 1869.0 99.0 small-vehicle 0
1652.0 256.0 1657.0 260.0 1649.0 274.0 1643.0 270.0 small-vehicle 1
1747.0 305.0 1751.0 310.0 1743.0 328.0 1739.0 324.0 small-vehicle 1
1747.0 380.0 1743.0 390.0 1726.0 384.0 1730.0 375.0 small-vehicle 1
1697.0 465.0 1690.0 471.0 1678.0 456.0 1685.0 452.0 small-vehicle 0
1790.0 244.0 1784.0 238.0 1793.0 222.0 1799.0 226.0 small-vehicle 0
1795.0 214.0 1789.0 210.0 1796.0 197.0 1801.0 200.0 small-vehicle 1
2415.0 919.0 2422.0 924.0 2415.0 938.0 2408.0 935.0 small-vehicle 1
2450.0 934.0 2456.0 938.0 2447.0 953.0 2440.0 948.0 small-vehicle 1
2514.0 951.0 2518.0 956.0 2511.0 968.0 2506.0 965.0 small-vehicle 1
2465.0 948.0 2470.0 949.0 2461.0 966.0 2458.0 963.0 small-vehicle 1
2423.0 923.0 2431.0 925.0 2422.0 943.0 2415.0 937.0 small-vehicle 0
2433.0 926.0 2438.0 930.0 2431.0 945.0 2423.0 943.0 small-vehicle 0
2456.0 943.0 2464.0 947.0 2454.0 961.0 2448.0 959.0 small-vehicle 0
2474.0 949.0 2480.0 953.0 2472.0 970.0 2465.0 968.0 small-vehicle 0
2496.0 963.0 2503.0 967.0 2493.0 983.0 2488.0 979.0 small-vehicle 0
2506.0 969.0 2512.0 973.0 2503.0 988.0 2496.0 984.0 small-vehicle 0
2514.0 971.0 2520.0 975.0 2512.0 991.0 2504.0 989.0 small-vehicle 0
2486.0 885.0 2493.0 891.0 2484.0 906.0 2478.0 900.0 small-vehicle 0
2524.0 905.0 2535.0 910.0 2522.0 926.0 2515.0 922.0 small-vehicle 0
2574.0 933.0 2582.0 937.0 2572.0 949.0 2566.0 945.0 small-vehicle 0
2466.0 928.0 2472.0 933.0 2464.0 945.0 2458.0 943.0 small-vehicle 1
2472.0 931.0 2480.0 935.0 2472.0 951.0 2465.0 949.0 small-vehicle 0
2490.0 939.0 2496.0 942.0 2490.0 958.0 2483.0 955.0 small-vehicle 0
2498.0 943.0 2504.0 947.0 2495.0 965.0 2488.0 961.0 small-vehicle 0
2506.0 944.0 2514.0 949.0 2502.0 967.0 2495.0 961.0 small-vehicle 0
2393.0 907.0 2398.0 911.0 2389.0 925.0 2382.0 923.0 small-vehicle 0
2383.0 902.0 2390.0 906.0 2382.0 925.0 2374.0 921.0 small-vehicle 0
2376.0 899.0 2382.0 902.0 2374.0 921.0 2366.0 917.0 small-vehicle 0
2344.0 965.0 2350.0 966.0 2345.0 980.0 2338.0 980.0 small-vehicle 1
2482.0 955.0 2487.0 960.0 2478.0 974.0 2474.0 970.0 small-vehicle 1
2489.0 959.0 2496.0 961.0 2488.0 977.0 2482.0 973.0 small-vehicle 1
2523.0 971.0 2529.0 976.0 2521.0 991.0 2514.0 989.0 small-vehicle 1
2570.0 978.0 2576.0 980.0 2569.0 994.0 2564.0 992.0 small-vehicle 1
2633.0 1031.0 2638.0 1035.0 2630.0 1052.0 2625.0 1049.0 small-vehicle 1
2338.0 961.0 2344.0 963.0 2338.0 978.0 2331.0 977.0 small-vehicle 1
2372.0 974.0 2379.0 979.0 2370.0 997.0 2364.0 995.0 small-vehicle 1
2367.0 895.0 2375.0 898.0 2366.0 914.0 2358.0 911.0 small-vehicle 0
2301.0 914.0 2304.0 906.0 2318.0 913.0 2315.0 921.0 small-vehicle 1
2316.0 921.0 2320.0 913.0 2337.0 925.0 2332.0 931.0 small-vehicle 1
2140.0 843.0 2144.0 835.0 2160.0 845.0 2156.0 852.0 small-vehicle 0
2198.0 873.0 2202.0 865.0 2217.0 871.0 2216.0 877.0 small-vehicle 0
2234.0 889.0 2238.0 881.0 2250.0 890.0 2248.0 898.0 small-vehicle 0
2249.0 893.0 2253.0 890.0 2268.0 902.0 2264.0 906.0 small-vehicle 0
3165.0 370.0 3159.0 378.0 3141.0 368.0 3145.0 362.0 small-vehicle 0
3124.0 426.0 3115.0 423.0 3123.0 408.0 3129.0 411.0 small-vehicle 0
3106.0 397.0 3113.0 400.0 3103.0 418.0 3097.0 415.0 small-vehicle 0
5470.0 394.0 5478.0 396.0 5474.0 412.0 5467.0 412.0 small-vehicle 0
5473.0 339.0 5479.0 340.0 5477.0 356.0 5471.0 358.0 small-vehicle 1
5259.0 390.0 5261.0 384.0 5274.0 391.0 5271.0 398.0 small-vehicle 1
5401.0 463.0 5403.0 458.0 5417.0 466.0 5415.0 472.0 small-vehicle 1
5473.0 493.0 5477.0 486.0 5495.0 496.0 5491.0 502.0 small-vehicle 1
5505.0 506.0 5509.0 499.0 5523.0 510.0 5522.0 514.0 small-vehicle 1
5531.0 528.0 5537.0 524.0 5549.0 544.0 5541.0 544.0 small-vehicle 1
5352.0 659.0 5361.0 663.0 5351.0 680.0 5345.0 674.0 small-vehicle 1
5125.0 639.0 5129.0 630.0 5145.0 638.0 5143.0 646.0 small-vehicle 0
5391.0 554.0 5383.0 550.0 5392.0 531.0 5399.0 535.0 small-vehicle 0
5433.0 513.0 5440.0 518.0 5431.0 533.0 5424.0 529.0 small-vehicle 0
5419.0 538.0 5428.0 541.0 5417.0 557.0 5408.0 551.0 small-vehicle 0
5377.0 555.0 5385.0 559.0 5379.0 577.0 5372.0 575.0 small-vehicle 0
5380.0 603.0 5389.0 605.0 5380.0 621.0 5373.0 619.0 small-vehicle 0
5398.0 572.0 5405.0 577.0 5397.0 593.0 5388.0 591.0 small-vehicle 0
5396.0 454.0 5391.0 461.0 5377.0 453.0 5379.0 446.0 small-vehicle 0
5481.0 316.0 5487.0 317.0 5486.0 334.0 5481.0 333.0 small-vehicle 1
5479.0 284.0 5483.0 284.0 5483.0 301.0 5477.0 302.0 small-vehicle 1
5099.0 729.0 5101.0 721.0 5118.0 735.0 5116.0 741.0 small-vehicle 1
4910.0 60.0 4917.0 64.0 4911.0 79.0 4904.0 78.0 small-vehicle 1
4784.0 327.0 4777.0 324.0 4784.0 310.0 4792.0 315.0 small-vehicle 0
4764.0 348.0 4772.0 352.0 4765.0 363.0 4758.0 361.0 small-vehicle 1
4754.0 373.0 4760.0 376.0 4753.0 388.0 4746.0 385.0 small-vehicle 1
4772.0 416.0 4777.0 422.0 4768.0 434.0 4763.0 431.0 small-vehicle 0
4715.0 474.0 4708.0 470.0 4714.0 456.0 4722.0 460.0 small-vehicle 0
4737.0 487.0 4744.0 491.0 4733.0 506.0 4726.0 500.0 small-vehicle 0
4878.0 122.0 4887.0 126.0 4879.0 140.0 4870.0 138.0 small-vehicle 1
4993.0 667.0 4996.0 661.0 5011.0 673.0 5008.0 679.0 small-vehicle 1
4773.0 328.0 4781.0 332.0 4772.0 348.0 4764.0 344.0 small-vehicle 1
5106.0 60.0 5109.0 53.0 5122.0 69.0 5120.0 74.0 small-vehicle 1
5113.0 53.0 5119.0 50.0 5132.0 66.0 5125.0 70.0 small-vehicle 1
5119.0 46.0 5125.0 42.0 5136.0 60.0 5132.0 63.0 small-vehicle 1
5126.0 39.0 5133.0 35.0 5142.0 56.0 5135.0 59.0 small-vehicle 1
5134.0 35.0 5142.0 34.0 5149.0 51.0 5140.0 53.0 small-vehicle 1
5457.0 410.0 5449.0 409.0 5453.0 388.0 5460.0 388.0 small-vehicle 0
5479.0 392.0 5488.0 392.0 5487.0 410.0 5479.0 409.0 small-vehicle 0
5048.0 252.0 5040.0 249.0 5046.0 235.0 5053.0 237.0 small-vehicle 0
5529.0 420.0 5536.0 418.0 5542.0 435.0 5537.0 440.0 small-vehicle 0
6120.0 121.0 6128.0 119.0 6132.0 138.0 6124.0 138.0 small-vehicle 1
6118.0 154.0 6125.0 152.0 6132.0 167.0 6125.0 170.0 small-vehicle 1
6128.0 187.0 6136.0 186.0 6140.0 199.0 6134.0 204.0 small-vehicle 1
6138.0 170.0 6144.0 169.0 6146.0 184.0 6140.0 185.0 small-vehicle 1
6138.0 222.0 6144.0 220.0 6151.0 238.0 6144.0 239.0 small-vehicle 1
6156.0 258.0 6162.0 253.0 6174.0 267.0 6170.0 272.0 small-vehicle 1
6176.0 283.0 6178.0 275.0 6196.0 284.0 6193.0 290.0 small-vehicle 1
6196.0 295.0 6198.0 292.0 6216.0 298.0 6215.0 302.0 small-vehicle 1
6221.0 309.0 6222.0 303.0 6239.0 311.0 6239.0 316.0 small-vehicle 1
6347.0 372.0 6352.0 364.0 6368.0 374.0 6366.0 381.0 small-vehicle 1
6552.0 443.0 6554.0 434.0 6575.0 443.0 6570.0 452.0 small-vehicle 1
6398.0 386.0 6402.0 377.0 6419.0 384.0 6417.0 394.0 small-vehicle 1
6419.0 408.0 6420.0 402.0 6438.0 410.0 6435.0 417.0 small-vehicle 1
6480.0 426.0 6483.0 418.0 6497.0 428.0 6494.0 433.0 small-vehicle 1
5692.0 90.0 5692.0 98.0 5673.0 98.0 5672.0 89.0 small-vehicle 0
6016.0 69.0 6016.0 62.0 6036.0 61.0 6036.0 70.0 small-vehicle 1
5660.0 50.0 5659.0 42.0 5678.0 43.0 5676.0 51.0 small-vehicle 1
5484.0 356.0 5491.0 356.0 5491.0 372.0 5486.0 372.0 small-vehicle 1
5479.0 210.0 5471.0 210.0 5473.0 192.0 5480.0 192.0 small-vehicle 0
5537.0 448.0 5545.0 446.0 5553.0 461.0 5545.0 465.0 small-vehicle 0
5497.0 496.0 5504.0 496.0 5503.0 512.0 5497.0 513.0 small-vehicle 0
5491.0 503.0 5487.0 509.0 5471.0 501.0 5475.0 495.0 small-vehicle 0
5471.0 278.0 5464.0 278.0 5466.0 261.0 5473.0 261.0 small-vehicle 0
5478.0 250.0 5487.0 250.0 5484.0 270.0 5477.0 270.0 small-vehicle 0
5472.0 239.0 5465.0 240.0 5467.0 222.0 5474.0 223.0 small-vehicle 0
5503.0 212.0 5512.0 212.0 5511.0 232.0 5502.0 231.0 small-vehicle 0
5591.0 86.0 5591.0 76.0 5609.0 76.0 5611.0 84.0 small-vehicle 1
5485.0 172.0 5494.0 170.0 5493.0 190.0 5483.0 188.0 small-vehicle 0
5484.0 158.0 5475.0 158.0 5479.0 138.0 5485.0 140.0 small-vehicle 0
5489.0 124.0 5480.0 118.0 5487.0 100.0 5497.0 106.0 small-vehicle 0
5523.0 108.0 5521.0 100.0 5537.0 94.0 5541.0 100.0 small-vehicle 1
5520.0 78.0 5517.0 71.0 5533.0 67.0 5538.0 73.0 small-vehicle 1
5566.0 64.0 5568.0 56.0 5582.0 57.0 5582.0 63.0 small-vehicle 1
5102.0 264.0 5110.0 265.0 5104.0 282.0 5098.0 281.0 small-vehicle 0
5032.0 245.0 5022.0 242.0 5029.0 226.0 5036.0 230.0 small-vehicle 0
3274.0 520.0 3278.0 528.0 3264.0 536.0 3262.0 528.0 small-vehicle 0
3670.0 616.0 3678.0 618.0 3669.0 633.0 3664.0 629.0 small-vehicle 1
3414.0 615.0 3416.0 609.0 3435.0 620.0 3431.0 625.0 small-vehicle 0
3643.0 631.0 3649.0 635.0 3641.0 652.0 3635.0 647.0 small-vehicle 0
3712.0 536.0 3719.0 539.0 3710.0 554.0 3703.0 553.0 small-vehicle 0
3696.0 527.0 3703.0 529.0 3692.0 547.0 3686.0 543.0 small-vehicle 0
3685.0 544.0 3694.0 549.0 3686.0 562.0 3678.0 561.0 small-vehicle 0
3649.0 467.0 3646.0 475.0 3632.0 468.0 3634.0 461.0 small-vehicle 0
3630.0 458.0 3626.0 465.0 3611.0 458.0 3614.0 451.0 small-vehicle 0
3392.0 478.0 3388.0 485.0 3376.0 478.0 3380.0 471.0 small-vehicle 1
3596.0 440.0 3592.0 447.0 3574.0 437.0 3576.0 431.0 small-vehicle 1
3332.0 607.0 3326.0 612.0 3310.0 603.0 3312.0 597.0 small-vehicle 1
3335.0 594.0 3330.0 601.0 3314.0 594.0 3318.0 585.0 small-vehicle 1
3674.0 581.0 3668.0 577.0 3678.0 563.0 3685.0 567.0 small-vehicle 1
3666.0 601.0 3660.0 597.0 3667.0 581.0 3674.0 584.0 small-vehicle 1
3650.0 629.0 3644.0 625.0 3651.0 612.0 3657.0 615.0 small-vehicle 1
3652.0 667.0 3647.0 665.0 3656.0 650.0 3660.0 654.0 small-vehicle 1
3306.0 635.0 3312.0 639.0 3302.0 656.0 3296.0 653.0 small-vehicle 0
3356.0 523.0 3360.0 516.0 3376.0 525.0 3373.0 531.0 small-vehicle 0
3400.0 497.0 3410.0 502.0 3401.0 518.0 3393.0 514.0 small-vehicle 0
3852.0 111.0 3856.0 105.0 3874.0 115.0 3870.0 121.0 small-vehicle 0
3284.0 525.0 3291.0 528.0 3280.0 544.0 3274.0 539.0 small-vehicle 0
3290.0 568.0 3285.0 574.0 3265.0 566.0 3268.0 558.0 small-vehicle 0
3308.0 610.0 3310.0 604.0 3327.0 615.0 3323.0 620.0 small-vehicle 0
3618.0 77.0 3612.0 72.0 3621.0 58.0 3628.0 63.0 small-vehicle 0
3716.0 62.0 3720.0 56.0 3735.0 64.0 3734.0 69.0 small-vehicle 0
3839.0 72.0 3843.0 64.0 3860.0 76.0 3858.0 82.0 small-vehicle 0
3810.0 112.0 3815.0 105.0 3832.0 115.0 3824.0 120.0 small-vehicle 0
3438.0 425.0 3446.0 428.0 3438.0 444.0 3430.0 440.0 small-vehicle 0
3850.0 251.0 3856.0 254.0 3847.0 269.0 3841.0 266.0 small-vehicle 0
3882.0 197.0 3890.0 199.0 3884.0 212.0 3876.0 209.0 small-vehicle 1
3484.0 341.0 3490.0 345.0 3483.0 358.0 3477.0 356.0 small-vehicle 1
3546.0 207.0 3554.0 212.0 3546.0 228.0 3538.0 222.0 small-vehicle 0
3447.0 426.0 3441.0 422.0 3449.0 406.0 3454.0 412.0 small-vehicle 0
3466.0 385.0 3468.0 377.0 3485.0 386.0 3480.0 393.0 small-vehicle 0
3663.0 648.0 3658.0 645.0 3665.0 629.0 3670.0 633.0 small-vehicle 1
3758.0 525.0 3754.0 531.0 3740.0 524.0 3743.0 518.0 small-vehicle 1
4898.0 104.0 4890.0 98.0 4899.0 85.0 4907.0 90.0 small-vehicle 0
3796.0 547.0 3792.0 551.0 3774.0 544.0 3776.0 538.0 small-vehicle 1
3998.0 209.0 4002.0 203.0 4018.0 208.0 4014.0 215.0 small-vehicle 1
4238.0 37.0 4230.0 31.0 4237.0 18.0 4246.0 20.0 small-vehicle 1
4212.0 274.0 4216.0 267.0 4232.0 278.0 4228.0 283.0 small-vehicle 0
4207.0 283.0 4211.0 275.0 4226.0 284.0 4224.0 291.0 small-vehicle 0
3874.0 868.0 3876.0 861.0 3892.0 871.0 3888.0 875.0 small-vehicle 0
4287.0 196.0 4279.0 200.0 4268.0 187.0 4274.0 180.0 small-vehicle 0
4306.0 186.0 4306.0 194.0 4294.0 194.0 4292.0 188.0 small-vehicle 1
4298.0 206.0 4297.0 212.0 4283.0 211.0 4283.0 206.0 small-vehicle 1
4290.0 223.0 4290.0 229.0 4273.0 228.0 4274.0 220.0 small-vehicle 0
4357.0 360.0 4362.0 352.0 4379.0 362.0 4375.0 371.0 small-vehicle 0
4448.0 389.0 4449.0 382.0 4465.0 389.0 4463.0 394.0 small-vehicle 0
4504.0 202.0 4513.0 208.0 4503.0 224.0 4495.0 220.0 small-vehicle 0
4592.0 466.0 4590.0 472.0 4578.0 466.0 4581.0 461.0 small-vehicle 1
4936.0 29.0 4927.0 24.0 4934.0 6.0 4943.0 11.0 small-vehicle 0
4742.0 98.0 4746.0 92.0 4763.0 100.0 4758.0 106.0 small-vehicle 0
4083.0 196.0 4084.0 190.0 4101.0 197.0 4097.0 205.0 small-vehicle 1
3802.0 52.0 3806.0 46.0 3823.0 55.0 3820.0 61.0 small-vehicle 1
3730.0 18.0 3736.0 10.0 3752.0 17.0 3746.0 27.0 small-vehicle 1
3926.0 610.0 3922.0 615.0 3907.0 606.0 3911.0 601.0 small-vehicle 0
3880.0 587.0 3876.0 593.0 3857.0 584.0 3860.0 578.0 small-vehicle 1
3896.0 595.0 3893.0 600.0 3876.0 595.0 3879.0 588.0 small-vehicle 1
3874.0 765.0 3864.0 762.0 3871.0 746.0 3878.0 747.0 small-vehicle 1
3896.0 693.0 3904.0 697.0 3896.0 711.0 3889.0 709.0 small-vehicle 1
3936.0 739.0 3944.0 742.0 3936.0 759.0 3928.0 755.0 small-vehicle 1
3948.0 712.0 3955.0 719.0 3946.0 737.0 3936.0 732.0 small-vehicle 1
3854.0 558.0 3858.0 551.0 3873.0 562.0 3869.0 567.0 small-vehicle 0
3762.0 68.0 3767.0 60.0 3783.0 70.0 3778.0 76.0 small-vehicle 1
4007.0 486.0 4014.0 489.0 4006.0 506.0 4000.0 503.0 small-vehicle 1
4013.0 495.0 4022.0 497.0 4016.0 517.0 4006.0 512.0 small-vehicle 1
4043.0 517.0 4052.0 521.0 4045.0 539.0 4037.0 536.0 small-vehicle 1
3912.0 585.0 3914.0 581.0 3929.0 586.0 3927.0 592.0 small-vehicle 1
3390.0 346.0 3391.0 342.0 3406.0 348.0 3402.0 352.0 small-vehicle 1
3574.0 174.0 3567.0 168.0 3574.0 153.0 3581.0 156.0 small-vehicle 1
1880.0 502.0 1874.0 501.0 1881.0 483.0 1888.0 487.0 small-vehicle 1
1935.0 489.0 1932.0 485.0 1938.0 469.0 1943.0 473.0 small-vehicle 1
7119.0 3087.0 7122.0 3080.0 7139.0 3089.0 7134.0 3096.0 small-vehicle 0
489.0 576.0 501.0 576.0 501.0 588.0 489.0 588.0 storage-tank 1
4452.0 2646.0 4461.0 2633.0 4497.0 2659.0 4487.0 2671.0 ship 0
50.0 66.0 52.0 60.0 66.0 72.0 64.0 76.0 small-vehicle 0
68.0 74.0 71.0 68.0 86.0 78.0 83.0 84.0 small-vehicle 0
33.0 99.0 28.0 95.0 37.0 82.0 44.0 85.0 small-vehicle 0
60.0 96.0 68.0 100.0 58.0 118.0 51.0 113.0 small-vehicle 0
68.0 101.0 74.0 105.0 66.0 121.0 58.0 118.0 small-vehicle 0
57.0 178.0 63.0 183.0 54.0 200.0 48.0 197.0 small-vehicle 0
710.0 204.0 702.0 201.0 710.0 188.0 716.0 192.0 small-vehicle 0
702.0 200.0 696.0 195.0 705.0 182.0 712.0 184.0 small-vehicle 0
692.0 193.0 686.0 189.0 695.0 176.0 700.0 177.0 small-vehicle 0
684.0 190.0 676.0 185.0 684.0 170.0 692.0 176.0 small-vehicle 0
591.0 180.0 599.0 181.0 596.0 199.0 589.0 199.0 small-vehicle 0
599.0 185.0 607.0 186.0 606.0 207.0 598.0 206.0 small-vehicle 0
614.0 196.0 622.0 196.0 620.0 216.0 614.0 214.0 small-vehicle 0
624.0 197.0 632.0 198.0 629.0 220.0 622.0 217.0 small-vehicle 0
1349.0 761.0 1342.0 769.0 1319.0 754.0 1325.0 745.0 large-vehicle 0
490.0 565.0 501.0 565.0 501.0 576.0 490.0 576.0 storage-tank 1
1944.0 495.0 1936.0 489.0 1943.0 476.0 1950.0 480.0 small-vehicle 1
490.0 551.0 502.0 551.0 502.0 563.0 490.0 563.0 storage-tank 1
7030.0 978.0 7022.0 981.0 7015.0 963.0 7021.0 960.0 large-vehicle 0
6791.0 2004.0 6782.0 2000.0 6799.0 1966.0 6807.0 1971.0 large-vehicle 0
6962.0 2431.0 6968.0 2436.0 6959.0 2452.0 6952.0 2448.0 large-vehicle 0
6693.0 2930.0 6686.0 2927.0 6696.0 2906.0 6703.0 2909.0 large-vehicle 0
5686.0 484.0 5675.0 485.0 5671.0 445.0 5681.0 444.0 ship 0
5667.0 404.0 5680.0 401.0 5687.0 437.0 5676.0 439.0 ship 0
5665.0 371.0 5673.0 369.0 5675.0 393.0 5667.0 394.0 ship 0
5660.0 224.0 5670.0 224.0 5669.0 249.0 5660.0 249.0 ship 0
5661.0 192.0 5670.0 191.0 5670.0 220.0 5661.0 220.0 ship 0
6040.0 162.0 6049.0 161.0 6048.0 195.0 6040.0 195.0 ship 0
6041.0 204.0 6049.0 205.0 6045.0 235.0 6036.0 234.0 ship 0
6034.0 198.0 6043.0 198.0 6036.0 235.0 6028.0 233.0 ship 0
6031.0 239.0 6045.0 241.0 6041.0 272.0 6026.0 271.0 ship 0
6027.0 341.0 6037.0 345.0 6027.0 381.0 6017.0 379.0 ship 0
6018.0 387.0 6028.0 391.0 6017.0 425.0 6008.0 422.0 ship 0
633.0 200.0 638.0 200.0 636.0 222.0 629.0 220.0 small-vehicle 0
641.0 205.0 647.0 205.0 646.0 225.0 638.0 224.0 small-vehicle 0
649.0 210.0 656.0 210.0 654.0 233.0 646.0 228.0 small-vehicle 0
658.0 216.0 664.0 216.0 666.0 232.0 660.0 234.0 small-vehicle 0
647.0 310.0 654.0 308.0 662.0 322.0 656.0 326.0 small-vehicle 0
656.0 305.0 662.0 300.0 670.0 316.0 661.0 320.0 small-vehicle 0
662.0 298.0 669.0 294.0 677.0 309.0 673.0 314.0 small-vehicle 0
677.0 291.0 684.0 286.0 694.0 304.0 688.0 306.0 small-vehicle 0
686.0 288.0 692.0 284.0 700.0 298.0 694.0 303.0 small-vehicle 0
694.0 283.0 702.0 279.0 708.0 293.0 703.0 297.0 small-vehicle 0
702.0 280.0 706.0 274.0 713.0 288.0 707.0 292.0 small-vehicle 0
717.0 285.0 723.0 284.0 731.0 301.0 727.0 304.0 small-vehicle 0
710.0 292.0 716.0 288.0 725.0 305.0 719.0 312.0 small-vehicle 0
703.0 300.0 710.0 296.0 716.0 309.0 712.0 313.0 small-vehicle 1
624.0 344.0 632.0 339.0 639.0 357.0 635.0 361.0 small-vehicle 0
635.0 340.0 640.0 337.0 648.0 352.0 642.0 357.0 small-vehicle 0
642.0 338.0 648.0 334.0 654.0 348.0 648.0 350.0 small-vehicle 0
646.0 331.0 657.0 327.0 664.0 343.0 657.0 347.0 small-vehicle 0
657.0 326.0 664.0 324.0 672.0 338.0 664.0 340.0 small-vehicle 0
640.0 315.0 646.0 312.0 654.0 328.0 652.0 331.0 small-vehicle 0
634.0 321.0 640.0 315.0 649.0 334.0 642.0 337.0 small-vehicle 0
626.0 324.0 632.0 320.0 638.0 337.0 634.0 340.0 small-vehicle 0
638.0 250.0 645.0 247.0 654.0 261.0 649.0 266.0 small-vehicle 0
672.0 222.0 679.0 222.0 677.0 242.0 672.0 242.0 small-vehicle 0
683.0 228.0 688.0 229.0 685.0 246.0 678.0 247.0 small-vehicle 0
688.0 231.0 697.0 233.0 694.0 250.0 685.0 249.0 small-vehicle 0
615.0 268.0 621.0 262.0 631.0 275.0 626.0 280.0 small-vehicle 0
624.0 260.0 630.0 257.0 640.0 273.0 634.0 276.0 small-vehicle 0
632.0 256.0 638.0 252.0 646.0 267.0 643.0 272.0 small-vehicle 0
662.0 256.0 667.0 250.0 678.0 267.0 673.0 270.0 small-vehicle 0
616.0 328.0 623.0 323.0 630.0 338.0 624.0 344.0 small-vehicle 0
656.0 262.0 661.0 258.0 673.0 273.0 667.0 276.0 small-vehicle 0
649.0 266.0 653.0 262.0 666.0 276.0 660.0 281.0 small-vehicle 0
643.0 272.0 648.0 267.0 657.0 283.0 651.0 286.0 small-vehicle 0
636.0 278.0 640.0 276.0 650.0 286.0 645.0 290.0 small-vehicle 1
626.0 280.0 632.0 276.0 642.0 293.0 637.0 296.0 small-vehicle 0
591.0 358.0 587.0 353.0 598.0 344.0 604.0 352.0 small-vehicle 1
6844.0 86.0 6843.0 76.0 6879.0 75.0 6879.0 85.0 large-vehicle 0
6671.0 35.0 6670.0 45.0 6634.0 43.0 6636.0 34.0 large-vehicle 0
5689.0 588.0 6019.0 494.0 6026.0 512.0 5693.0 611.0 bridge 0
1648.0 1249.0 1641.0 1261.0 1611.0 1242.0 1617.0 1231.0 ship 0
1550.0 156.0 1544.0 168.0 1492.0 140.0 1498.0 129.0 large-vehicle 0
1632.0 160.0 1630.0 169.0 1604.0 156.0 1607.0 146.0 large-vehicle 0
1310.0 1020.0 1303.0 1033.0 1246.0 1006.0 1254.0 991.0 ship 0
1471.0 1099.0 1467.0 1107.0 1424.0 1090.0 1427.0 1081.0 ship 0
1315.0 1032.0 1320.0 1023.0 1357.0 1042.0 1353.0 1051.0 ship 0
1462.0 1107.0 1457.0 1121.0 1417.0 1103.0 1423.0 1089.0 ship 0
1473.0 1118.0 1479.0 1102.0 1536.0 1131.0 1528.0 1147.0 ship 0
1466.0 1136.0 1473.0 1120.0 1531.0 1149.0 1524.0 1166.0 ship 0
1461.0 1152.0 1469.0 1137.0 1520.0 1164.0 1515.0 1178.0 ship 0
1446.0 1167.0 1454.0 1149.0 1516.0 1179.0 1506.0 1197.0 ship 0
1587.0 1157.0 1582.0 1171.0 1531.0 1146.0 1539.0 1131.0 ship 0
1586.0 1173.0 1578.0 1188.0 1527.0 1161.0 1534.0 1147.0 ship 0
1593.0 1173.0 1598.0 1161.0 1635.0 1180.0 1630.0 1192.0 ship 0
1700.0 1212.0 1692.0 1229.0 1630.0 1198.0 1637.0 1181.0 ship 0
1691.0 1228.0 1681.0 1246.0 1620.0 1212.0 1628.0 1196.0 ship 0
1513.0 126.0 1509.0 134.0 1457.0 113.0 1461.0 104.0 large-vehicle 0
1523.0 485.0 1519.0 494.0 1486.0 475.0 1490.0 467.0 large-vehicle 0
1508.0 493.0 1505.0 501.0 1483.0 489.0 1486.0 481.0 large-vehicle 0
1330.0 562.0 1322.0 556.0 1352.0 521.0 1359.0 528.0 large-vehicle 0
752.0 749.0 762.0 788.0 622.0 824.0 612.0 787.0 ship 0
116.0 2021.0 98.0 2030.0 77.0 1982.0 95.0 1975.0 ship 0
154.0 3540.0 136.0 3570.0 6.0 3484.0 6.0 3445.0 ship 0
137.0 3572.0 124.0 3596.0 7.0 3520.0 6.0 3484.0 ship 0
526.0 1856.0 546.0 1769.0 1075.0 1911.0 1052.0 2006.0 ship 0
804.0 786.0 812.0 772.0 860.0 800.0 852.0 812.0 ship 0
1434.0 527.0 1429.0 537.0 1392.0 518.0 1398.0 507.0 large-vehicle 0
1513.0 509.0 1509.0 516.0 1476.0 499.0 1479.0 491.0 large-vehicle 0
1501.0 556.0 1499.0 566.0 1458.0 561.0 1460.0 550.0 large-vehicle 0
1410.0 376.0 1402.0 372.0 1413.0 350.0 1420.0 354.0 large-vehicle 0
1392.0 367.0 1383.0 362.0 1398.0 338.0 1406.0 343.0 large-vehicle 0
1468.0 404.0 1460.0 400.0 1470.0 379.0 1478.0 384.0 large-vehicle 0
1247.0 319.0 1252.0 311.0 1273.0 323.0 1269.0 330.0 large-vehicle 0
1505.0 519.0 1500.0 527.0 1470.0 511.0 1474.0 503.0 large-vehicle 0
1680.0 1246.0 1671.0 1262.0 1610.0 1227.0 1618.0 1211.0 ship 0
1640.0 1266.0 1630.0 1277.0 1597.0 1250.0 1608.0 1238.0 ship 0
5639.0 131.0 5639.0 25.0 6053.0 19.0 6055.0 126.0 bridge 0
1989.0 390.0 1997.0 394.0 1978.0 431.0 1970.0 426.0 large-vehicle 0
3998.0 3200.0 3953.0 3286.0 3455.0 3019.0 3500.0 2936.0 ship 0
3927.0 2371.0 3898.0 2428.0 3584.0 2273.0 3611.0 2213.0 ship 0
4267.0 320.0 4264.0 326.0 4248.0 318.0 4251.0 311.0 large-vehicle 0
4325.0 351.0 4321.0 358.0 4306.0 350.0 4311.0 343.0 large-vehicle 0
4404.0 4338.0 4234.0 4339.0 4144.0 4295.0 4180.0 4226.0 ship 1
4591.0 2749.0 4611.0 2708.0 4855.0 2832.0 4835.0 2871.0 ship 0
4576.0 2691.0 4563.0 2716.0 4494.0 2678.0 4506.0 2656.0 ship 0
4886.0 2235.0 4901.0 2203.0 5064.0 2283.0 5047.0 2316.0 ship 0
5054.0 2319.0 5071.0 2288.0 5189.0 2343.0 5172.0 2380.0 ship 0
5502.0 125.0 5509.0 128.0 5499.0 149.0 5492.0 145.0 large-vehicle 0
5465.0 431.0 5474.0 435.0 5454.0 487.0 5446.0 484.0 large-vehicle 0
5693.0 68.0 5694.0 76.0 5652.0 78.0 5652.0 68.0 large-vehicle 0
5773.0 76.0 5773.0 66.0 5817.0 66.0 5817.0 75.0 large-vehicle 0
5848.0 75.0 5848.0 65.0 5891.0 64.0 5891.0 73.0 large-vehicle 0
5925.0 73.0 5925.0 66.0 5968.0 64.0 5968.0 73.0 large-vehicle 0
3528.0 1680.0 3519.0 1675.0 3534.0 1641.0 3542.0 1645.0 large-vehicle 0
3239.0 358.0 3244.0 351.0 3268.0 372.0 3261.0 379.0 large-vehicle 0
3182.0 434.0 3191.0 439.0 3178.0 465.0 3170.0 461.0 large-vehicle 0
2611.0 4196.0 2596.0 4183.0 2629.0 4145.0 2643.0 4157.0 ship 0
1846.0 648.0 1851.0 638.0 1885.0 657.0 1879.0 668.0 large-vehicle 0
1865.0 641.0 1870.0 633.0 1888.0 645.0 1884.0 653.0 large-vehicle 0
1871.0 624.0 1876.0 616.0 1897.0 627.0 1893.0 636.0 large-vehicle 0
2024.0 1373.0 2006.0 1416.0 1730.0 1282.0 1750.0 1234.0 ship 0
2327.0 1523.0 2306.0 1562.0 2083.0 1454.0 2103.0 1412.0 ship 0
2411.0 1327.0 2402.0 1324.0 2416.0 1291.0 2424.0 1295.0 large-vehicle 0
2716.0 4138.0 2688.0 4114.0 2755.0 4037.0 2780.0 4060.0 ship 0
3079.0 1414.0 3087.0 1419.0 3069.0 1456.0 3059.0 1451.0 large-vehicle 0
2643.0 1280.0 2647.0 1271.0 2682.0 1287.0 2678.0 1296.0 large-vehicle 0
2716.0 1302.0 2712.0 1312.0 2683.0 1298.0 2687.0 1289.0 large-vehicle 0
2825.0 1369.0 2829.0 1359.0 2864.0 1377.0 2858.0 1387.0 large-vehicle 0
2899.0 1394.0 2894.0 1403.0 2865.0 1388.0 2869.0 1379.0 large-vehicle 0
3028.0 1449.0 3032.0 1438.0 3085.0 1468.0 3080.0 1477.0 large-vehicle 0
3126.0 2009.0 3156.0 1946.0 2794.0 1757.0 2758.0 1831.0 ship 0
663.0 322.0 670.0 318.0 678.0 332.0 670.0 336.0 small-vehicle 0
671.0 315.0 677.0 310.0 686.0 328.0 679.0 330.0 small-vehicle 0
679.0 310.0 684.0 307.0 693.0 325.0 688.0 329.0 small-vehicle 0
1882.0 1126.0 1890.0 1130.0 1882.0 1146.0 1874.0 1143.0 small-vehicle 0
1578.0 629.0 1586.0 633.0 1578.0 647.0 1571.0 645.0 small-vehicle 0
1628.0 623.0 1624.0 631.0 1606.0 622.0 1610.0 613.0 small-vehicle 0
1631.0 614.0 1628.0 621.0 1612.0 612.0 1615.0 604.0 small-vehicle 0
1432.0 751.0 1426.0 746.0 1434.0 731.0 1440.0 736.0 small-vehicle 1
1485.0 641.0 1476.0 637.0 1480.0 620.0 1488.0 622.0 small-vehicle 1
1510.0 621.0 1502.0 615.0 1510.0 599.0 1518.0 602.0 small-vehicle 1
1578.0 589.0 1572.0 585.0 1580.0 569.0 1587.0 571.0 small-vehicle 1
1128.0 376.0 1126.0 369.0 1139.0 361.0 1143.0 369.0 small-vehicle 1
1623.0 587.0 1628.0 580.0 1647.0 591.0 1643.0 599.0 small-vehicle 1
1760.0 669.0 1754.0 671.0 1749.0 653.0 1757.0 651.0 small-vehicle 1
1770.0 673.0 1762.0 674.0 1760.0 653.0 1769.0 654.0 small-vehicle 1
1782.0 678.0 1774.0 678.0 1771.0 659.0 1780.0 659.0 small-vehicle 1
1790.0 681.0 1781.0 681.0 1780.0 664.0 1790.0 664.0 small-vehicle 1
1800.0 685.0 1790.0 683.0 1791.0 666.0 1799.0 667.0 small-vehicle 1
1835.0 1103.0 1842.0 1109.0 1834.0 1123.0 1828.0 1118.0 small-vehicle 0
1511.0 647.0 1506.0 643.0 1512.0 630.0 1517.0 631.0 small-vehicle 1
1363.0 706.0 1368.0 698.0 1385.0 710.0 1381.0 719.0 small-vehicle 0
1470.0 532.0 1474.0 527.0 1488.0 535.0 1485.0 543.0 small-vehicle 0
1260.0 401.0 1256.0 408.0 1241.0 399.0 1245.0 392.0 small-vehicle 0
1256.0 479.0 1249.0 483.0 1244.0 468.0 1250.0 465.0 small-vehicle 0
1238.0 511.0 1232.0 513.0 1222.0 498.0 1229.0 493.0 small-vehicle 0
1244.0 499.0 1238.0 504.0 1230.0 490.0 1236.0 487.0 small-vehicle 0
1174.0 394.0 1167.0 389.0 1175.0 376.0 1182.0 379.0 small-vehicle 0
1124.0 367.0 1120.0 361.0 1134.0 355.0 1138.0 362.0 small-vehicle 0
1283.0 363.0 1278.0 370.0 1257.0 363.0 1261.0 353.0 small-vehicle 0
1273.0 420.0 1282.0 425.0 1276.0 441.0 1268.0 439.0 small-vehicle 0
1484.0 456.0 1487.0 451.0 1503.0 458.0 1501.0 465.0 small-vehicle 0
1293.0 383.0 1300.0 387.0 1291.0 401.0 1284.0 396.0 small-vehicle 0
1282.0 403.0 1290.0 406.0 1282.0 424.0 1275.0 421.0 small-vehicle 0
1434.0 392.0 1425.0 389.0 1433.0 371.0 1440.0 374.0 small-vehicle 0
1484.0 412.0 1476.0 409.0 1482.0 393.0 1488.0 394.0 small-vehicle 0
1492.0 412.0 1486.0 409.0 1496.0 388.0 1503.0 392.0 small-vehicle 0
1640.0 297.0 1636.0 293.0 1642.0 279.0 1648.0 284.0 small-vehicle 0
1722.0 1082.0 1718.0 1090.0 1704.0 1084.0 1708.0 1076.0 small-vehicle 0
1908.0 1115.0 1914.0 1119.0 1908.0 1133.0 1898.0 1132.0 small-vehicle 0
1227.0 495.0 1221.0 489.0 1229.0 476.0 1236.0 479.0 small-vehicle 0
1934.0 1143.0 1928.0 1147.0 1921.0 1131.0 1927.0 1128.0 small-vehicle 0
1922.0 484.0 1913.0 479.0 1918.0 463.0 1926.0 465.0 small-vehicle 0
1930.0 487.0 1922.0 481.0 1928.0 465.0 1936.0 469.0 small-vehicle 0
1939.0 463.0 1932.0 459.0 1940.0 442.0 1946.0 445.0 small-vehicle 0
1924.0 453.0 1915.0 449.0 1922.0 435.0 1929.0 439.0 small-vehicle 0
1948.0 390.0 1956.0 393.0 1948.0 409.0 1940.0 407.0 small-vehicle 0
1958.0 394.0 1965.0 399.0 1957.0 414.0 1950.0 412.0 small-vehicle 0
1686.0 498.0 1682.0 505.0 1664.0 496.0 1668.0 488.0 small-vehicle 0
1895.0 386.0 1889.0 383.0 1897.0 369.0 1903.0 371.0 small-vehicle 1
1932.0 401.0 1926.0 399.0 1932.0 383.0 1938.0 385.0 small-vehicle 1
1897.0 438.0 1889.0 433.0 1896.0 419.0 1903.0 422.0 small-vehicle 1
1906.0 441.0 1898.0 439.0 1905.0 423.0 1910.0 426.0 small-vehicle 1
1912.0 448.0 1907.0 443.0 1915.0 428.0 1922.0 431.0 small-vehicle 1
1865.0 451.0 1859.0 448.0 1865.0 433.0 1871.0 436.0 small-vehicle 1
1872.0 458.0 1866.0 453.0 1873.0 438.0 1880.0 441.0 small-vehicle 1
1882.0 464.0 1872.0 462.0 1878.0 442.0 1887.0 445.0 small-vehicle 1
1864.0 492.0 1857.0 489.0 1864.0 473.0 1870.0 475.0 small-vehicle 0
1897.0 511.0 1890.0 509.0 1897.0 492.0 1904.0 495.0 small-vehicle 0
1929.0 530.0 1921.0 525.0 1930.0 509.0 1938.0 512.0 small-vehicle 0
1838.0 939.0 1842.0 934.0 1858.0 943.0 1854.0 949.0 small-vehicle 0
1942.0 1138.0 1935.0 1141.0 1929.0 1125.0 1936.0 1122.0 small-vehicle 0
1946.0 1125.0 1939.0 1127.0 1932.0 1112.0 1939.0 1109.0 small-vehicle 0
1980.0 1065.0 1975.0 1071.0 1960.0 1054.0 1966.0 1049.0 small-vehicle 0
1960.0 994.0 1957.0 1003.0 1938.0 993.0 1942.0 983.0 small-vehicle 0
1877.0 955.0 1874.0 960.0 1861.0 954.0 1863.0 947.0 small-vehicle 1
1864.0 877.0 1868.0 867.0 1888.0 880.0 1883.0 887.0 small-vehicle 0
1871.0 686.0 1881.0 683.0 1885.0 705.0 1875.0 706.0 small-vehicle 0
1958.0 503.0 1961.0 496.0 1978.0 507.0 1974.0 515.0 small-vehicle 0
1912.0 700.0 1921.0 703.0 1912.0 719.0 1904.0 714.0 small-vehicle 0
1968.0 752.0 1965.0 759.0 1947.0 753.0 1950.0 744.0 small-vehicle 0
1989.0 762.0 1985.0 770.0 1968.0 762.0 1971.0 754.0 small-vehicle 0
1988.0 772.0 1992.0 762.0 2011.0 771.0 2005.0 780.0 small-vehicle 0
1969.0 805.0 1966.0 798.0 1980.0 789.0 1983.0 797.0 small-vehicle 0
1902.0 774.0 1897.0 767.0 1911.0 758.0 1916.0 764.0 small-vehicle 0
1250.0 492.0 1244.0 495.0 1236.0 481.0 1243.0 478.0 small-vehicle 0
1218.0 511.0 1212.0 507.0 1218.0 493.0 1223.0 495.0 small-vehicle 0
687.0 308.0 694.0 304.0 702.0 319.0 696.0 322.0 small-vehicle 0
138.0 592.0 146.0 592.0 145.0 612.0 138.0 612.0 small-vehicle 0
858.0 386.0 866.0 384.0 869.0 400.0 862.0 403.0 small-vehicle 0
840.0 410.0 846.0 406.0 852.0 423.0 846.0 425.0 small-vehicle 0
847.0 429.0 854.0 427.0 860.0 444.0 852.0 446.0 small-vehicle 0
24.0 681.0 26.0 688.0 10.0 693.0 8.0 686.0 small-vehicle 0
25.0 691.0 27.0 698.0 12.0 700.0 11.0 693.0 small-vehicle 0
27.0 699.0 30.0 706.0 13.0 708.0 12.0 702.0 small-vehicle 0
28.0 708.0 30.0 715.0 14.0 716.0 13.0 708.0 small-vehicle 0
32.0 724.0 33.0 734.0 18.0 736.0 16.0 728.0 small-vehicle 0
36.0 743.0 37.0 750.0 22.0 752.0 20.0 746.0 small-vehicle 0
190.0 768.0 190.0 776.0 172.0 780.0 169.0 772.0 small-vehicle 0
192.0 793.0 192.0 803.0 175.0 804.0 172.0 795.0 small-vehicle 0
384.0 740.0 384.0 732.0 402.0 736.0 403.0 742.0 small-vehicle 0
384.0 751.0 384.0 744.0 400.0 745.0 399.0 752.0 small-vehicle 0
475.0 693.0 483.0 694.0 480.0 712.0 472.0 712.0 small-vehicle 0
500.0 700.0 508.0 702.0 506.0 720.0 498.0 719.0 small-vehicle 0
803.0 314.0 811.0 314.0 814.0 330.0 805.0 330.0 small-vehicle 0
797.0 288.0 804.0 284.0 809.0 300.0 802.0 304.0 small-vehicle 0
638.0 380.0 646.0 376.0 654.0 390.0 648.0 392.0 small-vehicle 0
708.0 337.0 714.0 333.0 725.0 347.0 719.0 352.0 small-vehicle 0
694.0 303.0 700.0 298.0 710.0 316.0 703.0 320.0 small-vehicle 0
762.0 324.0 757.0 327.0 748.0 316.0 752.0 308.0 small-vehicle 1
754.0 328.0 748.0 331.0 739.0 318.0 746.0 313.0 small-vehicle 0
731.0 323.0 739.0 319.0 746.0 332.0 741.0 336.0 small-vehicle 1
725.0 328.0 730.0 323.0 740.0 340.0 734.0 343.0 small-vehicle 0
716.0 333.0 722.0 330.0 730.0 345.0 726.0 348.0 small-vehicle 0
702.0 342.0 707.0 338.0 716.0 351.0 710.0 354.0 small-vehicle 0
648.0 377.0 653.0 372.0 664.0 386.0 660.0 391.0 small-vehicle 0
694.0 348.0 700.0 344.0 708.0 358.0 702.0 359.0 small-vehicle 0
685.0 350.0 691.0 348.0 700.0 361.0 693.0 364.0 small-vehicle 0
675.0 357.0 680.0 353.0 694.0 368.0 687.0 370.0 small-vehicle 0
668.0 361.0 675.0 356.0 685.0 371.0 679.0 376.0 small-vehicle 0
662.0 364.0 667.0 364.0 674.0 376.0 667.0 376.0 small-vehicle 1
656.0 371.0 661.0 366.0 668.0 380.0 665.0 384.0 small-vehicle 0
129.0 593.0 135.0 593.0 135.0 613.0 130.0 612.0 small-vehicle 0
114.0 592.0 121.0 592.0 121.0 608.0 114.0 608.0 small-vehicle 0
1233.0 520.0 1227.0 523.0 1220.0 511.0 1225.0 507.0 small-vehicle 1
104.0 592.0 112.0 593.0 111.0 610.0 104.0 611.0 small-vehicle 0
380.0 443.0 380.0 437.0 394.0 440.0 396.0 447.0 small-vehicle 1
338.0 357.0 338.0 350.0 356.0 351.0 356.0 357.0 small-vehicle 0
393.0 384.0 400.0 382.0 402.0 401.0 394.0 403.0 small-vehicle 1
317.0 374.0 324.0 374.0 322.0 391.0 316.0 391.0 small-vehicle 1
398.0 404.0 404.0 403.0 406.0 419.0 400.0 421.0 small-vehicle 1
378.0 348.0 386.0 348.0 384.0 366.0 378.0 366.0 small-vehicle 1
392.0 481.0 392.0 474.0 408.0 477.0 408.0 483.0 small-vehicle 1
560.0 501.0 564.0 495.0 578.0 508.0 574.0 515.0 small-vehicle 1
848.0 602.0 852.0 595.0 870.0 606.0 865.0 613.0 small-vehicle 1
1180.0 398.0 1175.0 394.0 1180.0 382.0 1186.0 384.0 small-vehicle 1
1253.0 416.0 1250.0 422.0 1235.0 413.0 1238.0 406.0 small-vehicle 1
1266.0 394.0 1264.0 399.0 1247.0 389.0 1249.0 382.0 small-vehicle 1
1277.0 374.0 1272.0 382.0 1256.0 371.0 1262.0 364.0 small-vehicle 1
1501.0 419.0 1494.0 415.0 1501.0 398.0 1509.0 403.0 small-vehicle 1
1510.0 469.0 1513.0 462.0 1527.0 471.0 1525.0 477.0 small-vehicle 1
382.0 453.0 379.0 447.0 394.0 448.0 396.0 453.0 small-vehicle 0
642.0 424.0 641.0 416.0 661.0 420.0 660.0 427.0 small-vehicle 0
542.0 443.0 548.0 439.0 552.0 455.0 546.0 457.0 small-vehicle 0
485.0 599.0 491.0 601.0 490.0 619.0 484.0 618.0 small-vehicle 0
88.0 592.0 97.0 592.0 98.0 608.0 90.0 608.0 small-vehicle 0
81.0 592.0 89.0 592.0 87.0 610.0 83.0 610.0 small-vehicle 0
74.0 592.0 78.0 592.0 78.0 607.0 72.0 607.0 small-vehicle 0
64.0 594.0 71.0 593.0 70.0 609.0 64.0 609.0 small-vehicle 0
56.0 592.0 62.0 592.0 62.0 610.0 55.0 609.0 small-vehicle 0
462.0 633.0 462.0 626.0 478.0 629.0 476.0 635.0 small-vehicle 0
564.0 663.0 563.0 657.0 580.0 659.0 581.0 665.0 small-vehicle 0
549.0 439.0 555.0 438.0 559.0 453.0 552.0 455.0 small-vehicle 0
585.0 501.0 582.0 505.0 565.0 494.0 568.0 489.0 small-vehicle 0
588.0 471.0 591.0 466.0 604.0 480.0 601.0 483.0 small-vehicle 0
594.0 463.0 598.0 457.0 612.0 474.0 607.0 478.0 small-vehicle 0
598.0 457.0 605.0 453.0 618.0 464.0 613.0 469.0 small-vehicle 0
581.0 448.0 574.0 451.0 568.0 436.0 575.0 433.0 small-vehicle 0
559.0 439.0 565.0 435.0 570.0 451.0 566.0 454.0 small-vehicle 0
5690.0 54.0 5688.0 43.0 5710.0 45.0 5707.0 54.0 small-vehicle 0
5986.0 71.0 5988.0 62.0 6004.0 64.0 6006.0 72.0 small-vehicle 0
5952.0 86.0 5952.0 77.0 5972.0 80.0 5973.0 88.0 small-vehicle 0
6877.0 1930.0 6886.0 1934.0 6877.0 1949.0 6870.0 1947.0 small-vehicle 1
7063.0 2131.0 7069.0 2132.0 7066.0 2150.0 7058.0 2149.0 small-vehicle 1
7229.0 1816.0 7233.0 1809.0 7252.0 1818.0 7249.0 1823.0 small-vehicle 1
7272.0 1814.0 7265.0 1811.0 7271.0 1796.0 7277.0 1798.0 small-vehicle 1
7237.0 1892.0 7241.0 1886.0 7260.0 1897.0 7255.0 1902.0 small-vehicle 1
7164.0 1955.0 7167.0 1949.0 7184.0 1957.0 7181.0 1963.0 small-vehicle 1
7177.0 1930.0 7179.0 1925.0 7202.0 1935.0 7199.0 1940.0 small-vehicle 1
7168.0 1948.0 7173.0 1941.0 7189.0 1950.0 7185.0 1957.0 small-vehicle 0
7155.0 1966.0 7158.0 1960.0 7177.0 1969.0 7174.0 1975.0 small-vehicle 0
7153.0 1974.0 7155.0 1967.0 7174.0 1976.0 7172.0 1983.0 small-vehicle 0
7140.0 2003.0 7145.0 1996.0 7161.0 2006.0 7157.0 2012.0 small-vehicle 0
7136.0 2100.0 7144.0 2102.0 7135.0 2119.0 7129.0 2116.0 small-vehicle 0
7026.0 2112.0 7034.0 2114.0 7029.0 2130.0 7023.0 2128.0 small-vehicle 0
7035.0 2115.0 7042.0 2118.0 7035.0 2135.0 7029.0 2132.0 small-vehicle 0
7040.0 2120.0 7049.0 2123.0 7042.0 2139.0 7035.0 2138.0 small-vehicle 0
7048.0 2126.0 7054.0 2128.0 7047.0 2145.0 7041.0 2142.0 small-vehicle 0
7056.0 2129.0 7063.0 2131.0 7057.0 2147.0 7050.0 2145.0 small-vehicle 1
6893.0 1904.0 6900.0 1909.0 6889.0 1924.0 6883.0 1920.0 small-vehicle 1
6140.0 193.0 6148.0 191.0 6153.0 207.0 6147.0 211.0 small-vehicle 0
6807.0 1948.0 6814.0 1950.0 6804.0 1965.0 6798.0 1961.0 small-vehicle 1
6856.0 1873.0 6848.0 1870.0 6854.0 1853.0 6863.0 1856.0 small-vehicle 0
6845.0 1892.0 6839.0 1888.0 6847.0 1873.0 6854.0 1876.0 small-vehicle 0
6837.0 1907.0 6829.0 1904.0 6838.0 1889.0 6844.0 1895.0 small-vehicle 0
6826.0 1932.0 6818.0 1928.0 6827.0 1911.0 6835.0 1915.0 small-vehicle 0
7241.0 1801.0 7244.0 1795.0 7259.0 1803.0 7255.0 1809.0 small-vehicle 0
7284.0 1777.0 7292.0 1781.0 7283.0 1796.0 7276.0 1793.0 small-vehicle 0
7205.0 1868.0 7210.0 1859.0 7226.0 1869.0 7221.0 1876.0 small-vehicle 0
7195.0 1886.0 7197.0 1879.0 7215.0 1888.0 7212.0 1895.0 small-vehicle 0
7181.0 1922.0 7185.0 1914.0 7202.0 1925.0 7198.0 1932.0 small-vehicle 0
7250.0 1876.0 7250.0 1869.0 7266.0 1874.0 7264.0 1881.0 small-vehicle 0
6805.0 1994.0 6814.0 1998.0 6805.0 2014.0 6797.0 2012.0 small-vehicle 0
6846.0 1988.0 6854.0 1991.0 6845.0 2006.0 6839.0 2005.0 small-vehicle 0
6863.0 1964.0 6869.0 1967.0 6860.0 1981.0 6854.0 1978.0 small-vehicle 0
6902.0 1888.0 6907.0 1891.0 6898.0 1907.0 6893.0 1905.0 small-vehicle 1
6816.0 1929.0 6824.0 1933.0 6815.0 1947.0 6809.0 1944.0 small-vehicle 1
6980.0 2112.0 6985.0 2104.0 7001.0 2113.0 6997.0 2120.0 small-vehicle 0
6890.0 2021.0 6892.0 2015.0 6912.0 2026.0 6908.0 2031.0 small-vehicle 0
6879.0 2049.0 6881.0 2041.0 6899.0 2048.0 6896.0 2055.0 small-vehicle 0
6799.0 2087.0 6807.0 2089.0 6797.0 2106.0 6791.0 2103.0 small-vehicle 0
6717.0 2147.0 6711.0 2144.0 6717.0 2131.0 6722.0 2133.0 small-vehicle 1
6709.0 2167.0 6702.0 2161.0 6709.0 2144.0 6717.0 2148.0 small-vehicle 1
6701.0 2183.0 6692.0 2179.0 6701.0 2161.0 6708.0 2165.0 small-vehicle 1
6691.0 2199.0 6685.0 2195.0 6693.0 2180.0 6700.0 2184.0 small-vehicle 1
6685.0 2221.0 6677.0 2216.0 6684.0 2199.0 6691.0 2203.0 small-vehicle 1
6672.0 2237.0 6665.0 2232.0 6674.0 2216.0 6680.0 2219.0 small-vehicle 1
6663.0 2257.0 6656.0 2253.0 6663.0 2237.0 6670.0 2239.0 small-vehicle 1
6746.0 2182.0 6753.0 2185.0 6746.0 2199.0 6739.0 2197.0 small-vehicle 1
6707.0 2276.0 6716.0 2279.0 6707.0 2296.0 6700.0 2293.0 small-vehicle 1
6644.0 2280.0 6651.0 2282.0 6642.0 2299.0 6636.0 2295.0 small-vehicle 0
6635.0 2298.0 6641.0 2300.0 6632.0 2318.0 6625.0 2316.0 small-vehicle 0
6623.0 2337.0 6618.0 2333.0 6624.0 2317.0 6630.0 2319.0 small-vehicle 0
7157.0 2238.0 7151.0 2234.0 7160.0 2219.0 7166.0 2223.0 small-vehicle 1
7180.0 2229.0 7188.0 2232.0 7179.0 2248.0 7173.0 2245.0 small-vehicle 1
7166.0 2223.0 7174.0 2228.0 7164.0 2243.0 7156.0 2239.0 small-vehicle 1
6727.0 2130.0 6721.0 2126.0 6729.0 2110.0 6734.0 2113.0 small-vehicle 1
6733.0 2115.0 6727.0 2111.0 6735.0 2095.0 6741.0 2097.0 small-vehicle 1
6745.0 2074.0 6751.0 2077.0 6744.0 2092.0 6738.0 2090.0 small-vehicle 1
7174.0 2104.0 7167.0 2101.0 7174.0 2084.0 7180.0 2086.0 small-vehicle 0
6785.0 2107.0 6794.0 2112.0 6785.0 2129.0 6778.0 2126.0 small-vehicle 0
6763.0 2147.0 6770.0 2150.0 6760.0 2168.0 6755.0 2166.0 small-vehicle 0
6970.0 2142.0 6972.0 2135.0 6992.0 2144.0 6987.0 2151.0 small-vehicle 0
7262.0 2225.0 7269.0 2227.0 7261.0 2244.0 7254.0 2242.0 small-vehicle 0
7277.0 2233.0 7284.0 2235.0 7279.0 2252.0 7272.0 2250.0 small-vehicle 0
7264.0 2263.0 7256.0 2262.0 7256.0 2246.0 7265.0 2245.0 small-vehicle 0
7182.0 2135.0 7178.0 2141.0 7162.0 2135.0 7165.0 2127.0 small-vehicle 0
6755.0 2056.0 6761.0 2057.0 6754.0 2072.0 6747.0 2070.0 small-vehicle 1
7150.0 2234.0 7143.0 2230.0 7152.0 2216.0 7159.0 2219.0 small-vehicle 0
7212.0 2261.0 7205.0 2257.0 7212.0 2242.0 7219.0 2245.0 small-vehicle 0
6655.0 2276.0 6647.0 2272.0 6654.0 2256.0 6662.0 2260.0 small-vehicle 0
6952.0 2095.0 6956.0 2088.0 6975.0 2097.0 6971.0 2104.0 small-vehicle 1
6933.0 2075.0 6934.0 2070.0 6953.0 2079.0 6949.0 2083.0 small-vehicle 1
7188.0 2113.0 7190.0 2105.0 7209.0 2114.0 7205.0 2120.0 small-vehicle 1
6864.0 1854.0 6858.0 1850.0 6866.0 1833.0 6873.0 1837.0 small-vehicle 0
6874.0 1834.0 6867.0 1830.0 6874.0 1815.0 6881.0 1817.0 small-vehicle 0
6892.0 1796.0 6886.0 1791.0 6895.0 1776.0 6901.0 1780.0 small-vehicle 0
7273.0 1471.0 7275.0 1478.0 7260.0 1485.0 7255.0 1478.0 small-vehicle 0
7178.0 976.0 7182.0 985.0 7165.0 990.0 7160.0 983.0 small-vehicle 1
7022.0 1318.0 7030.0 1317.0 7029.0 1335.0 7021.0 1334.0 small-vehicle 1
7117.0 1455.0 7122.0 1461.0 7107.0 1473.0 7101.0 1466.0 small-vehicle 1
7146.0 1441.0 7149.0 1449.0 7133.0 1457.0 7128.0 1450.0 small-vehicle 1
7143.0 1354.0 7153.0 1349.0 7159.0 1368.0 7150.0 1371.0 small-vehicle 0
7027.0 1256.0 7018.0 1255.0 7018.0 1237.0 7027.0 1236.0 small-vehicle 0
7028.0 1275.0 7019.0 1276.0 7020.0 1257.0 7028.0 1256.0 small-vehicle 0
7026.0 1295.0 7019.0 1296.0 7019.0 1278.0 7027.0 1277.0 small-vehicle 0
7030.0 1318.0 7024.0 1317.0 7023.0 1299.0 7030.0 1299.0 small-vehicle 0
7029.0 1356.0 7022.0 1355.0 7024.0 1337.0 7032.0 1338.0 small-vehicle 0
7022.0 1357.0 7031.0 1357.0 7029.0 1375.0 7021.0 1375.0 small-vehicle 0
7036.0 1375.0 7045.0 1375.0 7043.0 1394.0 7034.0 1394.0 small-vehicle 0
7143.0 1455.0 7147.0 1464.0 7131.0 1471.0 7126.0 1465.0 small-vehicle 0
7098.0 1468.0 7104.0 1473.0 7093.0 1485.0 7087.0 1479.0 small-vehicle 0
7265.0 1455.0 7268.0 1463.0 7253.0 1470.0 7250.0 1463.0 small-vehicle 0
7227.0 878.0 7235.0 875.0 7240.0 895.0 7233.0 897.0 small-vehicle 1
7237.0 843.0 7243.0 839.0 7250.0 856.0 7243.0 859.0 small-vehicle 1
7083.0 727.0 7092.0 721.0 7103.0 736.0 7094.0 740.0 small-vehicle 1
7179.0 705.0 7174.0 709.0 7160.0 699.0 7166.0 692.0 small-vehicle 0
7262.0 623.0 7270.0 626.0 7268.0 644.0 7260.0 643.0 small-vehicle 0
7233.0 633.0 7241.0 633.0 7240.0 650.0 7232.0 651.0 small-vehicle 0
7276.0 669.0 7272.0 674.0 7256.0 664.0 7261.0 657.0 small-vehicle 0
7268.0 675.0 7263.0 680.0 7248.0 667.0 7250.0 662.0 small-vehicle 0
7229.0 687.0 7224.0 691.0 7210.0 681.0 7214.0 675.0 small-vehicle 0
7195.0 689.0 7198.0 683.0 7211.0 694.0 7207.0 701.0 small-vehicle 0
7081.0 739.0 7075.0 744.0 7062.0 736.0 7067.0 728.0 small-vehicle 0
7075.0 730.0 7080.0 726.0 7093.0 739.0 7090.0 745.0 small-vehicle 1
6954.0 824.0 6947.0 827.0 6937.0 810.0 6945.0 805.0 small-vehicle 0
7124.0 726.0 7120.0 733.0 7103.0 723.0 7107.0 716.0 small-vehicle 0
7170.0 709.0 7165.0 715.0 7149.0 702.0 7156.0 696.0 small-vehicle 1
7140.0 705.0 7144.0 699.0 7160.0 713.0 7156.0 717.0 small-vehicle 1
7122.0 715.0 7128.0 710.0 7141.0 723.0 7136.0 728.0 small-vehicle 1
7093.0 724.0 7097.0 719.0 7113.0 732.0 7109.0 737.0 small-vehicle 1
7269.0 1463.0 7272.0 1470.0 7257.0 1478.0 7253.0 1472.0 small-vehicle 0
7264.0 1501.0 7261.0 1494.0 7274.0 1488.0 7278.0 1494.0 small-vehicle 1
6905.0 1776.0 6896.0 1772.0 6903.0 1757.0 6912.0 1761.0 small-vehicle 0
7279.0 1542.0 7274.0 1534.0 7289.0 1525.0 7294.0 1533.0 small-vehicle 0
6922.0 1719.0 6928.0 1722.0 6920.0 1738.0 6914.0 1735.0 small-vehicle 1
6912.0 1738.0 6919.0 1741.0 6910.0 1758.0 6904.0 1754.0 small-vehicle 1
6885.0 1796.0 6891.0 1799.0 6881.0 1812.0 6877.0 1809.0 small-vehicle 1
7018.0 1652.0 7024.0 1657.0 7016.0 1672.0 7010.0 1670.0 small-vehicle 1
7006.0 1661.0 7012.0 1663.0 7003.0 1680.0 6997.0 1676.0 small-vehicle 1
6977.0 1734.0 6984.0 1737.0 6976.0 1751.0 6970.0 1748.0 small-vehicle 1
7005.0 1554.0 7011.0 1556.0 7002.0 1571.0 6996.0 1568.0 small-vehicle 1
7027.0 1646.0 7031.0 1638.0 7050.0 1648.0 7046.0 1655.0 small-vehicle 0
6997.0 1588.0 6989.0 1585.0 6995.0 1569.0 7003.0 1571.0 small-vehicle 0
6978.0 1626.0 6969.0 1621.0 6977.0 1606.0 6985.0 1609.0 small-vehicle 0
6968.0 1644.0 6962.0 1640.0 6970.0 1626.0 6975.0 1628.0 small-vehicle 0
7000.0 1685.0 7008.0 1688.0 6999.0 1706.0 6992.0 1704.0 small-vehicle 0
6950.0 1683.0 6942.0 1680.0 6950.0 1661.0 6958.0 1665.0 small-vehicle 0
6976.0 1728.0 6978.0 1720.0 6996.0 1727.0 6993.0 1734.0 small-vehicle 0
6969.0 1749.0 6978.0 1752.0 6969.0 1769.0 6961.0 1767.0 small-vehicle 0
6932.0 1701.0 6939.0 1704.0 6932.0 1718.0 6926.0 1716.0 small-vehicle 1
6938.0 1686.0 6945.0 1688.0 6938.0 1701.0 6932.0 1699.0 small-vehicle 1
6964.0 1676.0 6973.0 1680.0 6965.0 1695.0 6957.0 1693.0 small-vehicle 1
7225.0 1489.0 7230.0 1486.0 7239.0 1503.0 7233.0 1506.0 small-vehicle 1
7275.0 1478.0 7278.0 1486.0 7263.0 1491.0 7258.0 1486.0 small-vehicle 1
7282.0 1500.0 7283.0 1508.0 7268.0 1515.0 7264.0 1508.0 small-vehicle 1
7283.0 1510.0 7288.0 1515.0 7274.0 1527.0 7269.0 1522.0 small-vehicle 1
7249.0 1493.0 7256.0 1490.0 7264.0 1506.0 7257.0 1509.0 small-vehicle 1
7249.0 1506.0 7257.0 1504.0 7259.0 1522.0 7254.0 1522.0 small-vehicle 1
7254.0 1525.0 7261.0 1522.0 7266.0 1539.0 7260.0 1540.0 small-vehicle 1
7266.0 1564.0 7273.0 1563.0 7278.0 1579.0 7272.0 1581.0 small-vehicle 1
6960.0 1644.0 6967.0 1646.0 6957.0 1662.0 6952.0 1657.0 small-vehicle 1
7268.0 1546.0 7272.0 1544.0 7279.0 1558.0 7274.0 1560.0 small-vehicle 1
7276.0 1562.0 7282.0 1559.0 7286.0 1574.0 7280.0 1577.0 small-vehicle 1
7015.0 1532.0 7022.0 1535.0 7014.0 1549.0 7009.0 1547.0 small-vehicle 1
7084.0 1478.0 7090.0 1483.0 7078.0 1496.0 7073.0 1493.0 small-vehicle 1
7210.0 1497.0 7203.0 1500.0 7197.0 1483.0 7204.0 1480.0 small-vehicle 1
6988.0 1588.0 6994.0 1590.0 6986.0 1604.0 6981.0 1601.0 small-vehicle 1
7066.0 2238.0 7074.0 2239.0 7066.0 2258.0 7059.0 2256.0 small-vehicle 1
7028.0 2242.0 7029.0 2235.0 7048.0 2240.0 7046.0 2246.0 small-vehicle 1
7027.0 2228.0 7031.0 2221.0 7049.0 2229.0 7047.0 2235.0 small-vehicle 1
6870.0 2935.0 6874.0 2927.0 6887.0 2933.0 6883.0 2942.0 small-vehicle 1
6625.0 2873.0 6632.0 2876.0 6624.0 2895.0 6617.0 2891.0 small-vehicle 1
6633.0 2878.0 6642.0 2882.0 6630.0 2899.0 6625.0 2895.0 small-vehicle 1
6702.0 2913.0 6708.0 2916.0 6701.0 2932.0 6696.0 2929.0 small-vehicle 1
6624.0 2931.0 6631.0 2935.0 6622.0 2952.0 6616.0 2950.0 small-vehicle 0
6686.0 2904.0 6693.0 2907.0 6682.0 2923.0 6677.0 2921.0 small-vehicle 0
6710.0 2941.0 6705.0 2938.0 6712.0 2921.0 6719.0 2922.0 small-vehicle 0
6721.0 2943.0 6715.0 2940.0 6722.0 2923.0 6728.0 2927.0 small-vehicle 0
6730.0 2929.0 6736.0 2932.0 6730.0 2948.0 6725.0 2945.0 small-vehicle 0
6517.0 2822.0 6524.0 2824.0 6517.0 2842.0 6509.0 2838.0 small-vehicle 0
6653.0 2829.0 6656.0 2821.0 6674.0 2832.0 6668.0 2839.0 small-vehicle 0
6823.0 2930.0 6819.0 2937.0 6802.0 2928.0 6804.0 2920.0 small-vehicle 0
6839.0 2939.0 6834.0 2947.0 6820.0 2939.0 6822.0 2931.0 small-vehicle 0
6851.0 2954.0 6854.0 2947.0 6873.0 2956.0 6870.0 2962.0 small-vehicle 0
6896.0 2970.0 6892.0 2977.0 6878.0 2969.0 6880.0 2961.0 small-vehicle 0
6854.0 2926.0 6856.0 2920.0 6875.0 2930.0 6870.0 2935.0 small-vehicle 0
6614.0 2865.0 6622.0 2868.0 6614.0 2888.0 6606.0 2884.0 small-vehicle 1
6462.0 2797.0 6471.0 2800.0 6462.0 2819.0 6455.0 2814.0 small-vehicle 1
6472.0 2797.0 6480.0 2800.0 6470.0 2821.0 6464.0 2819.0 small-vehicle 1
6726.0 2842.0 6729.0 2834.0 6745.0 2841.0 6743.0 2848.0 small-vehicle 1
6895.0 2932.0 6886.0 2931.0 6890.0 2911.0 6897.0 2914.0 small-vehicle 0
6794.0 2793.0 6795.0 2785.0 6814.0 2792.0 6812.0 2798.0 small-vehicle 1
6582.0 2821.0 6590.0 2823.0 6583.0 2839.0 6575.0 2836.0 small-vehicle 1
6594.0 2826.0 6600.0 2829.0 6594.0 2843.0 6587.0 2840.0 small-vehicle 1
6604.0 2807.0 6607.0 2800.0 6626.0 2811.0 6622.0 2816.0 small-vehicle 1
6774.0 2837.0 6777.0 2829.0 6793.0 2838.0 6788.0 2844.0 small-vehicle 1
6499.0 2812.0 6506.0 2815.0 6499.0 2831.0 6493.0 2829.0 small-vehicle 1
6479.0 2803.0 6486.0 2805.0 6479.0 2826.0 6472.0 2823.0 small-vehicle 1
6527.0 2844.0 6521.0 2841.0 6526.0 2825.0 6533.0 2828.0 small-vehicle 1
6652.0 2890.0 6659.0 2891.0 6652.0 2910.0 6645.0 2908.0 small-vehicle 1
6605.0 2864.0 6613.0 2867.0 6605.0 2882.0 6598.0 2880.0 small-vehicle 1
6509.0 2818.0 6515.0 2820.0 6508.0 2836.0 6502.0 2833.0 small-vehicle 1
6535.0 2828.0 6541.0 2831.0 6534.0 2848.0 6528.0 2846.0 small-vehicle 1
6488.0 2807.0 6495.0 2809.0 6490.0 2830.0 6483.0 2827.0 small-vehicle 1
6885.0 2942.0 6888.0 2935.0 6903.0 2944.0 6901.0 2949.0 small-vehicle 0
6820.0 2908.0 6823.0 2901.0 6840.0 2910.0 6836.0 2917.0 small-vehicle 0
6874.0 2905.0 6880.0 2908.0 6871.0 2926.0 6865.0 2923.0 small-vehicle 0
6935.0 2968.0 6939.0 2960.0 6957.0 2968.0 6954.0 2974.0 small-vehicle 0
6922.0 2927.0 6930.0 2929.0 6923.0 2946.0 6917.0 2943.0 small-vehicle 1
7019.0 2783.0 7022.0 2790.0 7008.0 2795.0 7005.0 2789.0 small-vehicle 1
7256.0 2896.0 7260.0 2903.0 7244.0 2911.0 7239.0 2905.0 small-vehicle 1
7256.0 2884.0 7260.0 2878.0 7276.0 2887.0 7272.0 2894.0 small-vehicle 1
7181.0 2986.0 7188.0 2989.0 7180.0 3005.0 7173.0 3001.0 small-vehicle 1
7215.0 2919.0 7222.0 2923.0 7215.0 2939.0 7208.0 2935.0 small-vehicle 1
7188.0 2970.0 7195.0 2973.0 7188.0 2988.0 7181.0 2985.0 small-vehicle 1
7167.0 3014.0 7173.0 3017.0 7167.0 3031.0 7160.0 3029.0 small-vehicle 1
7159.0 3030.0 7165.0 3031.0 7158.0 3049.0 7153.0 3047.0 small-vehicle 1
7167.0 3080.0 7170.0 3071.0 7187.0 3080.0 7185.0 3088.0 small-vehicle 0
7162.0 3088.0 7167.0 3080.0 7182.0 3089.0 7179.0 3097.0 small-vehicle 0
7258.0 3126.0 7261.0 3118.0 7278.0 3128.0 7274.0 3135.0 small-vehicle 0
7216.0 3105.0 7218.0 3099.0 7231.0 3103.0 7229.0 3108.0 small-vehicle 1
7232.0 3112.0 7234.0 3106.0 7248.0 3113.0 7245.0 3119.0 small-vehicle 0
7097.0 3075.0 7100.0 3069.0 7116.0 3078.0 7112.0 3084.0 small-vehicle 0
6784.0 2921.0 6788.0 2914.0 6801.0 2921.0 6798.0 2928.0 small-vehicle 1
6853.0 2846.0 6861.0 2847.0 6854.0 2867.0 6847.0 2865.0 small-vehicle 1
6869.0 2794.0 6872.0 2787.0 6891.0 2800.0 6886.0 2805.0 small-vehicle 1
6788.0 2893.0 6792.0 2887.0 6808.0 2895.0 6805.0 2903.0 small-vehicle 1
6951.0 3003.0 6953.0 2997.0 6967.0 3005.0 6962.0 3011.0 small-vehicle 0
7002.0 3020.0 6998.0 3027.0 6980.0 3017.0 6983.0 3010.0 small-vehicle 0
7019.0 3037.0 7023.0 3030.0 7037.0 3039.0 7033.0 3044.0 small-vehicle 0
6509.0 2867.0 6516.0 2867.0 6515.0 2885.0 6508.0 2885.0 small-vehicle 0
6418.0 3008.0 6410.0 3009.0 6408.0 2993.0 6415.0 2991.0 small-vehicle 0
6840.0 2840.0 6846.0 2843.0 6838.0 2863.0 6833.0 2860.0 small-vehicle 1
6837.0 2919.0 6841.0 2911.0 6856.0 2920.0 6853.0 2926.0 small-vehicle 1
6946.0 2916.0 6954.0 2916.0 6954.0 2933.0 6946.0 2933.0 small-vehicle 1
6671.0 2839.0 6674.0 2834.0 6689.0 2840.0 6687.0 2847.0 small-vehicle 1
6900.0 2977.0 6904.0 2972.0 6918.0 2981.0 6915.0 2986.0 small-vehicle 1
7000.0 2998.0 7004.0 2991.0 7022.0 2997.0 7017.0 3006.0 small-vehicle 1
7017.0 3006.0 7020.0 2998.0 7036.0 3007.0 7033.0 3013.0 small-vehicle 1
7086.0 2990.0 7094.0 2992.0 7088.0 3009.0 7080.0 3008.0 small-vehicle 1
7018.0 2824.0 7024.0 2821.0 7030.0 2837.0 7026.0 2839.0 small-vehicle 1
6883.0 2908.0 6891.0 2910.0 6881.0 2928.0 6876.0 2926.0 small-vehicle 0
6865.0 2900.0 6872.0 2903.0 6862.0 2921.0 6858.0 2918.0 small-vehicle 0
6988.0 2318.0 6991.0 2311.0 7006.0 2318.0 7003.0 2324.0 small-vehicle 1
6509.0 2677.0 6515.0 2678.0 6510.0 2695.0 6504.0 2693.0 small-vehicle 1
6956.0 2591.0 6960.0 2583.0 6977.0 2592.0 6973.0 2599.0 small-vehicle 0
7078.0 2625.0 7081.0 2619.0 7100.0 2629.0 7096.0 2635.0 small-vehicle 0
7102.0 2664.0 7105.0 2657.0 7122.0 2666.0 7120.0 2672.0 small-vehicle 0
7160.0 2666.0 7163.0 2657.0 7180.0 2667.0 7177.0 2672.0 small-vehicle 0
7230.0 2664.0 7238.0 2663.0 7239.0 2681.0 7232.0 2681.0 small-vehicle 0
6971.0 2571.0 6975.0 2564.0 6992.0 2573.0 6987.0 2580.0 small-vehicle 1
6963.0 2454.0 6966.0 2449.0 6982.0 2459.0 6980.0 2463.0 small-vehicle 1
6946.0 2476.0 6951.0 2468.0 6970.0 2482.0 6965.0 2488.0 small-vehicle 1
7134.0 2650.0 7137.0 2646.0 7153.0 2654.0 7151.0 2659.0 small-vehicle 1
6826.0 2630.0 6831.0 2624.0 6847.0 2634.0 6843.0 2639.0 small-vehicle 1
6510.0 2547.0 6517.0 2549.0 6509.0 2564.0 6503.0 2562.0 small-vehicle 1
6488.0 2588.0 6497.0 2591.0 6490.0 2608.0 6482.0 2604.0 small-vehicle 1
6480.0 2608.0 6487.0 2610.0 6480.0 2626.0 6473.0 2623.0 small-vehicle 1
6471.0 2627.0 6478.0 2630.0 6470.0 2644.0 6462.0 2641.0 small-vehicle 1
6469.0 2752.0 6470.0 2743.0 6484.0 2744.0 6485.0 2751.0 small-vehicle 1
6809.0 2582.0 6813.0 2576.0 6827.0 2584.0 6825.0 2591.0 small-vehicle 0
6791.0 2572.0 6794.0 2566.0 6810.0 2573.0 6807.0 2580.0 small-vehicle 0
6739.0 2546.0 6741.0 2540.0 6757.0 2547.0 6754.0 2554.0 small-vehicle 0
6903.0 2399.0 6907.0 2392.0 6926.0 2402.0 6922.0 2408.0 small-vehicle 0
6869.0 2380.0 6872.0 2375.0 6887.0 2384.0 6885.0 2389.0 small-vehicle 1
6773.0 2472.0 6775.0 2467.0 6792.0 2475.0 6791.0 2480.0 small-vehicle 1
7004.0 2291.0 7006.0 2283.0 7022.0 2291.0 7018.0 2297.0 small-vehicle 0
6998.0 2384.0 7001.0 2378.0 7018.0 2388.0 7016.0 2393.0 small-vehicle 0
7007.0 2367.0 7010.0 2359.0 7026.0 2369.0 7022.0 2376.0 small-vehicle 0
6887.0 2390.0 6890.0 2383.0 6905.0 2391.0 6902.0 2397.0 small-vehicle 0
7003.0 2424.0 7001.0 2430.0 6984.0 2422.0 6987.0 2416.0 small-vehicle 0
6684.0 2455.0 6688.0 2449.0 6703.0 2457.0 6701.0 2463.0 small-vehicle 0
6936.0 2450.0 6929.0 2446.0 6936.0 2429.0 6944.0 2432.0 small-vehicle 0
6983.0 2324.0 6985.0 2318.0 7001.0 2327.0 6998.0 2333.0 small-vehicle 0
6740.0 2457.0 6742.0 2450.0 6759.0 2458.0 6756.0 2464.0 small-vehicle 0
6758.0 2465.0 6762.0 2459.0 6774.0 2465.0 6771.0 2472.0 small-vehicle 1
6810.0 2490.0 6814.0 2482.0 6830.0 2492.0 6826.0 2499.0 small-vehicle 0
6828.0 2501.0 6831.0 2494.0 6846.0 2501.0 6841.0 2508.0 small-vehicle 0
6520.0 2655.0 6527.0 2658.0 6519.0 2674.0 6513.0 2671.0 small-vehicle 1
6507.0 2759.0 6509.0 2752.0 6525.0 2760.0 6523.0 2767.0 small-vehicle 1
6900.0 2865.0 6907.0 2868.0 6898.0 2887.0 6892.0 2884.0 small-vehicle 0
6527.0 2767.0 6531.0 2761.0 6543.0 2769.0 6541.0 2774.0 small-vehicle 1
6573.0 2792.0 6577.0 2785.0 6593.0 2796.0 6588.0 2802.0 small-vehicle 0
6734.0 2833.0 6737.0 2827.0 6751.0 2835.0 6748.0 2841.0 small-vehicle 0
6752.0 2793.0 6754.0 2786.0 6770.0 2794.0 6766.0 2801.0 small-vehicle 0
6835.0 2777.0 6839.0 2770.0 6856.0 2780.0 6851.0 2786.0 small-vehicle 0
7009.0 2767.0 7007.0 2760.0 7027.0 2752.0 7030.0 2758.0 small-vehicle 0
7016.0 2774.0 7014.0 2767.0 7032.0 2764.0 7032.0 2772.0 small-vehicle 0
7050.0 2797.0 7045.0 2800.0 7035.0 2785.0 7042.0 2780.0 small-vehicle 0
7044.0 2804.0 7038.0 2809.0 7030.0 2795.0 7037.0 2791.0 small-vehicle 0
7143.0 2898.0 7137.0 2894.0 7144.0 2879.0 7150.0 2881.0 small-vehicle 0
6830.0 2815.0 6826.0 2813.0 6831.0 2797.0 6837.0 2797.0 small-vehicle 0
6838.0 2821.0 6833.0 2817.0 6839.0 2801.0 6846.0 2802.0 small-vehicle 0
6853.0 2825.0 6848.0 2823.0 6855.0 2808.0 6859.0 2810.0 small-vehicle 0
6789.0 2861.0 6796.0 2864.0 6786.0 2881.0 6781.0 2878.0 small-vehicle 0
6805.0 2867.0 6812.0 2872.0 6803.0 2888.0 6796.0 2886.0 small-vehicle 0
6836.0 2906.0 6828.0 2902.0 6837.0 2884.0 6844.0 2889.0 small-vehicle 0
6496.0 2712.0 6503.0 2715.0 6496.0 2728.0 6489.0 2726.0 small-vehicle 1
6875.0 2682.0 6872.0 2689.0 6854.0 2680.0 6857.0 2674.0 small-vehicle 0
6812.0 2670.0 6814.0 2663.0 6829.0 2671.0 6826.0 2677.0 small-vehicle 0
6500.0 2568.0 6508.0 2572.0 6500.0 2588.0 6493.0 2585.0 small-vehicle 0
6542.0 2778.0 6546.0 2771.0 6560.0 2778.0 6556.0 2784.0 small-vehicle 1
6557.0 2785.0 6561.0 2779.0 6576.0 2786.0 6572.0 2793.0 small-vehicle 1
6564.0 2565.0 6572.0 2569.0 6563.0 2585.0 6557.0 2582.0 small-vehicle 1
6805.0 2734.0 6799.0 2731.0 6806.0 2715.0 6812.0 2718.0 small-vehicle 1
6589.0 2501.0 6595.0 2505.0 6586.0 2521.0 6579.0 2517.0 small-vehicle 0
6595.0 2506.0 6602.0 2510.0 6592.0 2525.0 6587.0 2521.0 small-vehicle 0
6546.0 2588.0 6553.0 2593.0 6542.0 2610.0 6535.0 2605.0 small-vehicle 0
6880.0 2660.0 6877.0 2667.0 6860.0 2659.0 6862.0 2652.0 small-vehicle 0
6462.0 2644.0 6470.0 2648.0 6462.0 2663.0 6456.0 2660.0 small-vehicle 0
6457.0 2679.0 6450.0 2675.0 6456.0 2660.0 6463.0 2664.0 small-vehicle 0
6447.0 2675.0 6457.0 2677.0 6451.0 2693.0 6441.0 2689.0 small-vehicle 0
6430.0 2708.0 6426.0 2701.0 6439.0 2690.0 6444.0 2698.0 small-vehicle 0
6502.0 2693.0 6510.0 2697.0 6501.0 2715.0 6493.0 2711.0 small-vehicle 0
6885.0 2654.0 6881.0 2660.0 6863.0 2651.0 6866.0 2644.0 small-vehicle 0
7271.0 622.0 7279.0 622.0 7276.0 637.0 7270.0 638.0 small-vehicle 0
7271.0 624.0 7264.0 622.0 7266.0 604.0 7274.0 604.0 small-vehicle 0
7256.0 608.0 7263.0 609.0 7259.0 629.0 7251.0 628.0 small-vehicle 0
7018.0 674.0 7025.0 668.0 7037.0 683.0 7029.0 686.0 small-vehicle 1
7120.0 199.0 7129.0 204.0 7120.0 219.0 7112.0 214.0 small-vehicle 0
7129.0 296.0 7124.0 290.0 7140.0 280.0 7143.0 288.0 small-vehicle 0
7134.0 304.0 7131.0 298.0 7146.0 290.0 7148.0 296.0 small-vehicle 0
7213.0 388.0 7218.0 397.0 7202.0 402.0 7197.0 394.0 small-vehicle 0
6907.0 708.0 6914.0 702.0 6926.0 720.0 6918.0 724.0 small-vehicle 0
6862.0 634.0 6856.0 638.0 6846.0 625.0 6850.0 620.0 small-vehicle 0
6979.0 826.0 6985.0 823.0 6994.0 841.0 6986.0 845.0 small-vehicle 0
7032.0 849.0 7041.0 845.0 7047.0 862.0 7037.0 864.0 small-vehicle 0
7048.0 780.0 7045.0 772.0 7060.0 766.0 7065.0 773.0 small-vehicle 0
7053.0 765.0 7050.0 757.0 7065.0 750.0 7068.0 758.0 small-vehicle 0
7074.0 757.0 7069.0 751.0 7086.0 743.0 7088.0 750.0 small-vehicle 0
7090.0 749.0 7087.0 745.0 7101.0 738.0 7106.0 744.0 small-vehicle 0
7187.0 717.0 7183.0 708.0 7200.0 702.0 7204.0 713.0 small-vehicle 0
7226.0 717.0 7223.0 707.0 7238.0 703.0 7240.0 709.0 small-vehicle 0
7247.0 693.0 7244.0 689.0 7262.0 683.0 7262.0 688.0 small-vehicle 0
7104.0 202.0 7112.0 206.0 7104.0 221.0 7097.0 218.0 small-vehicle 0
7254.0 219.0 7246.0 222.0 7242.0 207.0 7251.0 205.0 small-vehicle 0
7242.0 219.0 7235.0 220.0 7233.0 205.0 7240.0 204.0 small-vehicle 0
7215.0 129.0 7220.0 122.0 7232.0 132.0 7229.0 137.0 small-vehicle 1
7271.0 189.0 7264.0 183.0 7277.0 174.0 7281.0 178.0 small-vehicle 0
7283.0 201.0 7276.0 199.0 7282.0 184.0 7288.0 184.0 small-vehicle 0
6934.0 103.0 6936.0 94.0 6955.0 99.0 6954.0 106.0 small-vehicle 1
6956.0 104.0 6957.0 95.0 6974.0 98.0 6974.0 104.0 small-vehicle 1
7190.0 64.0 7190.0 72.0 7175.0 73.0 7174.0 66.0 small-vehicle 1
7096.0 40.0 7096.0 32.0 7112.0 32.0 7114.0 38.0 small-vehicle 1
7186.0 148.0 7186.0 140.0 7204.0 143.0 7204.0 151.0 small-vehicle 1
7167.0 208.0 7165.0 201.0 7184.0 200.0 7185.0 206.0 small-vehicle 0
7190.0 138.0 7192.0 130.0 7206.0 135.0 7205.0 142.0 small-vehicle 1
7133.0 174.0 7141.0 179.0 7135.0 191.0 7128.0 188.0 small-vehicle 1
7166.0 216.0 7166.0 208.0 7184.0 208.0 7184.0 216.0 small-vehicle 1
7226.0 224.0 7218.0 226.0 7214.0 215.0 7219.0 214.0 small-vehicle 1
7234.0 219.0 7227.0 220.0 7225.0 206.0 7232.0 204.0 small-vehicle 1
7184.0 162.0 7180.0 156.0 7196.0 150.0 7199.0 158.0 small-vehicle 0
7207.0 710.0 7202.0 701.0 7217.0 698.0 7220.0 708.0 small-vehicle 1
7038.0 668.0 7046.0 661.0 7058.0 676.0 7050.0 680.0 small-vehicle 1
7259.0 164.0 7257.0 159.0 7270.0 154.0 7276.0 158.0 small-vehicle 1
7055.0 661.0 7062.0 655.0 7074.0 667.0 7070.0 673.0 small-vehicle 1
7120.0 663.0 7126.0 662.0 7123.0 677.0 7117.0 676.0 small-vehicle 1
7116.0 678.0 7123.0 678.0 7122.0 697.0 7114.0 695.0 small-vehicle 1
7106.0 682.0 7114.0 682.0 7110.0 698.0 7104.0 698.0 small-vehicle 1
7085.0 689.0 7093.0 688.0 7094.0 703.0 7086.0 704.0 small-vehicle 1
7079.0 690.0 7086.0 691.0 7085.0 710.0 7077.0 707.0 small-vehicle 1
7149.0 651.0 7156.0 651.0 7153.0 667.0 7146.0 667.0 small-vehicle 1
7164.0 660.0 7172.0 662.0 7168.0 677.0 7160.0 677.0 small-vehicle 1
7187.0 636.0 7194.0 636.0 7191.0 651.0 7184.0 651.0 small-vehicle 1
7185.0 655.0 7192.0 657.0 7190.0 671.0 7182.0 671.0 small-vehicle 1
7196.0 647.0 7200.0 650.0 7200.0 663.0 7193.0 665.0 small-vehicle 1
7224.0 637.0 7230.0 637.0 7228.0 657.0 7222.0 656.0 small-vehicle 1
7217.0 627.0 7224.0 625.0 7221.0 642.0 7213.0 641.0 small-vehicle 1
7242.0 632.0 7249.0 632.0 7248.0 647.0 7240.0 648.0 small-vehicle 1
7252.0 631.0 7260.0 631.0 7258.0 647.0 7250.0 646.0 small-vehicle 1
7268.0 657.0 7274.0 653.0 7286.0 669.0 7282.0 673.0 small-vehicle 1
7110.0 665.0 7118.0 665.0 7117.0 679.0 7108.0 679.0 small-vehicle 1
7100.0 666.0 7108.0 667.0 7104.0 684.0 7097.0 684.0 small-vehicle 1
7091.0 673.0 7098.0 673.0 7096.0 687.0 7090.0 689.0 small-vehicle 1
7179.0 614.0 7186.0 607.0 7196.0 619.0 7189.0 623.0 small-vehicle 1
7063.0 654.0 7073.0 652.0 7083.0 663.0 7076.0 669.0 small-vehicle 1
7082.0 649.0 7090.0 645.0 7101.0 655.0 7092.0 661.0 small-vehicle 1
7116.0 639.0 7123.0 633.0 7133.0 645.0 7125.0 649.0 small-vehicle 1
7152.0 622.0 7160.0 618.0 7171.0 630.0 7162.0 633.0 small-vehicle 1
7161.0 619.0 7170.0 615.0 7180.0 627.0 7172.0 631.0 small-vehicle 1
7173.0 616.0 7178.0 613.0 7188.0 623.0 7180.0 627.0 small-vehicle 1
7210.0 603.0 7216.0 599.0 7227.0 609.0 7222.0 613.0 small-vehicle 1
7082.0 676.0 7088.0 676.0 7084.0 693.0 7079.0 693.0 small-vehicle 1
7242.0 589.0 7248.0 585.0 7259.0 599.0 7250.0 603.0 small-vehicle 1
7250.0 585.0 7258.0 583.0 7267.0 597.0 7260.0 599.0 small-vehicle 1
7260.0 583.0 7268.0 580.0 7274.0 593.0 7267.0 596.0 small-vehicle 1
7270.0 577.0 7280.0 575.0 7284.0 592.0 7277.0 593.0 small-vehicle 1
7058.0 684.0 7066.0 683.0 7064.0 705.0 7058.0 704.0 small-vehicle 1
7067.0 697.0 7074.0 700.0 7072.0 714.0 7064.0 715.0 small-vehicle 1
7263.0 179.0 7261.0 173.0 7277.0 168.0 7280.0 173.0 small-vehicle 0
7256.0 148.0 7255.0 139.0 7272.0 138.0 7273.0 144.0 small-vehicle 0
7230.0 673.0 7237.0 667.0 7250.0 682.0 7242.0 684.0 small-vehicle 1
6708.0 26.0 6709.0 18.0 6726.0 20.0 6726.0 25.0 small-vehicle 1
6221.0 42.0 6222.0 32.0 6240.0 36.0 6238.0 44.0 small-vehicle 0
6250.0 66.0 6250.0 56.0 6270.0 57.0 6270.0 67.0 small-vehicle 0
6308.0 56.0 6308.0 45.0 6328.0 45.0 6329.0 56.0 small-vehicle 0
6320.0 217.0 6317.0 211.0 6331.0 202.0 6334.0 207.0 small-vehicle 0
6328.0 260.0 6324.0 251.0 6337.0 245.0 6340.0 253.0 small-vehicle 1
6368.0 292.0 6359.0 293.0 6355.0 277.0 6362.0 273.0 small-vehicle 0
6493.0 241.0 6485.0 244.0 6480.0 227.0 6485.0 224.0 small-vehicle 0
6514.0 234.0 6507.0 237.0 6501.0 220.0 6506.0 216.0 small-vehicle 0
6446.0 341.0 6438.0 343.0 6434.0 326.0 6440.0 322.0 small-vehicle 1
6461.0 332.0 6454.0 334.0 6448.0 318.0 6455.0 316.0 small-vehicle 1
6466.0 248.0 6460.0 249.0 6457.0 236.0 6462.0 232.0 small-vehicle 1
6475.0 245.0 6467.0 248.0 6462.0 231.0 6469.0 229.0 small-vehicle 1
6483.0 242.0 6476.0 244.0 6471.0 232.0 6478.0 228.0 small-vehicle 1
6505.0 236.0 6498.0 238.0 6490.0 221.0 6498.0 218.0 small-vehicle 1
6508.0 92.0 6507.0 83.0 6526.0 82.0 6525.0 92.0 small-vehicle 1
6226.0 55.0 6226.0 46.0 6244.0 45.0 6244.0 56.0 small-vehicle 0
6207.0 68.0 6207.0 59.0 6228.0 61.0 6229.0 68.0 small-vehicle 0
6188.0 271.0 6192.0 264.0 6203.0 277.0 6198.0 282.0 small-vehicle 0
6473.0 404.0 6478.0 395.0 6491.0 405.0 6488.0 412.0 small-vehicle 0
6242.0 320.0 6246.0 314.0 6261.0 322.0 6260.0 330.0 small-vehicle 0
6266.0 332.0 6268.0 324.0 6282.0 333.0 6280.0 339.0 small-vehicle 0
6290.0 344.0 6292.0 337.0 6310.0 346.0 6306.0 352.0 small-vehicle 0
6242.0 342.0 6245.0 336.0 6261.0 346.0 6258.0 350.0 small-vehicle 0
6428.0 378.0 6430.0 372.0 6444.0 380.0 6443.0 386.0 small-vehicle 0
6449.0 418.0 6454.0 411.0 6466.0 422.0 6462.0 428.0 small-vehicle 0
6508.0 421.0 6512.0 414.0 6528.0 423.0 6524.0 428.0 small-vehicle 0
6458.0 477.0 6462.0 470.0 6477.0 482.0 6472.0 486.0 small-vehicle 0
6528.0 431.0 6530.0 423.0 6548.0 433.0 6544.0 438.0 small-vehicle 0
6583.0 454.0 6587.0 448.0 6602.0 456.0 6598.0 464.0 small-vehicle 0
6600.0 463.0 6603.0 456.0 6618.0 466.0 6614.0 472.0 small-vehicle 0
6701.0 421.0 6705.0 426.0 6694.0 434.0 6689.0 430.0 small-vehicle 1
6685.0 426.0 6691.0 433.0 6677.0 441.0 6672.0 435.0 small-vehicle 0
6452.0 470.0 6452.0 474.0 6436.0 469.0 6437.0 462.0 small-vehicle 0
6502.0 30.0 6502.0 24.0 6524.0 26.0 6524.0 32.0 small-vehicle 1
6798.0 46.0 6797.0 39.0 6813.0 39.0 6813.0 46.0 small-vehicle 1
7228.0 28.0 7223.0 18.0 7240.0 13.0 7244.0 22.0 small-vehicle 0
6829.0 56.0 6829.0 49.0 6846.0 51.0 6848.0 57.0 small-vehicle 1
6696.0 450.0 6700.0 458.0 6683.0 462.0 6680.0 456.0 small-vehicle 0
6746.0 561.0 6749.0 554.0 6767.0 565.0 6764.0 572.0 small-vehicle 0
6787.0 622.0 6784.0 627.0 6768.0 618.0 6771.0 611.0 small-vehicle 0
6938.0 614.0 6943.0 622.0 6930.0 628.0 6925.0 622.0 small-vehicle 1
6902.0 537.0 6896.0 534.0 6902.0 518.0 6910.0 524.0 small-vehicle 0
6907.0 512.0 6899.0 507.0 6906.0 496.0 6913.0 500.0 small-vehicle 1
6973.0 384.0 6966.0 378.0 6976.0 366.0 6980.0 370.0 small-vehicle 0
6983.0 298.0 6976.0 291.0 6986.0 277.0 6992.0 282.0 small-vehicle 0
6912.0 24.0 6912.0 16.0 6932.0 20.0 6928.0 27.0 small-vehicle 0
6980.0 23.0 6980.0 15.0 6997.0 18.0 6996.0 26.0 small-vehicle 0
7000.0 26.0 6997.0 18.0 7018.0 19.0 7018.0 26.0 small-vehicle 0
7001.0 97.0 6999.0 104.0 6982.0 104.0 6982.0 96.0 small-vehicle 0
7098.0 85.0 7098.0 78.0 7116.0 77.0 7117.0 84.0 small-vehicle 0
7132.0 63.0 7129.0 53.0 7148.0 48.0 7150.0 58.0 small-vehicle 0
7160.0 56.0 7158.0 49.0 7171.0 44.0 7176.0 52.0 small-vehicle 1
6730.0 276.0 6721.0 279.0 6716.0 260.0 6726.0 257.0 small-vehicle 0
6702.0 224.0 6695.0 226.0 6688.0 207.0 6696.0 205.0 small-vehicle 0
6695.0 202.0 6686.0 204.0 6681.0 187.0 6688.0 186.0 small-vehicle 0
6886.0 95.0 6888.0 103.0 6870.0 104.0 6868.0 98.0 small-vehicle 0
6747.0 44.0 6746.0 38.0 6765.0 40.0 6765.0 44.0 small-vehicle 1
6625.0 80.0 6626.0 88.0 6608.0 90.0 6606.0 82.0 small-vehicle 0
6662.0 28.0 6662.0 20.0 6682.0 22.0 6682.0 30.0 small-vehicle 0
6686.0 27.0 6686.0 19.0 6706.0 22.0 6706.0 27.0 small-vehicle 0
6728.0 26.0 6726.0 19.0 6744.0 20.0 6744.0 28.0 small-vehicle 0
6837.0 41.0 6839.0 34.0 6858.0 38.0 6854.0 44.0 small-vehicle 0
6785.0 104.0 6787.0 112.0 6768.0 114.0 6768.0 105.0 small-vehicle 0
6688.0 184.0 6679.0 186.0 6675.0 168.0 6682.0 167.0 small-vehicle 0
6802.0 130.0 6796.0 134.0 6785.0 120.0 6791.0 115.0 small-vehicle 0
6734.0 96.0 6735.0 104.0 6715.0 105.0 6714.0 98.0 small-vehicle 0
6816.0 144.0 6808.0 150.0 6798.0 138.0 6804.0 132.0 small-vehicle 0
6855.0 147.0 6854.0 156.0 6836.0 156.0 6836.0 149.0 small-vehicle 0
6674.0 150.0 6668.0 150.0 6665.0 134.0 6671.0 134.0 small-vehicle 0
6684.0 166.0 6675.0 169.0 6671.0 156.0 6678.0 153.0 small-vehicle 1
7236.0 666.0 7245.0 663.0 7256.0 676.0 7252.0 681.0 small-vehicle 1
7220.0 677.0 7227.0 673.0 7238.0 686.0 7231.0 687.0 small-vehicle 1
7245.0 612.0 7253.0 612.0 7250.0 629.0 7242.0 629.0 small-vehicle 0
6943.0 703.0 6949.0 699.0 6958.0 717.0 6952.0 719.0 small-vehicle 1
5376.0 231.0 5380.0 223.0 5396.0 231.0 5393.0 238.0 small-vehicle 1
6318.0 205.0 6315.0 196.0 6330.0 191.0 6334.0 198.0 small-vehicle 1
6323.0 196.0 6316.0 191.0 6327.0 177.0 6335.0 182.0 small-vehicle 1
6957.0 23.0 6957.0 15.0 6975.0 17.0 6974.0 23.0 small-vehicle 1
7232.0 76.0 7235.0 66.0 7253.0 71.0 7250.0 79.0 small-vehicle 1
7185.0 175.0 7184.0 168.0 7201.0 168.0 7202.0 175.0 small-vehicle 1
7172.0 192.0 7171.0 185.0 7183.0 184.0 7187.0 188.0 small-vehicle 1
7172.0 200.0 7169.0 193.0 7184.0 191.0 7186.0 197.0 small-vehicle 1
7064.0 322.0 7055.0 318.0 7062.0 303.0 7071.0 305.0 small-vehicle 1
6747.0 637.0 6751.0 630.0 6770.0 645.0 6767.0 650.0 small-vehicle 1
6890.0 559.0 6882.0 554.0 6890.0 539.0 6896.0 542.0 small-vehicle 1
7012.0 1062.0 7007.0 1063.0 7000.0 1047.0 7005.0 1045.0 small-vehicle 1
7097.0 998.0 7092.0 1001.0 7085.0 984.0 7092.0 980.0 small-vehicle 1
7028.0 1231.0 7022.0 1231.0 7020.0 1212.0 7027.0 1211.0 small-vehicle 1
7103.0 1234.0 7109.0 1231.0 7114.0 1249.0 7110.0 1251.0 small-vehicle 1
5695.0 532.0 5685.0 533.0 5679.0 504.0 5688.0 502.0 ship 0
5657.0 252.0 5666.0 253.0 5667.0 273.0 5659.0 273.0 ship 0
5658.0 160.0 5669.0 161.0 5667.0 187.0 5657.0 187.0 ship 0
4756.0 561.0 4760.0 552.0 4776.0 565.0 4772.0 571.0 small-vehicle 1
3865.0 889.0 3867.0 883.0 3883.0 895.0 3881.0 901.0 small-vehicle 1
4369.0 278.0 4372.0 273.0 4389.0 281.0 4386.0 287.0 small-vehicle 1
555.0 90.0 550.0 95.0 537.0 87.0 539.0 81.0 small-vehicle 1
4360.0 290.0 4364.0 283.0 4381.0 295.0 4376.0 301.0 small-vehicle 1
4539.0 466.0 4543.0 460.0 4558.0 470.0 4554.0 477.0 small-vehicle 1
4753.0 555.0 4750.0 562.0 4735.0 556.0 4738.0 549.0 small-vehicle 1
4988.0 241.0 4985.0 246.0 4968.0 237.0 4971.0 231.0 small-vehicle 1
5163.0 636.0 5170.0 638.0 5161.0 655.0 5156.0 652.0 small-vehicle 1
5100.0 298.0 5097.0 305.0 5080.0 297.0 5083.0 291.0 small-vehicle 1
5235.0 373.0 5241.0 375.0 5234.0 390.0 5228.0 387.0 small-vehicle 1
5242.0 375.0 5249.0 378.0 5241.0 395.0 5234.0 392.0 small-vehicle 1
5249.0 379.0 5257.0 383.0 5248.0 397.0 5241.0 395.0 small-vehicle 1
5146.0 626.0 5142.0 630.0 5126.0 621.0 5128.0 616.0 small-vehicle 1
5156.0 632.0 5150.0 630.0 5156.0 615.0 5163.0 618.0 small-vehicle 1
7125.0 1299.0 7133.0 1297.0 7141.0 1314.0 7134.0 1317.0 small-vehicle 1
6960.0 919.0 6953.0 923.0 6944.0 904.0 6950.0 900.0 small-vehicle 0
3837.0 936.0 3842.0 928.0 3858.0 939.0 3854.0 946.0 small-vehicle 1
6966.0 938.0 6960.0 938.0 6956.0 923.0 6961.0 921.0 small-vehicle 0
7103.0 702.0 7094.0 702.0 7095.0 684.0 7103.0 684.0 small-vehicle 0
7129.0 658.0 7136.0 659.0 7133.0 676.0 7126.0 675.0 small-vehicle 0
7142.0 674.0 7136.0 672.0 7139.0 655.0 7145.0 654.0 small-vehicle 0
7183.0 657.0 7175.0 657.0 7175.0 639.0 7184.0 637.0 small-vehicle 0
7173.0 660.0 7166.0 661.0 7167.0 644.0 7174.0 643.0 small-vehicle 0
7163.0 665.0 7155.0 664.0 7159.0 646.0 7167.0 647.0 small-vehicle 0
7155.0 665.0 7161.0 665.0 7159.0 682.0 7152.0 683.0 small-vehicle 0
7145.0 668.0 7153.0 668.0 7149.0 688.0 7142.0 687.0 small-vehicle 0
7135.0 673.0 7142.0 674.0 7141.0 691.0 7133.0 691.0 small-vehicle 0
7132.0 693.0 7124.0 692.0 7125.0 675.0 7134.0 676.0 small-vehicle 0
7204.0 648.0 7197.0 648.0 7199.0 630.0 7206.0 630.0 small-vehicle 0
7203.0 644.0 7212.0 647.0 7207.0 667.0 7200.0 665.0 small-vehicle 0
7213.0 642.0 7220.0 643.0 7217.0 663.0 7210.0 661.0 small-vehicle 0
7225.0 620.0 7233.0 621.0 7230.0 637.0 7223.0 637.0 small-vehicle 0
7236.0 616.0 7243.0 617.0 7239.0 634.0 7232.0 633.0 small-vehicle 0
7076.0 697.0 7067.0 697.0 7069.0 680.0 7078.0 680.0 small-vehicle 0
7074.0 653.0 7080.0 649.0 7094.0 661.0 7087.0 666.0 small-vehicle 0
7094.0 646.0 7101.0 641.0 7112.0 655.0 7106.0 660.0 small-vehicle 0
7058.0 1092.0 7051.0 1096.0 7044.0 1079.0 7050.0 1074.0 small-vehicle 0
6973.0 957.0 6968.0 959.0 6961.0 942.0 6966.0 939.0 small-vehicle 0
6981.0 975.0 6976.0 978.0 6968.0 962.0 6976.0 959.0 small-vehicle 0
6991.0 993.0 6984.0 995.0 6977.0 979.0 6985.0 975.0 small-vehicle 0
6982.0 997.0 6989.0 994.0 6994.0 1009.0 6990.0 1012.0 small-vehicle 0
7001.0 1032.0 6994.0 1035.0 6988.0 1013.0 6995.0 1011.0 small-vehicle 0
7003.0 1046.0 6997.0 1048.0 6993.0 1032.0 7000.0 1030.0 small-vehicle 0
7087.0 440.0 7083.0 434.0 7099.0 428.0 7102.0 435.0 small-vehicle 0
7105.0 644.0 7112.0 638.0 7124.0 650.0 7118.0 654.0 small-vehicle 0
7190.0 610.0 7194.0 605.0 7209.0 613.0 7205.0 618.0 small-vehicle 0
7200.0 605.0 7204.0 600.0 7219.0 611.0 7214.0 615.0 small-vehicle 0
7219.0 596.0 7224.0 591.0 7237.0 604.0 7233.0 608.0 small-vehicle 0
7230.0 594.0 7234.0 590.0 7245.0 599.0 7240.0 604.0 small-vehicle 1
7144.0 629.0 7151.0 621.0 7164.0 634.0 7158.0 638.0 small-vehicle 0
7123.0 635.0 7129.0 630.0 7141.0 642.0 7135.0 646.0 small-vehicle 0
3860.0 898.0 3864.0 892.0 3880.0 904.0 3875.0 909.0 small-vehicle 1
3595.0 447.0 3598.0 443.0 3613.0 451.0 3610.0 456.0 small-vehicle 1
7184.0 691.0 7190.0 685.0 7200.0 699.0 7195.0 703.0 small-vehicle 1
2620.0 43.0 2626.0 37.0 2637.0 48.0 2634.0 55.0 small-vehicle 1
1329.0 386.0 1326.0 380.0 1340.0 369.0 1342.0 374.0 small-vehicle 1
1364.0 382.0 1368.0 386.0 1357.0 399.0 1352.0 395.0 small-vehicle 1
1396.0 418.0 1391.0 409.0 1405.0 402.0 1409.0 409.0 small-vehicle 1
1415.0 425.0 1410.0 420.0 1423.0 411.0 1426.0 416.0 small-vehicle 1
1436.0 435.0 1432.0 431.0 1444.0 421.0 1447.0 425.0 small-vehicle 1
1446.0 439.0 1441.0 433.0 1452.0 425.0 1457.0 429.0 small-vehicle 1
1455.0 445.0 1452.0 439.0 1462.0 431.0 1466.0 434.0 small-vehicle 1
1465.0 449.0 1460.0 443.0 1473.0 433.0 1477.0 437.0 small-vehicle 1
1474.0 452.0 1468.0 448.0 1480.0 438.0 1485.0 442.0 small-vehicle 1
1375.0 407.0 1370.0 401.0 1380.0 388.0 1385.0 393.0 small-vehicle 1
2199.0 69.0 2207.0 73.0 2200.0 89.0 2192.0 85.0 small-vehicle 1
2190.0 87.0 2198.0 89.0 2191.0 105.0 2185.0 103.0 small-vehicle 1
2603.0 75.0 2607.0 69.0 2619.0 81.0 2613.0 85.0 small-vehicle 1
2610.0 68.0 2614.0 65.0 2626.0 76.0 2621.0 80.0 small-vehicle 1
2612.0 60.0 2616.0 55.0 2628.0 65.0 2624.0 71.0 small-vehicle 1
1319.0 378.0 1315.0 373.0 1327.0 362.0 1331.0 367.0 small-vehicle 1
1378.0 337.0 1386.0 342.0 1377.0 357.0 1371.0 354.0 small-vehicle 1
1579.0 420.0 1571.0 416.0 1580.0 397.0 1589.0 402.0 small-vehicle 1
1807.0 169.0 1814.0 171.0 1806.0 186.0 1800.0 184.0 small-vehicle 1
7174.0 692.0 7184.0 689.0 7192.0 703.0 7184.0 705.0 small-vehicle 1
1861.0 27.0 1868.0 30.0 1861.0 44.0 1854.0 42.0 small-vehicle 1
1625.0 204.0 1633.0 208.0 1626.0 222.0 1618.0 219.0 small-vehicle 1
1785.0 86.0 1787.0 94.0 1774.0 99.0 1770.0 92.0 small-vehicle 1
1810.0 102.0 1815.0 99.0 1822.0 114.0 1817.0 118.0 small-vehicle 1
1828.0 156.0 1835.0 160.0 1825.0 176.0 1819.0 171.0 small-vehicle 1
1829.0 361.0 1821.0 357.0 1828.0 342.0 1835.0 345.0 small-vehicle 1
1590.0 399.0 1582.0 396.0 1590.0 381.0 1598.0 386.0 small-vehicle 1
1733.0 336.0 1740.0 338.0 1732.0 352.0 1725.0 350.0 small-vehicle 1
1620.0 319.0 1628.0 322.0 1619.0 339.0 1613.0 336.0 small-vehicle 1
1711.0 378.0 1719.0 383.0 1712.0 397.0 1705.0 394.0 small-vehicle 1
1703.0 396.0 1710.0 399.0 1704.0 413.0 1697.0 411.0 small-vehicle 1
1611.0 361.0 1601.0 357.0 1609.0 340.0 1618.0 343.0 small-vehicle 1
1599.0 381.0 1591.0 378.0 1599.0 362.0 1606.0 366.0 small-vehicle 1
2619.0 50.0 2626.0 46.0 2633.0 62.0 2627.0 66.0 small-vehicle 1
2627.0 27.0 2633.0 21.0 2646.0 31.0 2642.0 37.0 small-vehicle 1
4253.0 221.0 4260.0 217.0 4270.0 232.0 4265.0 235.0 small-vehicle 1
2626.0 36.0 2631.0 30.0 2643.0 41.0 2638.0 46.0 small-vehicle 1
3266.0 513.0 3271.0 519.0 3257.0 531.0 3251.0 526.0 small-vehicle 1
3296.0 293.0 3292.0 300.0 3278.0 292.0 3283.0 285.0 small-vehicle 1
3209.0 185.0 3215.0 189.0 3207.0 205.0 3200.0 202.0 small-vehicle 1
3533.0 234.0 3541.0 236.0 3531.0 254.0 3524.0 251.0 small-vehicle 1
3296.0 650.0 3291.0 647.0 3298.0 631.0 3305.0 633.0 small-vehicle 1
3283.0 662.0 3286.0 654.0 3298.0 663.0 3295.0 669.0 small-vehicle 1
3279.0 672.0 3282.0 664.0 3299.0 673.0 3296.0 679.0 small-vehicle 1
3765.0 35.0 3768.0 29.0 3785.0 39.0 3781.0 46.0 small-vehicle 1
3472.0 331.0 3465.0 328.0 3473.0 314.0 3477.0 318.0 small-vehicle 1
3829.0 100.0 3833.0 93.0 3849.0 104.0 3845.0 110.0 small-vehicle 1
3879.0 137.0 3875.0 143.0 3859.0 134.0 3864.0 127.0 small-vehicle 1
4222.0 154.0 4224.0 149.0 4244.0 157.0 4242.0 163.0 small-vehicle 1
4225.0 168.0 4228.0 160.0 4244.0 170.0 4241.0 175.0 small-vehicle 1
4261.0 204.0 4265.0 200.0 4277.0 212.0 4272.0 217.0 small-vehicle 1
4259.0 210.0 4264.0 206.0 4270.0 220.0 4266.0 223.0 small-vehicle 1
3255.0 509.0 3262.0 514.0 3245.0 527.0 3240.0 521.0 small-vehicle 1
3175.0 475.0 3180.0 482.0 3165.0 492.0 3161.0 486.0 small-vehicle 1
3169.0 471.0 3171.0 477.0 3152.0 484.0 3150.0 477.0 small-vehicle 1
2976.0 39.0 2980.0 32.0 2992.0 38.0 2987.0 47.0 small-vehicle 1
2592.0 98.0 2597.0 95.0 2606.0 109.0 2602.0 114.0 small-vehicle 1
2549.0 183.0 2557.0 187.0 2550.0 204.0 2542.0 201.0 small-vehicle 1
2501.0 205.0 2508.0 208.0 2498.0 228.0 2492.0 226.0 small-vehicle 1
2523.0 169.0 2530.0 172.0 2520.0 192.0 2514.0 189.0 small-vehicle 1
2928.0 15.0 2931.0 8.0 2947.0 18.0 2943.0 25.0 small-vehicle 1
2969.0 48.0 2974.0 40.0 2988.0 49.0 2983.0 54.0 small-vehicle 1
3231.0 191.0 3237.0 195.0 3228.0 214.0 3222.0 212.0 small-vehicle 1
3148.0 461.0 3151.0 468.0 3138.0 477.0 3134.0 473.0 small-vehicle 1
3250.0 147.0 3258.0 149.0 3248.0 170.0 3240.0 166.0 small-vehicle 1
3191.0 267.0 3199.0 270.0 3191.0 284.0 3184.0 283.0 small-vehicle 1
3158.0 294.0 3165.0 296.0 3156.0 314.0 3149.0 310.0 small-vehicle 1
2884.0 257.0 2881.0 263.0 2865.0 256.0 2868.0 249.0 small-vehicle 1
3132.0 382.0 3142.0 385.0 3135.0 402.0 3127.0 399.0 small-vehicle 1
3105.0 411.0 3115.0 413.0 3106.0 433.0 3098.0 430.0 small-vehicle 1
5484.0 1388.0 5537.0 1428.0 5325.0 1833.0 5272.0 1786.0 ship 0
