imagesource:GoogleEarth
gsd:0.230030022602
2322.0 1858.0 2123.0 1862.0 2134.0 2060.0 2340.0 2046.0 plane 0
2326.0 2078.0 2114.0 2085.0 2118.0 2266.0 2341.0 2254.0 plane 0
2334.0 2285.0 2073.0 2290.0 2076.0 2490.0 2349.0 2477.0 plane 0
2414.0 2581.0 2062.0 2569.0 2045.0 2892.0 2421.0 2913.0 plane 0
2271.0 1641.0 2288.0 1812.0 2091.0 1831.0 2082.0 1652.0 plane 0
2258.0 1441.0 2261.0 1584.0 2104.0 1597.0 2092.0 1458.0 plane 0
2234.0 1221.0 2241.0 1393.0 2091.0 1409.0 2074.0 1231.0 plane 0
2172.0 768.0 2194.0 978.0 1973.0 996.0 1958.0 788.0 plane 0
1016.0 2257.0 1157.0 2408.0 1278.0 2295.0 1139.0 2153.0 plane 0
1086.0 1603.0 969.0 1737.0 804.0 1600.0 939.0 1460.0 plane 0
1286.0 1552.0 1168.0 1678.0 1017.0 1515.0 1143.0 1411.0 plane 0
1377.0 1392.0 1245.0 1507.0 1114.0 1365.0 1239.0 1257.0 plane 0
1450.0 1930.0 1580.0 2072.0 1658.0 1988.0 1534.0 1866.0 plane 0
492.0 2426.0 400.0 2282.0 592.0 2174.0 658.0 2334.0 plane 0
1336.0 570.0 1146.0 518.0 1096.0 692.0 1282.0 758.0 plane 0
