imagesource:GoogleEarth
gsd:0.282741578521
2301.0 399.0 2309.0 407.0 2294.0 425.0 2284.0 420.0 ship 0
1248.0 1102.0 1235.0 1107.0 1226.0 1077.0 1239.0 1071.0 ship 0
1515.0 914.0 1514.0 907.0 1542.0 900.0 1543.0 908.0 ship 0
1510.0 909.0 1507.0 903.0 1535.0 889.0 1539.0 897.0 ship 0
1391.0 999.0 1393.0 1012.0 1348.0 1022.0 1345.0 1009.0 ship 0
1190.0 1127.0 1182.0 1131.0 1170.0 1101.0 1179.0 1097.0 ship 0
1208.0 1131.0 1194.0 1133.0 1186.0 1103.0 1200.0 1100.0 ship 0
1217.0 1118.0 1208.0 1120.0 1200.0 1097.0 1208.0 1094.0 ship 0
1231.0 1109.0 1224.0 1112.0 1216.0 1088.0 1225.0 1087.0 ship 0
1260.0 1098.0 1251.0 1100.0 1241.0 1074.0 1250.0 1070.0 ship 0
1031.0 808.0 1028.0 800.0 1063.0 789.0 1065.0 798.0 ship 0
1268.0 1092.0 1263.0 1096.0 1249.0 1074.0 1254.0 1070.0 ship 0
1274.0 1089.0 1267.0 1094.0 1255.0 1067.0 1265.0 1064.0 ship 0
1283.0 1087.0 1275.0 1090.0 1265.0 1066.0 1274.0 1062.0 ship 0
1293.0 1084.0 1286.0 1086.0 1273.0 1062.0 1282.0 1058.0 ship 0
1300.0 1080.0 1294.0 1083.0 1282.0 1060.0 1290.0 1056.0 ship 0
1312.0 1077.0 1303.0 1077.0 1296.0 1048.0 1305.0 1046.0 ship 0
1323.0 1069.0 1313.0 1073.0 1302.0 1037.0 1316.0 1034.0 ship 0
1511.0 929.0 1508.0 921.0 1540.0 907.0 1544.0 914.0 ship 0
1518.0 936.0 1513.0 929.0 1544.0 911.0 1547.0 918.0 ship 0
1521.0 941.0 1517.0 936.0 1546.0 920.0 1550.0 925.0 ship 0
1525.0 947.0 1522.0 942.0 1550.0 929.0 1552.0 936.0 ship 0
1681.0 279.0 1689.0 276.0 1701.0 303.0 1694.0 305.0 ship 0
1671.0 279.0 1679.0 275.0 1693.0 306.0 1685.0 309.0 ship 0
1665.0 287.0 1673.0 284.0 1686.0 318.0 1677.0 319.0 ship 0
1652.0 286.0 1661.0 280.0 1672.0 307.0 1665.0 310.0 ship 0
1635.0 293.0 1641.0 291.0 1657.0 321.0 1651.0 327.0 ship 0
1628.0 300.0 1634.0 296.0 1649.0 323.0 1643.0 326.0 ship 0
1620.0 302.0 1628.0 299.0 1644.0 332.0 1638.0 334.0 ship 0
1612.0 309.0 1617.0 305.0 1634.0 331.0 1629.0 335.0 ship 0
1604.0 315.0 1610.0 310.0 1626.0 332.0 1621.0 338.0 ship 0
1600.0 321.0 1605.0 318.0 1622.0 341.0 1617.0 346.0 ship 0
1590.0 323.0 1599.0 317.0 1621.0 357.0 1612.0 360.0 ship 0
2285.0 267.0 2277.0 255.0 2323.0 231.0 2331.0 245.0 ship 0
1540.0 977.0 1532.0 973.0 1560.0 950.0 1566.0 959.0 ship 0
1531.0 967.0 1526.0 960.0 1559.0 942.0 1563.0 950.0 ship 0
1524.0 957.0 1519.0 948.0 1553.0 937.0 1554.0 944.0 ship 0
1037.0 817.0 1032.0 808.0 1059.0 800.0 1061.0 809.0 ship 0
1029.0 794.0 1026.0 782.0 1051.0 778.0 1054.0 787.0 ship 0
1696.0 270.0 1702.0 266.0 1720.0 298.0 1714.0 301.0 ship 0
1196.0 1010.0 1208.0 1033.0 1150.0 1061.0 1137.0 1040.0 harbor 0
1299.0 535.0 1292.0 521.0 1349.0 496.0 1357.0 511.0 ship 0
1338.0 433.0 1342.0 420.0 1397.0 436.0 1394.0 450.0 ship 0
1547.0 334.0 1554.0 350.0 1492.0 385.0 1482.0 367.0 ship 0
1404.0 416.0 1396.0 401.0 1453.0 378.0 1460.0 396.0 ship 0
1164.0 595.0 1159.0 581.0 1217.0 560.0 1222.0 573.0 ship 0
1403.0 1024.0 1405.0 1040.0 1347.0 1058.0 1343.0 1043.0 ship 0
1400.0 1010.0 1403.0 1025.0 1340.0 1042.0 1336.0 1026.0 ship 0
1525.0 861.0 1531.0 879.0 1459.0 907.0 1452.0 887.0 ship 0
1021.0 774.0 1017.0 765.0 1050.0 751.0 1055.0 759.0 ship 0
1517.0 844.0 1523.0 861.0 1446.0 889.0 1439.0 869.0 ship 0
1517.0 772.0 1525.0 789.0 1463.0 816.0 1456.0 796.0 ship 0
1056.0 843.0 1053.0 833.0 1088.0 821.0 1091.0 830.0 ship 0
1050.0 831.0 1047.0 820.0 1085.0 810.0 1088.0 820.0 ship 0
1148.0 586.0 1154.0 601.0 1102.0 628.0 1094.0 614.0 ship 0
996.0 727.0 993.0 715.0 1039.0 698.0 1043.0 712.0 ship 0
1006.0 751.0 1001.0 737.0 1049.0 718.0 1055.0 732.0 ship 0
1278.0 526.0 1284.0 536.0 1234.0 566.0 1227.0 552.0 ship 0
1288.0 531.0 1296.0 546.0 1249.0 577.0 1241.0 564.0 ship 0
1294.0 547.0 1302.0 559.0 1261.0 587.0 1252.0 576.0 ship 0
1859.0 205.0 1853.0 191.0 1911.0 167.0 1916.0 182.0 ship 0
1018.0 763.0 1015.0 755.0 1053.0 743.0 1055.0 752.0 ship 0
1000.0 714.0 995.0 707.0 1027.0 693.0 1029.0 702.0 ship 0
995.0 705.0 991.0 697.0 1012.0 689.0 1016.0 698.0 ship 0
993.0 697.0 992.0 690.0 1011.0 684.0 1013.0 689.0 ship 0
986.0 692.0 982.0 682.0 1014.0 672.0 1018.0 681.0 ship 0
1082.0 617.0 1086.0 626.0 1050.0 644.0 1045.0 634.0 ship 0
964.0 595.0 960.0 584.0 992.0 571.0 996.0 581.0 ship 0
482.0 1225.0 527.0 1241.0 436.0 1480.0 400.0 1459.0 harbor 0
532.0 1078.0 489.0 1098.0 384.0 853.0 427.0 830.0 harbor 0
2077.0 96.0 2090.0 91.0 2106.0 127.0 2094.0 134.0 ship 0
2064.0 101.0 2075.0 94.0 2095.0 141.0 2083.0 147.0 ship 0
2128.0 70.0 2143.0 65.0 2170.0 134.0 2154.0 141.0 ship 0
2142.0 61.0 2156.0 54.0 2186.0 126.0 2171.0 134.0 ship 0
2202.0 189.0 2221.0 181.0 2247.0 250.0 2228.0 259.0 ship 0
1868.0 217.0 1862.0 203.0 1920.0 182.0 1926.0 197.0 ship 0
1688.0 275.0 1695.0 270.0 1713.0 299.0 1708.0 304.0 ship 0
1701.0 264.0 1706.0 261.0 1721.0 287.0 1716.0 290.0 ship 0
2310.0 414.0 2318.0 425.0 2295.0 440.0 2289.0 435.0 ship 0
2017.0 595.0 2009.0 595.0 1997.0 570.0 2006.0 565.0 ship 0
2107.0 554.0 2100.0 556.0 2088.0 534.0 2097.0 529.0 ship 0
2092.0 555.0 2085.0 557.0 2075.0 543.0 2083.0 538.0 ship 0
2080.0 560.0 2071.0 565.0 2059.0 542.0 2068.0 537.0 ship 0
2059.0 572.0 2054.0 575.0 2042.0 552.0 2050.0 547.0 ship 0
2050.0 575.0 2041.0 578.0 2033.0 555.0 2038.0 549.0 ship 0
2042.0 582.0 2033.0 587.0 2021.0 561.0 2031.0 556.0 ship 0
2027.0 585.0 2017.0 589.0 2010.0 565.0 2020.0 562.0 ship 0
2007.0 597.0 2000.0 599.0 1987.0 573.0 1997.0 569.0 ship 0
1857.0 609.0 1852.0 615.0 1836.0 591.0 1840.0 585.0 ship 0
1997.0 603.0 1990.0 607.0 1981.0 581.0 1989.0 579.0 ship 0
1991.0 609.0 1983.0 610.0 1970.0 583.0 1979.0 578.0 ship 0
1983.0 610.0 1975.0 613.0 1964.0 588.0 1970.0 585.0 ship 0
1944.0 606.0 1934.0 609.0 1921.0 589.0 1927.0 585.0 ship 0
1947.0 601.0 1940.0 604.0 1928.0 582.0 1934.0 579.0 ship 0
1835.0 624.0 1828.0 627.0 1814.0 601.0 1819.0 595.0 ship 0
1842.0 622.0 1836.0 625.0 1819.0 602.0 1824.0 600.0 ship 0
2119.0 545.0 2108.0 552.0 2098.0 528.0 2107.0 522.0 ship 0
2126.0 539.0 2121.0 545.0 2109.0 524.0 2117.0 518.0 ship 0
2137.0 532.0 2129.0 537.0 2117.0 519.0 2124.0 514.0 ship 0
2146.0 530.0 2138.0 531.0 2127.0 515.0 2132.0 511.0 ship 0
2317.0 431.0 2324.0 442.0 2305.0 453.0 2297.0 443.0 ship 0
2324.0 445.0 2329.0 453.0 2307.0 468.0 2303.0 456.0 ship 0
2330.0 457.0 2333.0 465.0 2307.0 484.0 2300.0 478.0 ship 0
2339.0 470.0 2343.0 477.0 2318.0 486.0 2314.0 484.0 ship 0
2286.0 484.0 2277.0 484.0 2264.0 465.0 2271.0 459.0 ship 0
2275.0 484.0 2268.0 491.0 2250.0 472.0 2258.0 465.0 ship 0
2264.0 488.0 2258.0 492.0 2235.0 472.0 2244.0 466.0 ship 0
2252.0 491.0 2247.0 496.0 2227.0 476.0 2235.0 471.0 ship 0
2241.0 492.0 2233.0 499.0 2209.0 480.0 2221.0 473.0 ship 0
2229.0 502.0 2220.0 509.0 2204.0 486.0 2212.0 480.0 ship 0
2214.0 502.0 2208.0 511.0 2190.0 493.0 2200.0 484.0 ship 0
2200.0 509.0 2194.0 511.0 2176.0 496.0 2186.0 490.0 ship 0
2188.0 517.0 2182.0 520.0 2164.0 498.0 2174.0 492.0 ship 0
2177.0 522.0 2168.0 525.0 2154.0 499.0 2161.0 496.0 ship 0
2157.0 525.0 2147.0 530.0 2134.0 512.0 2143.0 508.0 ship 0
1849.0 617.0 1842.0 619.0 1827.0 598.0 1834.0 592.0 ship 0
1864.0 608.0 1857.0 610.0 1847.0 589.0 1853.0 585.0 ship 0
1714.0 262.0 1721.0 260.0 1733.0 291.0 1725.0 292.0 ship 0
1787.0 226.0 1792.0 220.0 1812.0 243.0 1808.0 247.0 ship 0
2023.0 115.0 2039.0 111.0 2048.0 161.0 2034.0 164.0 ship 0
2037.0 114.0 2050.0 110.0 2067.0 163.0 2053.0 168.0 ship 0
1833.0 200.0 1841.0 195.0 1857.0 226.0 1848.0 228.0 ship 0
1825.0 205.0 1832.0 201.0 1846.0 228.0 1839.0 232.0 ship 0
1814.0 210.0 1823.0 206.0 1840.0 234.0 1831.0 238.0 ship 0
1805.0 220.0 1810.0 215.0 1830.0 242.0 1824.0 245.0 ship 0
1793.0 220.0 1800.0 216.0 1819.0 236.0 1813.0 243.0 ship 0
1787.0 236.0 1793.0 232.0 1813.0 254.0 1808.0 259.0 ship 0
1873.0 602.0 1866.0 606.0 1849.0 579.0 1856.0 574.0 ship 0
1772.0 233.0 1779.0 232.0 1793.0 264.0 1784.0 267.0 ship 0
1764.0 239.0 1771.0 236.0 1784.0 268.0 1778.0 268.0 ship 0
1756.0 242.0 1763.0 239.0 1777.0 271.0 1770.0 274.0 ship 0
1742.0 246.0 1749.0 241.0 1764.0 270.0 1757.0 274.0 ship 0
1734.0 250.0 1740.0 247.0 1750.0 276.0 1742.0 276.0 ship 0
1725.0 253.0 1735.0 249.0 1744.0 279.0 1736.0 279.0 ship 0
1719.0 257.0 1726.0 255.0 1737.0 285.0 1731.0 288.0 ship 0
1574.0 321.0 1589.0 316.0 1611.0 361.0 1597.0 366.0 ship 0
2094.0 68.0 2105.0 59.0 2124.0 85.0 2114.0 91.0 ship 0
2104.0 57.0 2113.0 50.0 2134.0 73.0 2124.0 80.0 ship 0
2077.0 70.0 2084.0 67.0 2099.0 93.0 2093.0 97.0 ship 0
1883.0 599.0 1876.0 599.0 1870.0 575.0 1874.0 572.0 ship 0
1890.0 596.0 1884.0 596.0 1880.0 575.0 1887.0 575.0 ship 0
1899.0 589.0 1894.0 590.0 1884.0 562.0 1890.0 559.0 ship 0
1910.0 582.0 1900.0 588.0 1893.0 560.0 1902.0 557.0 ship 0
1917.0 583.0 1910.0 584.0 1904.0 559.0 1911.0 557.0 ship 0
1929.0 584.0 1919.0 584.0 1917.0 549.0 1924.0 549.0 ship 0
1828.0 629.0 1819.0 634.0 1807.0 615.0 1817.0 609.0 ship 0
2281.0 417.0 2275.0 407.0 2305.0 390.0 2310.0 400.0 ship 0
2271.0 409.0 2265.0 400.0 2297.0 382.0 2300.0 389.0 ship 0
2292.0 370.0 2298.0 380.0 2269.0 396.0 2264.0 386.0 ship 0
2277.0 340.0 2281.0 350.0 2243.0 367.0 2236.0 356.0 ship 0
2288.0 360.0 2294.0 371.0 2259.0 390.0 2251.0 380.0 ship 0
2285.0 348.0 2288.0 358.0 2257.0 377.0 2252.0 367.0 ship 0
2117.0 81.0 2130.0 80.0 2154.0 134.0 2138.0 142.0 ship 0
2087.0 70.0 2094.0 64.0 2107.0 90.0 2100.0 94.0 ship 0
984.0 676.0 978.0 661.0 1032.0 640.0 1037.0 653.0 ship 0
