imagesource:GoogleEarth
gsd:0.112302749956
1200.0 357.0 1209.0 371.0 1171.0 393.0 1163.0 378.0 small-vehicle 0
632.0 572.0 645.0 560.0 677.0 586.0 663.0 602.0 small-vehicle 0
910.0 956.0 929.0 994.0 949.0 984.0 930.0 946.0 small-vehicle 0
984.0 948.0 1005.0 984.0 1019.0 974.0 997.0 940.0 small-vehicle 0
1201.0 764.0 1288.0 875.0 1306.0 859.0 1224.0 748.0 large-vehicle 0
1254.0 769.0 1281.0 805.0 1297.0 791.0 1270.0 758.0 small-vehicle 0
221.0 781.0 302.0 913.0 332.0 897.0 251.0 766.0 large-vehicle 0
231.0 634.0 254.0 622.0 272.0 660.0 249.0 674.0 small-vehicle 0
1006.0 460.0 981.0 474.0 916.0 351.0 945.0 337.0 large-vehicle 0
1121.0 489.0 1111.0 471.0 1145.0 455.0 1155.0 471.0 small-vehicle 0
1034.0 442.0 1008.0 457.0 938.0 325.0 960.0 311.0 large-vehicle 0
1041.0 383.0 1013.0 396.0 971.0 311.0 999.0 297.0 large-vehicle 0
1063.0 360.0 1037.0 373.0 1000.0 296.0 1031.0 285.0 large-vehicle 0
1139.0 319.0 1115.0 330.0 1074.0 260.0 1098.0 245.0 large-vehicle 0
1159.0 296.0 1131.0 306.0 1096.0 233.0 1124.0 219.0 large-vehicle 0
1382.0 741.0 1398.0 764.0 1460.0 721.0 1445.0 700.0 large-vehicle 0
890.0 981.0 915.0 1024.0 935.0 1012.0 907.0 970.0 small-vehicle 0
845.0 984.0 926.0 1106.0 948.0 1090.0 871.0 967.0 large-vehicle 0
794.0 1028.0 816.0 1067.0 836.0 1057.0 813.0 1017.0 small-vehicle 0
699.0 1088.0 709.0 1106.0 678.0 1124.0 667.0 1109.0 small-vehicle 0
681.0 1038.0 696.0 1063.0 633.0 1101.0 617.0 1081.0 large-vehicle 0
231.0 429.0 239.0 445.0 198.0 468.0 187.0 454.0 small-vehicle 0
1165.0 702.0 1179.0 723.0 1244.0 684.0 1233.0 664.0 large-vehicle 0
823.0 532.0 802.0 542.0 746.0 448.0 768.0 434.0 large-vehicle 0
736.0 764.0 747.0 782.0 655.0 839.0 643.0 821.0 large-vehicle 0
720.0 741.0 730.0 758.0 639.0 814.0 628.0 798.0 large-vehicle 0
1176.0 780.0 1194.0 767.0 1274.0 871.0 1259.0 884.0 large-vehicle 0
1069.0 849.0 1085.0 836.0 1164.0 946.0 1147.0 959.0 large-vehicle 0
997.0 920.0 1013.0 906.0 1074.0 997.0 1054.0 1008.0 large-vehicle 0
932.0 932.0 949.0 919.0 1022.0 1034.0 1002.0 1045.0 large-vehicle 0
688.0 913.0 703.0 931.0 819.0 856.0 806.0 842.0 large-vehicle 0
1213.0 259.0 1190.0 269.0 1159.0 200.0 1182.0 192.0 large-vehicle 0
754.0 588.0 735.0 598.0 660.0 492.0 681.0 476.0 large-vehicle 0
964.0 188.0 974.0 218.0 904.0 246.0 892.0 217.0 large-vehicle 0
482.0 355.0 514.0 351.0 538.0 505.0 508.0 509.0 large-vehicle 0
580.0 302.0 607.0 450.0 636.0 444.0 613.0 299.0 large-vehicle 0
385.0 876.0 384.0 896.0 344.0 894.0 344.0 875.0 small-vehicle 0
799.0 548.0 784.0 560.0 759.0 527.0 774.0 517.0 small-vehicle 0
874.0 512.0 855.0 520.0 838.0 483.0 856.0 477.0 small-vehicle 0
967.0 471.0 948.0 479.0 933.0 440.0 951.0 434.0 small-vehicle 0
1338.0 746.0 1329.0 731.0 1362.0 714.0 1371.0 728.0 small-vehicle 0
703.0 1087.0 693.0 1073.0 723.0 1058.0 731.0 1071.0 small-vehicle 0
659.0 1115.0 668.0 1130.0 635.0 1149.0 623.0 1134.0 small-vehicle 0
624.0 1136.0 634.0 1152.0 600.0 1171.0 590.0 1156.0 small-vehicle 0
398.0 1145.0 378.0 1156.0 353.0 1117.0 373.0 1104.0 small-vehicle 0
356.0 1074.0 339.0 1086.0 318.0 1057.0 337.0 1045.0 small-vehicle 0
494.0 1041.0 496.0 1061.0 459.0 1063.0 457.0 1044.0 small-vehicle 0
456.0 989.0 455.0 1006.0 408.0 1006.0 409.0 988.0 small-vehicle 0
440.0 960.0 439.0 982.0 396.0 979.0 396.0 958.0 small-vehicle 0
425.0 933.0 423.0 954.0 382.0 950.0 382.0 930.0 small-vehicle 0
415.0 905.0 414.0 925.0 368.0 923.0 368.0 902.0 small-vehicle 0
366.0 850.0 365.0 868.0 327.0 865.0 328.0 848.0 small-vehicle 0
1237.0 312.0 1251.0 344.0 1332.0 312.0 1316.0 278.0 large-vehicle 0
347.0 824.0 346.0 839.0 312.0 836.0 313.0 820.0 small-vehicle 0
347.0 800.0 345.0 816.0 301.0 811.0 302.0 795.0 small-vehicle 0
661.0 739.0 674.0 762.0 630.0 789.0 617.0 769.0 large-vehicle 0
631.0 718.0 646.0 741.0 604.0 773.0 588.0 749.0 large-vehicle 0
614.0 692.0 628.0 716.0 585.0 742.0 571.0 719.0 large-vehicle 0
595.0 668.0 611.0 692.0 569.0 717.0 553.0 693.0 large-vehicle 0
1082.0 342.0 1064.0 350.0 1046.0 309.0 1063.0 301.0 small-vehicle 0
1205.0 577.0 1217.0 598.0 1118.0 653.0 1106.0 631.0 large-vehicle 0
1196.0 550.0 1206.0 574.0 1146.0 602.0 1133.0 581.0 large-vehicle 0
1178.0 516.0 1189.0 538.0 1149.0 559.0 1138.0 537.0 large-vehicle 0
1302.0 701.0 1291.0 682.0 1347.0 649.0 1360.0 670.0 large-vehicle 0
1135.0 836.0 1152.0 827.0 1176.0 864.0 1163.0 873.0 small-vehicle 0
574.0 870.0 548.0 882.0 474.0 763.0 501.0 749.0 large-vehicle 0
519.0 935.0 494.0 948.0 421.0 830.0 448.0 814.0 large-vehicle 0
418.0 385.0 443.0 381.0 468.0 545.0 441.0 545.0 large-vehicle 0
