imagesource:GoogleEarth
gsd:0.217856042578
1696.0 1661.0 1494.0 1776.0 1594.0 1968.0 1806.0 1844.0 plane 0
1758.0 1737.0 1619.0 1987.0 1826.0 2106.0 1953.0 1847.0 plane 0
580.0 970.0 267.0 950.0 260.0 1196.0 571.0 1211.0 plane 0
556.0 1222.0 252.0 1214.0 232.0 1455.0 553.0 1464.0 plane 0
627.0 684.0 375.0 681.0 357.0 935.0 606.0 948.0 plane 0
1000.0 702.0 820.0 459.0 1017.0 327.0 1190.0 537.0 plane 0
1600.0 2879.0 1739.0 2982.0 1619.0 3172.0 1470.0 3063.0 plane 0
2356.0 3407.0 2504.0 3547.0 2306.0 3763.0 2142.0 3627.0 plane 0
3020.0 4022.0 3177.0 4148.0 2978.0 4373.0 2816.0 4227.0 plane 0
3181.0 4151.0 3341.0 4301.0 3144.0 4540.0 2980.0 4380.0 plane 0
3347.0 4303.0 3501.0 4444.0 3317.0 4674.0 3153.0 4538.0 plane 0
3501.0 4446.0 3663.0 4583.0 3467.0 4804.0 3318.0 4672.0 plane 0
3765.0 4107.0 3879.0 4201.0 3757.0 4372.0 3633.0 4277.0 plane 0
3939.0 4759.0 4072.0 4880.0 3953.0 5019.0 3817.0 4904.0 plane 0
4256.0 4519.0 4394.0 4647.0 4271.0 4788.0 4136.0 4681.0 plane 0
4209.0 5007.0 4350.0 5118.0 4229.0 5264.0 4093.0 5149.0 plane 0
4352.0 5121.0 4494.0 5244.0 4378.0 5394.0 4223.0 5277.0 plane 0
4494.0 5246.0 4633.0 5363.0 4527.0 5522.0 4373.0 5400.0 plane 0
4633.0 5363.0 4786.0 5490.0 4655.0 5632.0 4515.0 5513.0 plane 0
4673.0 4487.0 4735.0 4409.0 4654.0 4331.0 4578.0 4426.0 helicopter 0
4475.0 4315.0 4401.0 4250.0 4474.0 4156.0 4552.0 4222.0 helicopter 0
2792.0 2551.0 2653.0 2454.0 2560.0 2598.0 2710.0 2699.0 plane 0
2030.0 2196.0 2130.0 2054.0 2010.0 1950.0 1909.0 2091.0 plane 0
632.0 484.0 326.0 461.0 293.0 707.0 613.0 740.0 plane 0
